year,FIPS,area_name,total,total_male,total_female,nh_white_total,nh_white_male,nh_white_female,nh_black_total,nh_black_male,nh_black_female,hispanic_total,hispanic_male,hispanic_female,nh_asian_total,nh_asian_male,nh_asian_female,nh_other_total,nh_other_male,nh_other_female
2010,000,State of Texas,25145561,12472280,12673281,11397345,5632646,5764699,2886825,1392410,1494415,9460921,4763753,4697168,948426,460855,487571,452044,222616,229428
2011,000,State of Texas,25567317,12684174,12883143,11473189,5672925,5800264,2948232,1422595,1525637,9681249,4873297,4807952,995836,484330,511506,468811,231027,237784
2012,000,State of Texas,25996739,12899463,13097276,11548679,5712731,5835948,3011317,1453567,1557750,9905223,4984546,4920677,1045297,508826,536471,486223,239793,246430
2013,000,State of Texas,26433278,13118338,13314940,11624174,5752529,5871645,3075723,1485314,1590409,10132148,5097205,5034943,1096929,534439,562490,504304,248851,255453
2014,000,State of Texas,26876481,13340241,13536240,11699326,5791913,5907413,3141271,1517572,1623699,10361956,5211270,5150686,1150777,561195,589582,523151,258291,264860
2015,000,State of Texas,27326252,13565259,13760993,11773981,5830835,5943146,3207833,1550340,1657493,10594952,5326926,5268026,1206812,589028,617784,542674,268130,274544
2016,000,State of Texas,27782761,13793529,13989232,11848133,5869436,5978697,3275849,1583850,1691999,10830665,5443891,5386774,1265272,618113,647159,562842,278239,284603
2017,000,State of Texas,28246049,14025193,14220856,11921715,5907612,6014103,3344849,1617874,1726975,11069430,5562384,5507046,1326258,648510,677748,583797,288813,294984
2018,000,State of Texas,28716213,14260052,14456161,11994710,5945389,6049321,3414806,1652363,1762443,11311352,5682415,5628937,1389935,680256,709679,605410,299629,305781
2019,000,State of Texas,29193378,14498356,14695022,12066910,5982711,6084199,3485870,1687455,1798415,11556382,5803888,5752494,1456331,713338,742993,627885,310964,316921
2020,000,State of Texas,29677772,14740086,14937686,12138523,6019552,6118971,3557892,1722980,1834912,11804659,5926996,5877663,1525629,747906,777723,651069,322652,328417
2021,000,State of Texas,30168991,14985245,15183746,12209069,6055757,6153312,3630915,1759077,1871838,12056086,6051594,6004492,1597982,784022,813960,674939,334795,340144
2022,000,State of Texas,30667469,15234001,15433468,12278379,6091330,6187049,3704755,1795559,1909196,12310931,6177891,6133040,1673548,821791,851757,699856,347430,352426
2023,000,State of Texas,31172916,15486323,15686593,12346409,6126224,6220185,3779551,1832684,1946867,12568988,6305703,6263285,1752478,861266,891212,725490,360446,365044
2024,000,State of Texas,31685217,15741614,15943603,12412906,6160254,6252652,3855122,1870113,1985009,12830248,6434980,6395268,1835095,902554,932541,751846,373713,378133
2025,000,State of Texas,32204904,16000878,16204026,12478060,6193596,6284464,3931512,1907990,2023522,13094633,6565850,6528783,1921363,945681,975682,779336,387761,391575
2026,000,State of Texas,32730788,16262943,16467845,12541296,6225901,6315395,4008568,1946282,2062286,13361810,6697918,6663892,2011618,990857,1020761,807496,401985,405511
2027,000,State of Texas,33263058,16528554,16734504,12602511,6257232,6345279,4086385,1984995,2101390,13631520,6831394,6800126,2105860,1038016,1067844,836782,416917,419865
2028,000,State of Texas,33801164,16796662,17004502,12661794,6287629,6374165,4164659,2023854,2140805,13903534,6965767,6937767,2204415,1087318,1117097,866762,432094,434668
2029,000,State of Texas,34345084,17067960,17277124,12719053,6317057,6401996,4243566,2063086,2180480,14177454,7101031,7076423,2307243,1138841,1168402,897768,447945,449823
2030,000,State of Texas,34894429,17341937,17552492,12774056,6345427,6428629,4322983,2102630,2220353,14452949,7236976,7215973,2414732,1192691,1222041,929709,464213,465496
2031,000,State of Texas,35449121,17618684,17830437,12826560,6372730,6453830,4402798,2142370,2260428,14730001,7373660,7356341,2526840,1248911,1277929,962922,481013,481909
2032,000,State of Texas,36008424,17898001,18110423,12876949,6399018,6477931,4483073,2182398,2300675,15007697,7510605,7497092,2643753,1307596,1336157,996952,498384,498568
2033,000,State of Texas,36572616,18179768,18392848,12924835,6424238,6500597,4563526,2222455,2341071,15286323,7647981,7638342,2765933,1368886,1397047,1031999,516208,515791
2034,000,State of Texas,37142136,18464499,18677637,12970508,6448464,6522044,4644454,2262896,2381558,15565745,7785626,7780119,2893151,1432777,1460374,1068278,534736,533542
2035,000,State of Texas,37716507,18751964,18964543,13013921,6471754,6542167,4725913,2303679,2422234,15845750,7923528,7922222,3025663,1499402,1526261,1105260,553601,551659
2036,000,State of Texas,38296840,19042884,19253956,13055466,6494415,6561051,4807882,2344724,2463158,16126336,8061804,8064532,3163620,1568805,1594815,1143536,573136,570400
2037,000,State of Texas,38883843,19337558,19546285,13095118,6516252,6578866,4890449,2386224,2504225,16408278,8200716,8207562,3307037,1640982,1666055,1182961,593384,589577
2038,000,State of Texas,39477277,19635674,19841603,13132728,6537334,6595394,4973549,2427971,2545578,16691287,8340165,8351122,3456171,1716054,1740117,1223542,614150,609392
2039,000,State of Texas,40078100,19937784,20140316,13168859,6557874,6610985,5057471,2470280,2587191,16975514,8479991,8495523,3611113,1794195,1816918,1265143,635444,629699
2040,000,State of Texas,40686490,20244264,20442226,13203514,6577940,6625574,5141963,2512916,2629047,17260820,8620531,8640289,3772125,1875386,1896739,1308068,657491,650577
2041,000,State of Texas,41303106,20555256,20747850,13237039,6597686,6639353,5227090,2555915,2671175,17547269,8761608,8785661,3939545,1959952,1979593,1352163,680095,672068
2042,000,State of Texas,41928852,20871063,21057789,13269834,6617192,6652642,5313003,2599341,2713662,17834947,8903374,8931573,4113436,2047700,2065736,1397632,703456,694176
2043,000,State of Texas,42564212,21192137,21372075,13301825,6636647,6665178,5399795,2643323,2756472,18124098,9045788,9078310,4294291,2139063,2155228,1444203,727316,716887
2044,000,State of Texas,43209927,21518923,21691004,13333298,6656021,6677277,5487288,2687755,2799533,18414727,9189100,9225627,4482329,2234047,2248282,1492285,752000,740285
2045,000,State of Texas,43867040,21851657,22015383,13364537,6675467,6689070,5575549,2732539,2843010,18706844,9333002,9373842,4678035,2332972,2345063,1542075,777677,764398
2046,000,State of Texas,44535688,22190408,22345280,13395867,6695058,6700809,5664673,2777818,2886855,19000182,9477559,9522623,4881681,2435884,2445797,1593285,804089,789196
2047,000,State of Texas,45217043,22536105,22680938,13427201,6714822,6712379,5754727,2823654,2931073,19295573,9623327,9672246,5093681,2543130,2550551,1645861,831172,814689
2048,000,State of Texas,45911546,22888682,23022864,13458955,6734950,6724005,5845821,2870158,2975663,19592630,9769819,9822811,5314210,2654717,2659493,1699930,859038,840892
2049,000,State of Texas,46619895,23248356,23371539,13491166,6755303,6735863,5937830,2917225,3020605,19891483,9917248,9974235,5543785,2770840,2772945,1755631,887740,867891
2050,000,State of Texas,47342417,23615366,23727051,13523839,6776052,6747787,6030795,2964748,3066047,20191750,10065322,10126428,5782908,2891812,2891096,1813125,917432,895693
2010,001,Anderson County,58458,35521,22937,35792,19716,16076,12222,8883,3339,9287,6363,2924,283,136,147,874,423,451
2011,001,Anderson County,58455,35598,22857,35617,19677,15940,12201,8892,3309,9454,6456,2998,288,139,149,895,434,461
2012,001,Anderson County,58457,35658,22799,35438,19627,15811,12184,8896,3288,9627,6548,3079,293,142,151,915,445,470
2013,001,Anderson County,58453,35740,22713,35250,19584,15666,12177,8921,3256,9793,6634,3159,298,145,153,935,456,479
2014,001,Anderson County,58428,35796,22632,35056,19525,15531,12146,8929,3217,9968,6728,3240,302,147,155,956,467,489
2015,001,Anderson County,58408,35864,22544,34852,19469,15383,12129,8947,3182,10143,6821,3322,306,149,157,978,478,500
2016,001,Anderson County,58381,35917,22464,34640,19406,15234,12120,8963,3157,10312,6907,3405,310,151,159,999,490,509
2017,001,Anderson County,58342,35961,22381,34415,19331,15084,12103,8975,3128,10487,7000,3487,315,153,162,1022,502,520
2018,001,Anderson County,58293,35999,22294,34179,19249,14930,12088,8988,3100,10658,7092,3566,320,158,162,1048,512,536
2019,001,Anderson County,58248,36038,22210,33938,19158,14780,12077,9007,3070,10836,7188,3648,324,160,164,1073,525,548
2020,001,Anderson County,58198,36071,22127,33705,19071,14634,12051,9018,3033,11018,7283,3735,328,162,166,1096,537,559
2021,001,Anderson County,58162,36099,22063,33480,18985,14495,12039,9028,3011,11192,7374,3818,331,163,168,1120,549,571
2022,001,Anderson County,58093,36106,21987,33226,18876,14350,12017,9039,2978,11369,7463,3906,333,163,170,1148,565,583
2023,001,Anderson County,58030,36126,21904,32969,18773,14196,12000,9049,2951,11548,7558,3990,336,167,169,1177,579,598
2024,001,Anderson County,57945,36127,21818,32709,18668,14041,11971,9048,2923,11725,7651,4074,340,170,170,1200,590,610
2025,001,Anderson County,57840,36120,21720,32444,18557,13887,11935,9050,2885,11898,7739,4159,342,171,171,1221,603,618
2026,001,Anderson County,57742,36116,21626,32173,18442,13731,11905,9053,2852,12072,7831,4241,347,174,173,1245,616,629
2027,001,Anderson County,57633,36109,21524,31882,18319,13563,11877,9056,2821,12252,7927,4325,349,176,173,1273,631,642
2028,001,Anderson County,57508,36081,21427,31598,18197,13401,11833,9041,2792,12429,8021,4408,353,178,175,1295,644,651
2029,001,Anderson County,57392,36065,21327,31316,18073,13243,11795,9041,2754,12602,8112,4490,355,179,176,1324,660,664
2030,001,Anderson County,57261,36046,21215,31024,17949,13075,11761,9038,2723,12769,8205,4564,362,183,179,1345,671,674
2031,001,Anderson County,57110,35998,21112,30718,17809,12909,11716,9024,2692,12936,8295,4641,368,187,181,1372,683,689
2032,001,Anderson County,56952,35966,20986,30416,17679,12737,11668,9016,2652,13103,8386,4717,372,190,182,1393,695,698
2033,001,Anderson County,56786,35919,20867,30107,17541,12566,11615,8997,2618,13277,8484,4793,376,192,184,1411,705,706
2034,001,Anderson County,56580,35843,20737,29789,17395,12394,11544,8962,2582,13433,8576,4857,379,193,186,1435,717,718
2035,001,Anderson County,56372,35781,20591,29472,17258,12214,11468,8928,2540,13600,8672,4928,379,195,184,1453,728,725
2036,001,Anderson County,56129,35682,20447,29136,17108,12028,11380,8879,2501,13764,8766,4998,381,197,184,1468,732,736
2037,001,Anderson County,55925,35613,20312,28816,16967,11849,11304,8841,2463,13935,8865,5070,382,197,185,1488,743,745
2038,001,Anderson County,55683,35515,20168,28486,16818,11668,11215,8798,2417,14094,8953,5141,385,199,186,1503,747,756
2039,001,Anderson County,55443,35418,20025,28152,16668,11484,11126,8746,2380,14257,9048,5209,386,199,187,1522,757,765
2040,001,Anderson County,55195,35320,19875,27833,16533,11300,11045,8700,2345,14393,9125,5268,385,198,187,1539,764,775
2041,001,Anderson County,54938,35213,19725,27511,16387,11124,10947,8648,2299,14550,9217,5333,386,201,185,1544,760,784
2042,001,Anderson County,54692,35112,19580,27195,16252,10943,10844,8584,2260,14699,9302,5397,388,202,186,1566,772,794
2043,001,Anderson County,54412,34982,19430,26877,16109,10768,10732,8521,2211,14845,9383,5462,387,201,186,1571,768,803
2044,001,Anderson County,54166,34881,19285,26569,15979,10590,10631,8460,2171,14992,9470,5522,389,201,188,1585,771,814
2045,001,Anderson County,53909,34756,19153,26262,15843,10419,10526,8392,2134,15134,9546,5588,390,201,189,1597,774,823
2046,001,Anderson County,53630,34625,19005,25952,15709,10243,10420,8321,2099,15265,9623,5642,391,200,191,1602,772,830
2047,001,Anderson County,53366,34491,18875,25656,15579,10077,10308,8248,2060,15399,9692,5707,395,202,193,1608,770,838
2048,001,Anderson County,53114,34383,18731,25353,15449,9904,10193,8173,2020,15539,9772,5767,397,204,193,1632,785,847
2049,001,Anderson County,52842,34247,18595,25066,15321,9745,10084,8104,1980,15670,9848,5822,397,203,194,1625,771,854
2050,001,Anderson County,52597,34125,18472,24787,15199,9588,9976,8027,1949,15800,9919,5881,398,204,194,1636,776,860
2010,003,Andrews County,14786,7368,7418,7083,3462,3621,199,101,98,7195,3655,3540,85,40,45,224,110,114
2011,003,Andrews County,15320,7660,7660,7119,3493,3626,202,102,100,7684,3912,3772,86,40,46,229,113,116
2012,003,Andrews County,15919,7982,7937,7172,3531,3641,205,104,101,8221,4190,4031,87,41,46,234,116,118
2013,003,Andrews County,16556,8331,8225,7232,3573,3659,208,105,103,8790,4494,4296,88,41,47,238,118,120
2014,003,Andrews County,17229,8703,8526,7283,3615,3668,211,107,104,9403,4818,4585,89,42,47,243,121,122
2015,003,Andrews County,17952,9102,8850,7342,3658,3684,214,108,106,10056,5169,4887,90,42,48,250,125,125
2016,003,Andrews County,18708,9519,9189,7397,3699,3698,218,110,108,10747,5540,5207,91,43,48,255,127,128
2017,003,Andrews County,19526,9964,9562,7466,3743,3723,222,112,110,11486,5937,5549,91,42,49,261,130,131
2018,003,Andrews County,20388,10441,9947,7540,3797,3743,226,114,112,12263,6354,5909,92,43,49,267,133,134
2019,003,Andrews County,21304,10948,10356,7612,3849,3763,230,116,114,13095,6803,6292,93,43,50,274,137,137
2020,003,Andrews County,22268,11485,10783,7690,3902,3788,234,119,115,13969,7279,6690,94,44,50,281,141,140
2021,003,Andrews County,23290,12055,11235,7774,3961,3813,239,121,118,14895,7783,7112,94,44,50,288,146,142
2022,003,Andrews County,24369,12662,11707,7850,4016,3834,244,124,120,15885,8327,7558,95,45,50,295,150,145
2023,003,Andrews County,25522,13308,12214,7929,4068,3861,248,127,121,16949,8916,8033,95,44,51,301,153,148
2024,003,Andrews County,26743,13985,12758,8010,4118,3892,252,129,123,18076,9536,8540,96,45,51,309,157,152
2025,003,Andrews County,28026,14696,13330,8087,4166,3921,256,132,124,19270,10194,9076,97,44,53,316,160,156
2026,003,Andrews County,29382,15443,13939,8161,4210,3951,261,135,126,20537,10889,9648,99,45,54,324,164,160
2027,003,Andrews County,30844,16247,14597,8255,4265,3990,265,138,127,21892,11632,10260,101,45,56,331,167,164
2028,003,Andrews County,32384,17092,15292,8339,4317,4022,269,141,128,23336,12420,10916,103,45,58,337,169,168
2029,003,Andrews County,34031,18008,16023,8436,4372,4064,273,143,130,24873,13274,11599,104,45,59,345,174,171
2030,003,Andrews County,35750,18956,16794,8526,4429,4097,279,146,133,26487,14156,12331,105,46,59,353,179,174
2031,003,Andrews County,37595,19972,17623,8623,4487,4136,284,149,135,28221,15106,13115,106,47,59,361,183,178
2032,003,Andrews County,39531,21046,18485,8720,4544,4176,290,152,138,30045,16114,13931,107,48,59,369,188,181
2033,003,Andrews County,41579,22166,19413,8821,4606,4215,296,155,141,31975,17163,14812,107,48,59,380,194,186
2034,003,Andrews County,43740,23359,20381,8915,4664,4251,299,156,143,34029,18292,15737,107,48,59,390,199,191
2035,003,Andrews County,46045,24626,21419,9031,4731,4300,306,160,146,36202,19485,16717,109,49,60,397,201,196
2036,003,Andrews County,48468,25974,22494,9148,4807,4341,312,164,148,38493,20749,17744,109,49,60,406,205,201
2037,003,Andrews County,51060,27406,23654,9284,4888,4396,316,167,149,40936,22092,18844,110,49,61,414,210,204
2038,003,Andrews County,53770,28900,24870,9413,4966,4447,321,170,151,43504,23502,20002,111,50,61,421,212,209
2039,003,Andrews County,56626,30472,26154,9562,5055,4507,325,173,152,46200,24978,21222,111,50,61,428,216,212
2040,003,Andrews County,59669,32139,27530,9707,5139,4568,330,176,154,49081,26552,22529,112,51,61,439,221,218
2041,003,Andrews County,62865,33898,28967,9872,5238,4634,337,179,158,52094,28203,23891,113,52,61,449,226,223
2042,003,Andrews County,66245,35741,30504,10040,5328,4712,343,182,161,55291,29948,25343,113,53,60,458,230,228
2043,003,Andrews County,69814,37683,32131,10222,5429,4793,348,185,163,58661,31781,26880,115,54,61,468,234,234
2044,003,Andrews County,73575,39731,33844,10405,5531,4874,353,187,166,62223,33721,28502,116,55,61,478,237,241
2045,003,Andrews County,77521,41886,35635,10596,5643,4953,361,191,170,65955,35752,30203,117,56,61,492,244,248
2046,003,Andrews County,81688,44156,37532,10797,5755,5042,366,193,173,69901,37899,32002,119,57,62,505,252,253
2047,003,Andrews County,86081,46548,39533,11011,5882,5129,371,196,175,74063,40156,33907,120,57,63,516,257,259
2048,003,Andrews County,90688,49056,41632,11225,6000,5225,377,200,177,78438,42536,35902,120,58,62,528,262,266
2049,003,Andrews County,95541,51680,43861,11446,6122,5324,384,203,181,83052,45030,38022,120,59,61,539,266,273
2050,003,Andrews County,100627,54428,46199,11669,6244,5425,389,208,181,87897,47645,40252,120,59,61,552,272,280
2010,005,Angelina County,86771,42515,44256,54889,26691,28198,12840,6048,6792,17145,8899,8246,744,328,416,1153,549,604
2011,005,Angelina County,87214,42754,44460,54786,26665,28121,12941,6097,6844,17538,9088,8450,756,336,420,1193,568,625
2012,005,Angelina County,87642,42981,44661,54679,26632,28047,13035,6143,6892,17933,9277,8656,769,343,426,1226,586,640
2013,005,Angelina County,88086,43196,44890,54575,26592,27983,13132,6184,6948,18325,9461,8864,788,354,434,1266,605,661
2014,005,Angelina County,88489,43398,45091,54447,26541,27906,13230,6234,6996,18701,9636,9065,800,360,440,1311,627,684
2015,005,Angelina County,88868,43599,45269,54303,26489,27814,13315,6278,7037,19088,9818,9270,813,367,446,1349,647,702
2016,005,Angelina County,89217,43768,45449,54133,26420,27713,13396,6317,7079,19467,9987,9480,831,377,454,1390,667,723
2017,005,Angelina County,89556,43942,45614,53967,26354,27613,13473,6361,7112,19840,10157,9683,841,382,459,1435,688,747
2018,005,Angelina County,89861,44098,45763,53784,26277,27507,13536,6395,7141,20211,10328,9883,855,389,466,1475,709,766
2019,005,Angelina County,90151,44246,45905,53595,26196,27399,13586,6426,7160,20582,10498,10084,866,394,472,1522,732,790
2020,005,Angelina County,90437,44384,46053,53393,26109,27284,13647,6459,7188,20955,10666,10289,875,398,477,1567,752,815
2021,005,Angelina County,90738,44541,46197,53205,26029,27176,13706,6496,7210,21325,10837,10488,884,402,482,1618,777,841
2022,005,Angelina County,91021,44692,46329,53011,25950,27061,13749,6522,7227,21695,11007,10688,898,409,489,1668,804,864
2023,005,Angelina County,91270,44817,46453,52789,25856,26933,13793,6547,7246,22063,11172,10891,905,414,491,1720,828,892
2024,005,Angelina County,91534,44957,46577,52574,25762,26812,13838,6578,7260,22435,11344,11091,915,419,496,1772,854,918
2025,005,Angelina County,91749,45075,46674,52322,25654,26668,13871,6599,7272,22816,11518,11298,922,426,496,1818,878,940
2026,005,Angelina County,91943,45185,46758,52071,25551,26520,13900,6621,7279,23189,11688,11501,926,430,496,1857,895,962
2027,005,Angelina County,92148,45311,46837,51809,25442,26367,13934,6650,7284,23566,11866,11700,930,433,497,1909,920,989
2028,005,Angelina County,92309,45400,46909,51523,25313,26210,13956,6671,7285,23942,12039,11903,935,436,499,1953,941,1012
2029,005,Angelina County,92448,45487,46961,51231,25189,26042,13977,6692,7285,24308,12203,12105,938,439,499,1994,964,1030
2030,005,Angelina County,92586,45570,47016,50925,25053,25872,14010,6721,7289,24677,12372,12305,943,443,500,2031,981,1050
2031,005,Angelina County,92666,45625,47041,50588,24901,25687,14022,6739,7283,25039,12537,12502,947,447,500,2070,1001,1069
2032,005,Angelina County,92734,45686,47048,50248,24759,25489,14028,6754,7274,25400,12699,12701,945,447,498,2113,1027,1086
2033,005,Angelina County,92766,45727,47039,49887,24606,25281,14034,6771,7263,25740,12850,12890,952,452,500,2153,1048,1105
2034,005,Angelina County,92767,45740,47027,49511,24444,25067,14028,6784,7244,26075,12990,13085,956,454,502,2197,1068,1129
2035,005,Angelina County,92754,45752,47002,49136,24288,24848,14011,6786,7225,26403,13131,13272,960,458,502,2244,1089,1155
2036,005,Angelina County,92704,45739,46965,48745,24118,24627,13995,6788,7207,26711,13261,13450,969,464,505,2284,1108,1176
2037,005,Angelina County,92642,45721,46921,48355,23955,24400,13972,6785,7187,27016,13388,13628,975,469,506,2324,1124,1200
2038,005,Angelina County,92566,45689,46877,47962,23787,24175,13949,6788,7161,27321,13506,13815,974,466,508,2360,1142,1218
2039,005,Angelina County,92457,45643,46814,47554,23610,23944,13923,6785,7138,27615,13624,13991,973,469,504,2392,1155,1237
2040,005,Angelina County,92366,45606,46760,47152,23435,23717,13893,6784,7109,27924,13747,14177,976,470,506,2421,1170,1251
2041,005,Angelina County,92230,45545,46685,46744,23258,23486,13847,6776,7071,28215,13861,14354,976,470,506,2448,1180,1268
2042,005,Angelina County,92100,45487,46613,46333,23076,23257,13811,6772,7039,28491,13969,14522,976,472,504,2489,1198,1291
2043,005,Angelina County,91977,45433,46544,45938,22906,23032,13773,6771,7002,28772,14071,14701,973,475,498,2521,1210,1311
2044,005,Angelina County,91820,45359,46461,45523,22721,22802,13724,6763,6961,29040,14177,14863,974,473,501,2559,1225,1334
2045,005,Angelina County,91640,45271,46369,45111,22541,22570,13665,6746,6919,29301,14272,15029,976,477,499,2587,1235,1352
2046,005,Angelina County,91458,45177,46281,44698,22355,22343,13599,6725,6874,29561,14370,15191,978,477,501,2622,1250,1372
2047,005,Angelina County,91281,45086,46195,44307,22184,22123,13527,6702,6825,29816,14465,15351,980,478,502,2651,1257,1394
2048,005,Angelina County,91085,44981,46104,43893,21998,21895,13463,6681,6782,30063,14551,15512,978,477,501,2688,1274,1414
2049,005,Angelina County,90866,44877,45989,43506,21831,21675,13379,6654,6725,30291,14639,15652,976,472,504,2714,1281,1433
2050,005,Angelina County,90638,44755,45883,43100,21649,21451,13294,6621,6673,30529,14723,15806,977,475,502,2738,1287,1451
2010,007,Aransas County,23158,11485,11673,16350,8034,8316,258,147,111,5690,2878,2812,443,218,225,417,208,209
2011,007,Aransas County,23568,11688,11880,16546,8120,8426,262,149,113,5890,2988,2902,446,219,227,424,212,212
2012,007,Aransas County,23981,11902,12079,16717,8200,8517,266,151,115,6118,3115,3003,449,221,228,431,215,216
2013,007,Aransas County,24407,12118,12289,16897,8282,8615,270,153,117,6347,3241,3106,454,223,231,439,219,220
2014,007,Aransas County,24851,12351,12500,17082,8370,8712,274,155,119,6590,3378,3212,458,225,233,447,223,224
2015,007,Aransas County,25302,12577,12725,17262,8446,8816,278,157,121,6845,3520,3325,462,227,235,455,227,228
2016,007,Aransas County,25763,12820,12943,17433,8526,8907,282,159,123,7120,3675,3445,467,231,236,461,229,232
2017,007,Aransas County,26228,13062,13166,17598,8598,9000,286,161,125,7404,3837,3567,470,232,238,470,234,236
2018,007,Aransas County,26700,13304,13396,17757,8663,9094,290,163,127,7700,4005,3695,472,234,238,481,239,242
2019,007,Aransas County,27198,13567,13631,17927,8737,9190,295,166,129,8008,4182,3826,477,236,241,491,246,245
2020,007,Aransas County,27699,13836,13863,18094,8815,9279,298,167,131,8331,4370,3961,480,238,242,496,246,250
2021,007,Aransas County,28232,14119,14113,18277,8896,9381,301,168,133,8666,4563,4103,483,240,243,505,252,253
2022,007,Aransas County,28756,14397,14359,18435,8963,9472,306,171,135,9014,4763,4251,485,243,242,516,257,259
2023,007,Aransas County,29270,14676,14594,18581,9032,9549,310,173,137,9370,4968,4402,485,243,242,524,260,264
2024,007,Aransas County,29800,14961,14839,18725,9095,9630,313,174,139,9741,5183,4558,486,244,242,535,265,270
2025,007,Aransas County,30329,15255,15074,18862,9157,9705,317,177,140,10122,5408,4714,484,243,241,544,270,274
2026,007,Aransas County,30896,15571,15325,19004,9218,9786,320,179,141,10530,5653,4877,486,245,241,556,276,280
2027,007,Aransas County,31449,15883,15566,19137,9280,9857,322,180,142,10938,5896,5042,489,247,242,563,280,283
2028,007,Aransas County,32021,16196,15825,19276,9345,9931,326,182,144,11356,6138,5218,493,248,245,570,283,287
2029,007,Aransas County,32565,16497,16068,19393,9394,9999,329,183,146,11783,6390,5393,489,245,244,571,285,286
2030,007,Aransas County,33118,16814,16304,19504,9443,10061,332,185,147,12220,6656,5564,487,243,244,575,287,288
2031,007,Aransas County,33686,17136,16550,19622,9499,10123,336,187,149,12660,6917,5743,488,244,244,580,289,291
2032,007,Aransas County,34225,17442,16783,19714,9536,10178,340,189,151,13103,7182,5921,486,243,243,582,292,290
2033,007,Aransas County,34776,17756,17020,19809,9582,10227,343,191,152,13555,7449,6106,483,241,242,586,293,293
2034,007,Aransas County,35353,18089,17264,19922,9634,10288,349,194,155,14015,7729,6286,481,239,242,586,293,293
2035,007,Aransas County,35894,18398,17496,19996,9671,10325,354,196,158,14475,8000,6475,483,239,244,586,292,294
2036,007,Aransas County,36452,18721,17731,20076,9706,10370,357,197,160,14949,8287,6662,483,240,243,587,291,296
2037,007,Aransas County,37026,19059,17967,20164,9755,10409,360,199,161,15427,8573,6854,481,237,244,594,295,299
2038,007,Aransas County,37621,19408,18213,20259,9799,10460,362,200,162,15920,8875,7045,482,238,244,598,296,302
2039,007,Aransas County,38213,19753,18460,20355,9850,10505,364,201,163,16414,9168,7246,481,240,241,599,294,305
2040,007,Aransas County,38832,20114,18718,20465,9904,10561,368,203,165,16915,9470,7445,479,239,240,605,298,307
2041,007,Aransas County,39441,20482,18959,20569,9958,10611,369,203,166,17416,9778,7638,474,240,234,613,303,310
2042,007,Aransas County,40105,20870,19235,20700,10033,10667,373,205,168,17938,10087,7851,474,240,234,620,305,315
2043,007,Aransas County,40774,21280,19494,20839,10109,10730,376,206,170,18465,10419,8046,469,239,230,625,307,318
2044,007,Aransas County,41474,21694,19780,21004,10193,10811,378,206,172,18996,10749,8247,461,235,226,635,311,324
2045,007,Aransas County,42207,22134,20073,21177,10287,10890,382,208,174,19548,11091,8457,459,234,225,641,314,327
2046,007,Aransas County,42955,22584,20371,21359,10389,10970,384,208,176,20110,11441,8669,453,229,224,649,317,332
2047,007,Aransas County,43750,23075,20675,21569,10502,11067,385,209,176,20692,11814,8878,448,228,220,656,322,334
2048,007,Aransas County,44542,23553,20989,21769,10613,11156,387,209,178,21276,12178,9098,445,226,219,665,327,338
2049,007,Aransas County,45361,24058,21303,21996,10739,11257,385,207,178,21870,12559,9311,438,223,215,672,330,342
2050,007,Aransas County,46198,24573,21625,22223,10867,11356,387,208,179,22472,12945,9527,434,220,214,682,333,349
2010,009,Archer County,9054,4563,4491,8182,4101,4081,34,20,14,675,372,303,18,8,10,145,62,83
2011,009,Archer County,8961,4501,4460,8071,4032,4039,35,20,15,689,378,311,18,8,10,148,63,85
2012,009,Archer County,8875,4446,4429,7963,3965,3998,36,21,15,707,387,320,18,8,10,151,65,86
2013,009,Archer County,8794,4391,4403,7857,3897,3960,37,21,16,728,399,329,18,8,10,154,66,88
2014,009,Archer County,8725,4348,4377,7763,3838,3925,38,22,16,749,412,337,18,8,10,157,68,89
2015,009,Archer County,8657,4306,4351,7665,3779,3886,39,22,17,774,427,347,18,8,10,161,70,91
2016,009,Archer County,8582,4262,4320,7559,3715,3844,40,23,17,800,444,356,18,8,10,165,72,93
2017,009,Archer County,8516,4225,4291,7459,3657,3802,42,24,18,828,462,366,18,8,10,169,74,95
2018,009,Archer County,8452,4185,4267,7363,3598,3765,44,25,19,856,480,376,18,8,10,171,74,97
2019,009,Archer County,8393,4150,4243,7270,3541,3729,46,26,20,885,499,386,18,8,10,174,76,98
2020,009,Archer County,8344,4119,4225,7186,3489,3697,48,27,21,914,517,397,18,8,10,178,78,100
2021,009,Archer County,8303,4095,4208,7107,3440,3667,50,28,22,947,539,408,18,8,10,181,80,101
2022,009,Archer County,8264,4065,4199,7029,3385,3644,52,29,23,980,561,419,18,8,10,185,82,103
2023,009,Archer County,8228,4041,4187,6954,3336,3618,54,30,24,1013,583,430,18,8,10,189,84,105
2024,009,Archer County,8185,4014,4171,6873,3285,3588,56,31,25,1045,603,442,18,8,10,193,87,106
2025,009,Archer County,8149,3992,4157,6803,3242,3561,58,32,26,1073,620,453,18,8,10,197,90,107
2026,009,Archer County,8108,3971,4137,6727,3199,3528,60,33,27,1101,638,463,18,8,10,202,93,109
2027,009,Archer County,8075,3953,4122,6660,3159,3501,62,34,28,1130,656,474,18,8,10,205,96,109
2028,009,Archer County,8024,3928,4096,6580,3117,3463,64,35,29,1152,669,483,18,8,10,210,99,111
2029,009,Archer County,7980,3905,4075,6511,3080,3431,66,36,30,1172,680,492,18,8,10,213,101,112
2030,009,Archer County,7932,3878,4054,6430,3033,3397,68,37,31,1197,696,501,18,8,10,219,104,115
2031,009,Archer County,7868,3844,4024,6337,2983,3354,70,38,32,1220,709,511,18,8,10,223,106,117
2032,009,Archer County,7805,3812,3993,6248,2936,3312,71,39,32,1241,721,520,18,8,10,227,108,119
2033,009,Archer County,7730,3775,3955,6146,2883,3263,72,39,33,1262,734,528,18,8,10,232,111,121
2034,009,Archer County,7655,3736,3919,6050,2832,3218,73,40,33,1279,742,537,18,8,10,235,114,121
2035,009,Archer County,7580,3694,3886,5954,2781,3173,74,40,34,1294,748,546,18,8,10,240,117,123
2036,009,Archer County,7493,3647,3846,5850,2727,3123,76,41,35,1305,752,553,18,8,10,244,119,125
2037,009,Archer County,7407,3604,3803,5748,2675,3073,78,42,36,1318,760,558,18,8,10,245,119,126
2038,009,Archer County,7316,3560,3756,5638,2623,3015,80,43,37,1331,765,566,18,8,10,249,121,128
2039,009,Archer County,7228,3513,3715,5527,2563,2964,82,44,38,1351,777,574,18,8,10,250,121,129
2040,009,Archer County,7134,3466,3668,5408,2500,2908,84,45,39,1373,790,583,17,8,9,252,123,129
2041,009,Archer County,7041,3416,3625,5290,2438,2852,86,46,40,1395,802,593,16,7,9,254,123,131
2042,009,Archer County,6947,3369,3578,5173,2380,2793,87,46,41,1415,812,603,16,7,9,256,124,132
2043,009,Archer County,6858,3326,3532,5060,2324,2736,89,47,42,1435,823,612,16,7,9,258,125,133
2044,009,Archer County,6781,3285,3496,4952,2265,2687,91,48,43,1463,840,623,16,7,9,259,125,134
2045,009,Archer County,6698,3247,3451,4844,2212,2632,93,49,44,1487,854,633,15,7,8,259,125,134
2046,009,Archer County,6616,3210,3406,4744,2166,2578,95,50,45,1502,861,641,14,7,7,261,126,135
2047,009,Archer County,6544,3175,3369,4652,2123,2529,96,51,45,1519,867,652,14,7,7,263,127,136
2048,009,Archer County,6468,3141,3327,4557,2076,2481,98,52,46,1534,878,656,14,7,7,265,128,137
2049,009,Archer County,6406,3118,3288,4472,2037,2435,100,53,47,1553,892,661,14,7,7,267,129,138
2050,009,Archer County,6349,3098,3251,4393,2005,2388,101,53,48,1572,903,669,14,7,7,269,130,139
2010,011,Armstrong County,1901,928,973,1725,844,881,11,6,5,124,61,63,0,0,0,41,17,24
2011,011,Armstrong County,1906,930,976,1725,844,881,11,6,5,128,63,65,0,0,0,42,17,25
2012,011,Armstrong County,1913,934,979,1727,845,882,11,6,5,132,65,67,0,0,0,43,18,25
2013,011,Armstrong County,1919,937,982,1728,846,882,11,6,5,136,67,69,0,0,0,44,18,26
2014,011,Armstrong County,1928,942,986,1732,848,884,11,6,5,140,69,71,0,0,0,45,19,26
2015,011,Armstrong County,1942,948,994,1741,852,889,11,6,5,144,71,73,0,0,0,46,19,27
2016,011,Armstrong County,1951,954,997,1745,855,890,11,6,5,148,73,75,0,0,0,47,20,27
2017,011,Armstrong County,1952,956,996,1741,855,886,11,6,5,152,75,77,0,0,0,48,20,28
2018,011,Armstrong County,1954,960,994,1738,856,882,11,6,5,156,77,79,0,0,0,49,21,28
2019,011,Armstrong County,1951,959,992,1730,853,877,11,6,5,160,79,81,0,0,0,50,21,29
2020,011,Armstrong County,1948,959,989,1722,850,872,11,6,5,164,81,83,0,0,0,51,22,29
2021,011,Armstrong County,1946,959,987,1716,848,868,11,6,5,168,83,85,0,0,0,51,22,29
2022,011,Armstrong County,1947,960,987,1712,846,866,11,6,5,172,85,87,0,0,0,52,23,29
2023,011,Armstrong County,1950,963,987,1710,847,863,11,6,5,176,87,89,0,0,0,53,23,30
2024,011,Armstrong County,1953,964,989,1708,845,863,11,6,5,180,89,91,0,0,0,54,24,30
2025,011,Armstrong County,1955,964,991,1704,842,862,11,6,5,185,92,93,0,0,0,55,24,31
2026,011,Armstrong County,1954,965,989,1697,839,858,11,6,5,190,95,95,0,0,0,56,25,31
2027,011,Armstrong County,1950,960,990,1687,831,856,11,6,5,195,98,97,0,0,0,57,25,32
2028,011,Armstrong County,1946,959,987,1679,827,852,11,6,5,199,100,99,0,0,0,57,26,31
2029,011,Armstrong County,1940,956,984,1669,822,847,11,6,5,203,102,101,0,0,0,57,26,31
2030,011,Armstrong County,1933,952,981,1655,814,841,11,6,5,208,105,103,0,0,0,59,27,32
2031,011,Armstrong County,1923,947,976,1640,806,834,11,6,5,212,108,104,0,0,0,60,27,33
2032,011,Armstrong County,1915,945,970,1626,800,826,11,6,5,217,111,106,0,0,0,61,28,33
2033,011,Armstrong County,1909,942,967,1615,795,820,11,6,5,222,114,108,0,0,0,61,27,34
2034,011,Armstrong County,1904,942,962,1604,791,813,11,6,5,227,117,110,0,0,0,62,28,34
2035,011,Armstrong County,1897,938,959,1591,784,807,11,6,5,232,120,112,0,0,0,63,28,35
2036,011,Armstrong County,1889,934,955,1577,776,801,11,6,5,237,123,114,0,0,0,64,29,35
2037,011,Armstrong County,1877,929,948,1559,768,791,11,6,5,242,126,116,0,0,0,65,29,36
2038,011,Armstrong County,1865,927,938,1542,762,780,11,6,5,247,129,118,0,0,0,65,30,35
2039,011,Armstrong County,1852,922,930,1524,755,769,11,6,5,252,132,120,0,0,0,65,29,36
2040,011,Armstrong County,1838,916,922,1504,745,759,11,6,5,257,135,122,0,0,0,66,30,36
2041,011,Armstrong County,1818,911,907,1481,737,744,11,6,5,261,138,123,0,0,0,65,30,35
2042,011,Armstrong County,1804,908,896,1462,731,731,11,6,5,266,141,125,0,0,0,65,30,35
2043,011,Armstrong County,1789,902,887,1442,723,719,11,6,5,270,143,127,0,0,0,66,30,36
2044,011,Armstrong County,1767,893,874,1419,713,706,11,6,5,272,145,127,0,0,0,65,29,36
2045,011,Armstrong County,1757,888,869,1403,705,698,11,6,5,278,148,130,0,0,0,65,29,36
2046,011,Armstrong County,1747,885,862,1389,700,689,11,6,5,281,149,132,0,0,0,66,30,36
2047,011,Armstrong County,1733,878,855,1371,691,680,11,6,5,286,152,134,0,0,0,65,29,36
2048,011,Armstrong County,1726,878,848,1358,687,671,11,6,5,291,155,136,0,0,0,66,30,36
2049,011,Armstrong County,1718,872,846,1345,679,666,11,6,5,296,158,138,0,0,0,66,29,37
2050,011,Armstrong County,1712,870,842,1332,673,659,11,6,5,302,161,141,0,0,0,67,30,37
2010,013,Atascosa County,44911,22130,22781,16295,7902,8393,256,142,114,27785,13810,13975,130,54,76,445,222,223
2011,013,Atascosa County,45508,22486,23022,16330,7948,8382,262,145,117,28330,14112,14218,131,54,77,455,227,228
2012,013,Atascosa County,46113,22839,23274,16368,7991,8377,267,148,119,28881,14414,14467,132,55,77,465,231,234
2013,013,Atascosa County,46746,23218,23528,16413,8045,8368,274,152,122,29450,14729,14721,133,55,78,476,237,239
2014,013,Atascosa County,47394,23605,23789,16464,8099,8365,280,156,124,30028,15052,14976,134,56,78,488,242,246
2015,013,Atascosa County,48087,24016,24071,16510,8151,8359,288,160,128,30653,15400,15253,135,56,79,501,249,252
2016,013,Atascosa County,48782,24439,24343,16560,8212,8348,296,164,132,31275,15750,15525,137,57,80,514,256,258
2017,013,Atascosa County,49504,24873,24631,16618,8268,8350,302,167,135,31914,16114,15800,139,58,81,531,266,265
2018,013,Atascosa County,50265,25331,24934,16685,8327,8358,307,170,137,32588,16502,16086,141,59,82,544,273,271
2019,013,Atascosa County,51048,25806,25242,16758,8394,8364,315,175,140,33274,16897,16377,143,60,83,558,280,278
2020,013,Atascosa County,51831,26278,25553,16822,8459,8363,323,179,144,33972,17295,16677,145,61,84,569,284,285
2021,013,Atascosa County,52646,26772,25874,16903,8531,8372,329,182,147,34686,17707,16979,147,62,85,581,290,291
2022,013,Atascosa County,53492,27283,26209,16991,8607,8384,337,186,151,35424,18131,17293,148,63,85,592,296,296
2023,013,Atascosa County,54335,27796,26539,17078,8684,8394,346,191,155,36155,18553,17602,150,64,86,606,304,302
2024,013,Atascosa County,55190,28319,26871,17159,8759,8400,356,196,160,36902,18986,17916,152,65,87,621,313,308
2025,013,Atascosa County,56049,28840,27209,17256,8838,8418,363,200,163,37643,19416,18227,154,66,88,633,320,313
2026,013,Atascosa County,56899,29357,27542,17344,8913,8431,372,205,167,38385,19848,18537,155,67,88,643,324,319
2027,013,Atascosa County,57728,29865,27863,17434,8984,8450,381,210,171,39099,20271,18828,157,68,89,657,332,325
2028,013,Atascosa County,58555,30369,28186,17513,9058,8455,389,214,175,39829,20694,19135,158,69,89,666,334,332
2029,013,Atascosa County,59328,30860,28468,17572,9125,8447,394,215,179,40530,21113,19417,159,70,89,673,337,336
2030,013,Atascosa County,60111,31354,28757,17642,9199,8443,398,217,181,41232,21525,19707,160,71,89,679,342,337
2031,013,Atascosa County,60888,31844,29044,17705,9270,8435,405,220,185,41929,21937,19992,160,71,89,689,346,343
2032,013,Atascosa County,61613,32300,29313,17749,9324,8425,411,223,188,42591,22327,20264,161,72,89,701,354,347
2033,013,Atascosa County,62347,32768,29579,17799,9389,8410,415,224,191,43264,22726,20538,162,72,90,707,357,350
2034,013,Atascosa County,63049,33223,29826,17822,9443,8379,422,228,194,43927,23121,20806,164,73,91,714,358,356
2035,013,Atascosa County,63753,33673,30080,17856,9496,8360,428,232,196,44584,23508,21076,164,74,90,721,363,358
2036,013,Atascosa County,64431,34113,30318,17888,9551,8337,436,237,199,45213,23885,21328,164,74,90,730,366,364
2037,013,Atascosa County,65096,34553,30543,17917,9607,8310,443,242,201,45833,24260,21573,162,74,88,741,370,371
2038,013,Atascosa County,65739,34966,30773,17929,9650,8279,450,245,205,46448,24622,21826,160,74,86,752,375,377
2039,013,Atascosa County,66364,35378,30986,17936,9690,8246,456,248,208,47052,24986,22066,161,75,86,759,379,380
2040,013,Atascosa County,67005,35789,31216,17959,9737,8222,464,252,212,47655,25344,22311,160,74,86,767,382,385
2041,013,Atascosa County,67630,36192,31438,17971,9784,8187,472,256,216,48253,25694,22559,161,75,86,773,383,390
2042,013,Atascosa County,68244,36600,31644,17993,9832,8161,478,259,219,48829,26045,22784,162,76,86,782,388,394
2043,013,Atascosa County,68862,37006,31856,18013,9885,8128,487,263,224,49418,26396,23022,163,78,85,781,384,397
2044,013,Atascosa County,69483,37415,32068,18034,9933,8101,493,267,226,50006,26752,23254,164,78,86,786,385,401
2045,013,Atascosa County,70088,37813,32275,18060,9984,8076,500,270,230,50576,27095,23481,163,78,85,789,386,403
2046,013,Atascosa County,70701,38219,32482,18083,10038,8045,504,270,234,51154,27444,23710,162,77,85,798,390,408
2047,013,Atascosa County,71317,38620,32697,18106,10088,8018,509,273,236,51736,27793,23943,163,77,86,803,389,414
2048,013,Atascosa County,71933,39034,32899,18139,10143,7996,511,273,238,52311,28147,24164,165,79,86,807,392,415
2049,013,Atascosa County,72565,39455,33110,18178,10209,7969,517,276,241,52892,28497,24395,164,78,86,814,395,419
2050,013,Atascosa County,73187,39875,33312,18216,10274,7942,521,277,244,53466,28848,24618,165,78,87,819,398,421
2010,015,Austin County,28417,14073,14344,18657,9121,9536,2622,1290,1332,6641,3429,3212,110,44,66,387,189,198
2011,015,Austin County,28601,14166,14435,18661,9130,9531,2629,1296,1333,6804,3502,3302,112,45,67,395,193,202
2012,015,Austin County,28791,14263,14528,18651,9134,9517,2640,1303,1337,6983,3582,3401,114,46,68,403,198,205
2013,015,Austin County,29004,14369,14635,18659,9145,9514,2664,1315,1349,7154,3660,3494,116,47,69,411,202,209
2014,015,Austin County,29208,14469,14739,18649,9146,9503,2685,1326,1359,7335,3741,3594,118,48,70,421,208,213
2015,015,Austin County,29394,14555,14839,18635,9142,9493,2694,1331,1363,7513,3819,3694,120,49,71,432,214,218
2016,015,Austin County,29603,14654,14949,18638,9149,9489,2710,1340,1370,7691,3897,3794,122,50,72,442,218,224
2017,015,Austin County,29801,14751,15050,18620,9143,9477,2727,1353,1374,7873,3978,3895,124,51,73,457,226,231
2018,015,Austin County,30002,14849,15153,18615,9145,9470,2740,1362,1378,8051,4058,3993,126,52,74,470,232,238
2019,015,Austin County,30207,14943,15264,18615,9145,9470,2754,1371,1383,8227,4135,4092,128,53,75,483,239,244
2020,015,Austin County,30402,15020,15382,18609,9136,9473,2760,1372,1388,8407,4212,4195,130,54,76,496,246,250
2021,015,Austin County,30609,15103,15506,18600,9123,9477,2773,1376,1397,8597,4296,4301,132,55,77,507,253,254
2022,015,Austin County,30805,15188,15617,18590,9116,9474,2784,1381,1403,8775,4373,4402,134,56,78,522,262,260
2023,015,Austin County,30974,15252,15722,18573,9096,9477,2787,1380,1407,8943,4450,4493,136,57,79,535,269,266
2024,015,Austin County,31156,15321,15835,18557,9084,9473,2793,1377,1416,9119,4527,4592,138,58,80,549,275,274
2025,015,Austin County,31327,15400,15927,18534,9070,9464,2795,1380,1415,9295,4608,4687,140,59,81,563,283,280
2026,015,Austin County,31494,15476,16018,18506,9055,9451,2793,1379,1414,9478,4693,4785,142,60,82,575,289,286
2027,015,Austin County,31648,15545,16103,18461,9034,9427,2796,1378,1418,9659,4775,4884,144,61,83,588,297,291
2028,015,Austin County,31782,15594,16188,18408,9005,9403,2790,1375,1415,9840,4851,4989,146,62,84,598,301,297
2029,015,Austin County,31915,15652,16263,18350,8983,9367,2787,1370,1417,10027,4932,5095,148,63,85,603,304,299
2030,015,Austin County,32045,15700,16345,18296,8953,9343,2781,1365,1416,10206,5009,5197,149,64,85,613,309,304
2031,015,Austin County,32174,15751,16423,18233,8924,9309,2776,1359,1417,10395,5091,5304,151,65,86,619,312,307
2032,015,Austin County,32282,15789,16493,18164,8888,9276,2765,1351,1414,10568,5164,5404,152,66,86,633,320,313
2033,015,Austin County,32372,15811,16561,18069,8838,9231,2757,1345,1412,10751,5238,5513,154,67,87,641,323,318
2034,015,Austin County,32444,15833,16611,17970,8790,9180,2746,1337,1409,10926,5310,5616,154,67,87,648,329,319
2035,015,Austin County,32524,15858,16666,17874,8742,9132,2725,1325,1400,11117,5390,5727,153,67,86,655,334,321
2036,015,Austin County,32594,15886,16708,17753,8687,9066,2716,1320,1396,11308,5472,5836,155,68,87,662,339,323
2037,015,Austin County,32647,15896,16751,17629,8627,9002,2705,1312,1393,11489,5548,5941,157,69,88,667,340,327
2038,015,Austin County,32712,15908,16804,17499,8561,8938,2694,1303,1391,11683,5628,6055,157,69,88,679,347,332
2039,015,Austin County,32761,15918,16843,17370,8505,8865,2681,1295,1386,11866,5697,6169,158,70,88,686,351,335
2040,015,Austin County,32807,15928,16879,17243,8446,8797,2668,1291,1377,12043,5768,6275,160,71,89,693,352,341
2041,015,Austin County,32850,15940,16910,17102,8384,8718,2655,1289,1366,12234,5842,6392,160,71,89,699,354,345
2042,015,Austin County,32905,15958,16947,16980,8333,8647,2641,1284,1357,12412,5910,6502,162,72,90,710,359,351
2043,015,Austin County,32964,15971,16993,16851,8271,8580,2627,1276,1351,12613,5995,6618,163,73,90,710,356,354
2044,015,Austin County,33003,15986,17017,16722,8217,8505,2610,1266,1344,12785,6069,6716,167,75,92,719,359,360
2045,015,Austin County,33051,15990,17061,16592,8155,8437,2591,1258,1333,12975,6142,6833,167,75,92,726,360,366
2046,015,Austin County,33122,16023,17099,16472,8106,8366,2571,1250,1321,13175,6228,6947,166,74,92,738,365,373
2047,015,Austin County,33178,16051,17127,16347,8058,8289,2562,1248,1314,13361,6307,7054,167,74,93,741,364,377
2048,015,Austin County,33239,16068,17171,16241,8011,8230,2545,1238,1307,13543,6382,7161,164,73,91,746,364,382
2049,015,Austin County,33297,16101,17196,16133,7964,8169,2528,1236,1292,13720,6459,7261,165,74,91,751,368,383
2050,015,Austin County,33352,16123,17229,16025,7916,8109,2512,1230,1282,13893,6532,7361,164,74,90,758,371,387
2010,017,Bailey County,7165,3621,3544,2745,1320,1425,67,42,25,4283,2227,2056,23,12,11,47,20,27
2011,017,Bailey County,7199,3650,3549,2693,1303,1390,69,43,26,4365,2271,2094,23,12,11,49,21,28
2012,017,Bailey County,7246,3681,3565,2648,1287,1361,71,44,27,4453,2316,2137,23,12,11,51,22,29
2013,017,Bailey County,7307,3719,3588,2609,1274,1335,73,45,28,4548,2365,2183,24,12,12,53,23,30
2014,017,Bailey County,7356,3745,3611,2570,1256,1314,75,46,29,4631,2406,2225,25,13,12,55,24,31
2015,017,Bailey County,7413,3781,3632,2535,1243,1292,77,47,30,4718,2453,2265,26,13,13,57,25,32
2016,017,Bailey County,7464,3811,3653,2499,1228,1271,79,48,31,4801,2496,2305,27,14,13,58,25,33
2017,017,Bailey County,7525,3847,3678,2470,1215,1255,80,48,32,4887,2544,2343,28,14,14,60,26,34
2018,017,Bailey County,7582,3881,3701,2439,1202,1237,81,49,32,4971,2588,2383,29,15,14,62,27,35
2019,017,Bailey County,7638,3915,3723,2417,1194,1223,82,49,33,5045,2629,2416,30,15,15,64,28,36
2020,017,Bailey County,7692,3950,3742,2392,1185,1207,83,50,33,5121,2671,2450,30,15,15,66,29,37
2021,017,Bailey County,7749,3982,3767,2366,1172,1194,83,50,33,5202,2715,2487,30,15,15,68,30,38
2022,017,Bailey County,7810,4019,3791,2347,1166,1181,84,51,33,5279,2756,2523,30,15,15,70,31,39
2023,017,Bailey County,7874,4057,3817,2332,1162,1170,85,51,34,5355,2797,2558,30,15,15,72,32,40
2024,017,Bailey County,7936,4090,3846,2316,1154,1162,85,51,34,5431,2837,2594,30,15,15,74,33,41
2025,017,Bailey County,8003,4127,3876,2311,1153,1158,86,51,35,5500,2874,2626,30,15,15,76,34,42
2026,017,Bailey County,8062,4164,3898,2298,1148,1150,86,52,34,5570,2914,2656,30,15,15,78,35,43
2027,017,Bailey County,8102,4187,3915,2285,1144,1141,85,51,34,5623,2942,2681,30,15,15,79,35,44
2028,017,Bailey County,8159,4222,3937,2276,1143,1133,84,50,34,5688,2978,2710,30,15,15,81,36,45
2029,017,Bailey County,8214,4248,3966,2272,1141,1131,85,50,35,5745,3005,2740,30,15,15,82,37,45
2030,017,Bailey County,8269,4276,3993,2267,1137,1130,86,51,35,5802,3035,2767,30,15,15,84,38,46
2031,017,Bailey County,8324,4306,4018,2266,1140,1126,86,51,35,5855,3061,2794,30,15,15,87,39,48
2032,017,Bailey County,8366,4332,4034,2258,1135,1123,86,52,34,5902,3089,2813,30,15,15,90,41,49
2033,017,Bailey County,8416,4360,4056,2252,1132,1120,88,53,35,5953,3118,2835,30,15,15,93,42,51
2034,017,Bailey County,8461,4384,4077,2246,1129,1117,89,54,35,6000,3142,2858,30,15,15,96,44,52
2035,017,Bailey County,8514,4405,4109,2249,1129,1120,92,56,36,6044,3160,2884,30,15,15,99,45,54
2036,017,Bailey County,8557,4428,4129,2251,1131,1120,94,57,37,6081,3178,2903,30,15,15,101,47,54
2037,017,Bailey County,8612,4460,4152,2256,1133,1123,96,58,38,6126,3206,2920,30,15,15,104,48,56
2038,017,Bailey County,8665,4488,4177,2257,1134,1123,98,59,39,6174,3231,2943,30,15,15,106,49,57
2039,017,Bailey County,8719,4520,4199,2262,1136,1126,100,60,40,6218,3259,2959,30,15,15,109,50,59
2040,017,Bailey County,8751,4530,4221,2265,1137,1128,101,61,40,6243,3265,2978,30,15,15,112,52,60
2041,017,Bailey County,8784,4556,4228,2268,1143,1125,102,61,41,6272,3286,2986,30,15,15,112,51,61
2042,017,Bailey County,8825,4583,4242,2272,1146,1126,103,61,42,6307,3309,2998,29,14,15,114,53,61
2043,017,Bailey County,8872,4612,4260,2280,1151,1129,104,61,43,6342,3332,3010,29,14,15,117,54,63
2044,017,Bailey County,8897,4621,4276,2282,1156,1126,106,62,44,6361,3334,3027,30,15,15,118,54,64
2045,017,Bailey County,8921,4638,4283,2280,1156,1124,106,61,45,6383,3351,3032,31,15,16,121,55,66
2046,017,Bailey County,8945,4660,4285,2285,1162,1123,108,62,46,6397,3363,3034,31,16,15,124,57,67
2047,017,Bailey County,8974,4677,4297,2291,1166,1125,108,62,46,6418,3377,3041,31,15,16,126,57,69
2048,017,Bailey County,8981,4676,4305,2287,1166,1121,108,61,47,6428,3376,3052,32,16,16,126,57,69
2049,017,Bailey County,9020,4696,4324,2294,1169,1125,109,61,48,6457,3393,3064,33,16,17,127,57,70
2050,017,Bailey County,9045,4718,4327,2293,1171,1122,111,62,49,6477,3409,3068,34,17,17,130,59,71
2010,019,Bandera County,20485,10172,10313,16576,8200,8376,90,50,40,3415,1739,1676,55,18,37,349,165,184
2011,019,Bandera County,20555,10196,10359,16556,8185,8371,92,51,41,3496,1774,1722,56,18,38,355,168,187
2012,019,Bandera County,20612,10215,10397,16516,8160,8356,94,52,42,3584,1813,1771,57,19,38,361,171,190
2013,019,Bandera County,20685,10245,10440,16486,8145,8341,96,53,43,3678,1854,1824,58,19,39,367,174,193
2014,019,Bandera County,20763,10276,10487,16458,8130,8328,98,54,44,3775,1895,1880,59,20,39,373,177,196
2015,019,Bandera County,20830,10303,10527,16421,8112,8309,100,55,45,3870,1936,1934,60,20,40,379,180,199
2016,019,Bandera County,20912,10343,10569,16396,8104,8292,102,56,46,3967,1978,1989,61,21,40,386,184,202
2017,019,Bandera County,20992,10377,10615,16365,8090,8275,104,57,47,4068,2021,2047,62,21,41,393,188,205
2018,019,Bandera County,21083,10412,10671,16345,8082,8263,106,58,48,4170,2059,2111,63,22,41,399,191,208
2019,019,Bandera County,21174,10447,10727,16324,8073,8251,109,59,50,4272,2099,2173,64,22,42,405,194,211
2020,019,Bandera County,21246,10472,10774,16282,8054,8228,112,61,51,4377,2138,2239,65,23,42,410,196,214
2021,019,Bandera County,21318,10499,10819,16245,8041,8204,115,62,53,4477,2174,2303,66,23,43,415,199,216
2022,019,Bandera County,21389,10530,10859,16202,8026,8176,118,64,54,4581,2214,2367,66,24,42,422,202,220
2023,019,Bandera County,21466,10553,10913,16162,8001,8161,121,65,56,4687,2258,2429,67,24,43,429,205,224
2024,019,Bandera County,21519,10576,10943,16097,7972,8125,124,67,57,4794,2304,2490,68,25,43,436,208,228
2025,019,Bandera County,21573,10590,10983,16031,7934,8097,128,69,59,4903,2351,2552,69,25,44,442,211,231
2026,019,Bandera County,21608,10604,11004,15950,7897,8053,132,71,61,5010,2396,2614,70,26,44,446,214,232
2027,019,Bandera County,21644,10607,11037,15868,7858,8010,136,73,63,5116,2432,2684,71,26,45,453,218,235
2028,019,Bandera County,21666,10607,11059,15773,7812,7961,140,75,65,5222,2472,2750,72,27,45,459,221,238
2029,019,Bandera County,21669,10594,11075,15669,7758,7911,144,77,67,5322,2508,2814,72,27,45,462,224,238
2030,019,Bandera County,21652,10573,11079,15541,7695,7846,148,79,69,5423,2542,2881,73,28,45,467,229,238
2031,019,Bandera County,21627,10548,11079,15404,7629,7775,152,81,71,5526,2580,2946,73,27,46,472,231,241
2032,019,Bandera County,21593,10518,11075,15256,7556,7700,156,83,73,5632,2618,3014,74,28,46,475,233,242
2033,019,Bandera County,21520,10474,11046,15078,7471,7607,159,84,75,5725,2654,3071,74,27,47,484,238,246
2034,019,Bandera County,21453,10433,11020,14907,7393,7514,162,85,77,5825,2690,3135,74,27,47,485,238,247
2035,019,Bandera County,21360,10374,10986,14724,7303,7421,166,87,79,5912,2721,3191,74,27,47,484,236,248
2036,019,Bandera County,21269,10316,10953,14534,7207,7327,168,89,79,6006,2756,3250,74,28,46,487,236,251
2037,019,Bandera County,21177,10265,10912,14341,7112,7229,171,90,81,6105,2801,3304,73,27,46,487,235,252
2038,019,Bandera County,21078,10204,10874,14131,7004,7127,172,90,82,6214,2847,3367,74,28,46,487,235,252
2039,019,Bandera County,20992,10152,10840,13932,6905,7027,174,90,84,6322,2893,3429,74,28,46,490,236,254
2040,019,Bandera County,20880,10086,10794,13721,6796,6925,175,91,84,6420,2933,3487,73,29,44,491,237,254
2041,019,Bandera County,20786,10035,10751,13522,6700,6822,178,92,86,6520,2975,3545,74,30,44,492,238,254
2042,019,Bandera County,20682,9978,10704,13319,6602,6717,181,93,88,6615,3014,3601,73,30,43,494,239,255
2043,019,Bandera County,20597,9931,10666,13131,6505,6626,185,95,90,6711,3061,3650,72,29,43,498,241,257
2044,019,Bandera County,20504,9881,10623,12939,6412,6527,188,96,92,6806,3105,3701,72,29,43,499,239,260
2045,019,Bandera County,20416,9833,10583,12760,6329,6431,191,97,94,6895,3139,3756,71,29,42,499,239,260
2046,019,Bandera County,20354,9802,10552,12595,6248,6347,194,99,95,6992,3184,3808,71,30,41,502,241,261
2047,019,Bandera County,20272,9757,10515,12419,6160,6259,194,98,96,7083,3228,3855,72,30,42,504,241,263
2048,019,Bandera County,20204,9726,10478,12259,6086,6173,197,100,97,7175,3270,3905,71,31,40,502,239,263
2049,019,Bandera County,20160,9709,10451,12108,6021,6087,199,101,98,7279,3317,3962,72,31,41,502,239,263
2050,019,Bandera County,20087,9674,10413,11957,5953,6004,203,103,100,7355,3350,4005,71,31,40,501,237,264
2010,021,Bastrop County,74171,37997,36174,42446,21197,21249,5535,2969,2566,24190,12833,11357,449,203,246,1551,795,756
2011,021,Bastrop County,75339,38567,36772,42725,21311,21414,5571,2985,2586,25013,13257,11756,456,207,249,1574,807,767
2012,021,Bastrop County,76532,39149,37383,43000,21430,21570,5617,3003,2614,25855,13686,12169,462,210,252,1598,820,778
2013,021,Bastrop County,77707,39713,37994,43253,21532,21721,5662,3028,2634,26703,14112,12591,468,213,255,1621,828,793
2014,021,Bastrop County,78891,40284,38607,43486,21616,21870,5702,3050,2652,27578,14556,13022,475,217,258,1650,845,805
2015,021,Bastrop County,80082,40861,39221,43712,21703,22009,5748,3075,2673,28461,15001,13460,481,220,261,1680,862,818
2016,021,Bastrop County,81259,41434,39825,43921,21784,22137,5799,3102,2697,29354,15455,13899,486,224,262,1699,869,830
2017,021,Bastrop County,82448,41992,40456,44114,21848,22266,5854,3129,2725,30260,15905,14355,492,227,265,1728,883,845
2018,021,Bastrop County,83656,42565,41091,44298,21912,22386,5924,3161,2763,31179,16366,14813,498,231,267,1757,895,862
2019,021,Bastrop County,84864,43152,41712,44475,21977,22498,5986,3198,2788,32114,16839,15275,502,232,270,1787,906,881
2020,021,Bastrop County,86103,43736,42367,44650,22030,22620,6055,3224,2831,33065,17317,15748,508,237,271,1825,928,897
2021,021,Bastrop County,87351,44327,43024,44819,22080,22739,6129,3260,2869,34036,17805,16231,513,242,271,1854,940,914
2022,021,Bastrop County,88615,44919,43696,44981,22128,22853,6209,3299,2910,35028,18296,16732,516,244,272,1881,952,929
2023,021,Bastrop County,89906,45543,44363,45150,22188,22962,6281,3335,2946,36040,18802,17238,521,247,274,1914,971,943
2024,021,Bastrop County,91196,46155,45041,45286,22224,23062,6368,3379,2989,37069,19312,17757,529,253,276,1944,987,957
2025,021,Bastrop County,92514,46777,45737,45437,22272,23165,6443,3408,3035,38125,19837,18288,536,257,279,1973,1003,970
2026,021,Bastrop County,93825,47388,46437,45570,22308,23262,6516,3437,3079,39197,20365,18832,541,260,281,2001,1018,983
2027,021,Bastrop County,95165,48022,47143,45671,22332,23339,6592,3468,3124,40316,20923,19393,547,264,283,2039,1035,1004
2028,021,Bastrop County,96525,48659,47866,45774,22359,23415,6672,3494,3178,41464,21492,19972,550,267,283,2065,1047,1018
2029,021,Bastrop County,97865,49292,48573,45847,22372,23475,6742,3514,3228,42625,22070,20555,552,270,282,2099,1066,1033
2030,021,Bastrop County,99203,49906,49297,45892,22374,23518,6819,3539,3280,43813,22648,21165,553,272,281,2126,1073,1053
2031,021,Bastrop County,100566,50525,50041,45923,22362,23561,6889,3557,3332,45040,23247,21793,557,274,283,2157,1085,1072
2032,021,Bastrop County,101905,51147,50758,45930,22346,23584,6968,3581,3387,46259,23847,22412,559,276,283,2189,1097,1092
2033,021,Bastrop County,103228,51770,51458,45913,22321,23592,7043,3607,3436,47495,24458,23037,563,277,286,2214,1107,1107
2034,021,Bastrop County,104531,52379,52152,45868,22271,23597,7107,3630,3477,48749,25083,23666,565,278,287,2242,1117,1125
2035,021,Bastrop County,105817,52985,52832,45800,22220,23580,7167,3647,3520,50021,25714,24307,567,280,287,2262,1124,1138
2036,021,Bastrop County,107111,53593,53518,45714,22161,23553,7236,3665,3571,51307,26351,24956,566,280,286,2288,1136,1152
2037,021,Bastrop County,108382,54198,54184,45608,22093,23515,7308,3688,3620,52593,26993,25600,565,279,286,2308,1145,1163
2038,021,Bastrop County,109648,54795,54853,45476,22018,23458,7373,3706,3667,53903,27635,26268,568,281,287,2328,1155,1173
2039,021,Bastrop County,110862,55369,55493,45316,21932,23384,7436,3720,3716,55196,28271,26925,566,281,285,2348,1165,1183
2040,021,Bastrop County,112085,55940,56145,45144,21840,23304,7506,3737,3769,56505,28915,27590,568,282,286,2362,1166,1196
2041,021,Bastrop County,113315,56522,56793,44962,21741,23221,7577,3757,3820,57841,29574,28267,565,284,281,2370,1166,1204
2042,021,Bastrop County,114561,57115,57446,44775,21647,23128,7650,3778,3872,59178,30230,28948,565,282,283,2393,1178,1215
2043,021,Bastrop County,115783,57696,58087,44584,21561,23023,7724,3799,3925,60510,30876,29634,563,283,280,2402,1177,1225
2044,021,Bastrop County,117010,58287,58723,44380,21461,22919,7786,3818,3968,61868,31545,30323,563,285,278,2413,1178,1235
2045,021,Bastrop County,118278,58884,59394,44188,21365,22823,7863,3840,4023,63238,32213,31025,562,284,278,2427,1182,1245
2046,021,Bastrop County,119545,59480,60065,43991,21269,22722,7944,3860,4084,64609,32885,31724,563,288,275,2438,1178,1260
2047,021,Bastrop County,120810,60085,60725,43790,21178,22612,8026,3889,4137,65980,33549,32431,562,287,275,2452,1182,1270
2048,021,Bastrop County,122132,60714,61418,43612,21098,22514,8112,3917,4195,67375,34224,33151,563,288,275,2470,1187,1283
2049,021,Bastrop County,123470,61352,62118,43439,21017,22422,8210,3952,4258,68769,34904,33865,560,287,273,2492,1192,1300
2050,021,Bastrop County,124818,62003,62815,43276,20948,22328,8296,3987,4309,70186,35591,34595,558,287,271,2502,1190,1312
2010,023,Baylor County,3726,1795,1931,3147,1527,1620,71,38,33,455,208,247,4,0,4,49,22,27
2011,023,Baylor County,3699,1789,1910,3110,1515,1595,72,38,34,463,214,249,4,0,4,50,22,28
2012,023,Baylor County,3679,1788,1891,3078,1505,1573,73,39,34,473,221,252,4,0,4,51,23,28
2013,023,Baylor County,3674,1790,1884,3061,1500,1561,74,39,35,483,228,255,4,0,4,52,23,29
2014,023,Baylor County,3669,1792,1877,3044,1493,1551,75,40,35,493,235,258,4,0,4,53,24,29
2015,023,Baylor County,3659,1794,1865,3022,1488,1534,76,40,36,503,242,261,4,0,4,54,24,30
2016,023,Baylor County,3650,1801,1849,3000,1485,1515,77,41,36,514,250,264,4,0,4,55,25,30
2017,023,Baylor County,3645,1802,1843,2981,1478,1503,78,41,37,526,258,268,4,0,4,56,25,31
2018,023,Baylor County,3640,1810,1830,2961,1476,1485,79,42,37,539,266,273,4,0,4,57,26,31
2019,023,Baylor County,3629,1806,1823,2935,1464,1471,80,42,38,553,274,279,4,0,4,57,26,31
2020,023,Baylor County,3624,1808,1816,2915,1456,1459,81,43,38,567,282,285,4,0,4,57,27,30
2021,023,Baylor County,3620,1808,1812,2896,1448,1448,82,43,39,580,289,291,4,0,4,58,28,30
2022,023,Baylor County,3617,1810,1807,2877,1440,1437,83,44,39,593,297,296,4,0,4,60,29,31
2023,023,Baylor County,3621,1812,1809,2864,1433,1431,84,44,40,607,305,302,4,0,4,62,30,32
2024,023,Baylor County,3611,1813,1798,2839,1424,1415,85,45,40,619,313,306,4,0,4,64,31,33
2025,023,Baylor County,3611,1815,1796,2824,1418,1406,85,44,41,632,321,311,4,0,4,66,32,34
2026,023,Baylor County,3615,1820,1795,2811,1412,1399,86,45,41,646,330,316,4,0,4,68,33,35
2027,023,Baylor County,3612,1821,1791,2794,1403,1391,87,45,42,658,339,319,4,0,4,69,34,35
2028,023,Baylor County,3607,1826,1781,2774,1398,1376,87,45,42,671,348,323,4,0,4,71,35,36
2029,023,Baylor County,3605,1829,1776,2757,1391,1366,87,44,43,685,358,327,4,0,4,72,36,36
2030,023,Baylor County,3604,1829,1775,2741,1381,1360,87,44,43,698,367,331,4,0,4,74,37,37
2031,023,Baylor County,3606,1832,1774,2728,1375,1353,86,43,43,711,376,335,4,0,4,77,38,39
2032,023,Baylor County,3605,1832,1773,2714,1367,1347,87,44,43,722,383,339,4,0,4,78,38,40
2033,023,Baylor County,3604,1832,1772,2699,1358,1341,86,43,43,735,392,343,4,0,4,80,39,41
2034,023,Baylor County,3602,1831,1771,2685,1350,1335,86,43,43,745,398,347,4,0,4,82,40,42
2035,023,Baylor County,3600,1828,1772,2673,1343,1330,87,43,44,753,402,351,4,0,4,83,40,43
2036,023,Baylor County,3595,1827,1768,2657,1335,1322,87,44,43,762,407,355,4,0,4,85,41,44
2037,023,Baylor County,3596,1833,1763,2649,1332,1317,87,43,44,770,416,354,4,0,4,86,42,44
2038,023,Baylor County,3592,1833,1759,2637,1327,1310,87,44,43,777,420,357,4,0,4,87,42,45
2039,023,Baylor County,3592,1833,1759,2628,1323,1305,88,44,44,786,425,361,3,0,3,87,41,46
2040,023,Baylor County,3586,1832,1754,2617,1320,1297,87,44,43,792,427,365,3,0,3,87,41,46
2041,023,Baylor County,3586,1841,1745,2607,1323,1284,87,44,43,800,431,369,3,0,3,89,43,46
2042,023,Baylor County,3585,1842,1743,2597,1319,1278,87,45,42,810,436,374,3,0,3,88,42,46
2043,023,Baylor County,3585,1843,1742,2590,1316,1274,86,44,42,817,440,377,3,0,3,89,43,46
2044,023,Baylor County,3577,1843,1734,2570,1308,1262,85,44,41,829,447,382,3,0,3,90,44,46
2045,023,Baylor County,3572,1844,1728,2562,1306,1256,84,43,41,831,450,381,3,0,3,92,45,47
2046,023,Baylor County,3571,1850,1721,2561,1304,1257,85,44,41,830,457,373,3,0,3,92,45,47
2047,023,Baylor County,3566,1854,1712,2554,1300,1254,84,42,42,833,467,366,3,0,3,92,45,47
2048,023,Baylor County,3573,1857,1716,2549,1295,1254,84,43,41,843,473,370,3,0,3,94,46,48
2049,023,Baylor County,3569,1853,1716,2542,1289,1253,84,42,42,848,479,369,3,0,3,92,43,49
2050,023,Baylor County,3569,1858,1711,2534,1284,1250,84,42,42,854,488,366,3,0,3,94,44,50
2010,025,Bee County,31861,19063,12798,10967,6679,4288,2525,2334,191,17906,9817,8089,162,80,82,301,153,148
2011,025,Bee County,32089,19236,12853,10888,6649,4239,2551,2356,195,18178,9993,8185,164,81,83,308,157,151
2012,025,Bee County,32335,19404,12931,10826,6620,4206,2575,2376,199,18453,10165,8288,166,82,84,315,161,154
2013,025,Bee County,32579,19577,13002,10771,6606,4165,2590,2386,204,18729,10338,8391,168,83,85,321,164,157
2014,025,Bee County,32839,19767,13072,10729,6599,4130,2609,2401,208,19003,10515,8488,171,85,86,327,167,160
2015,025,Bee County,33099,19956,13143,10685,6588,4097,2622,2409,213,19284,10700,8584,173,86,87,335,173,162
2016,025,Bee County,33379,20156,13223,10655,6590,4065,2641,2424,217,19566,10879,8687,175,87,88,342,176,166
2017,025,Bee County,33657,20347,13310,10623,6584,4039,2657,2436,221,19850,11059,8791,178,89,89,349,179,170
2018,025,Bee County,33924,20533,13391,10574,6571,4003,2673,2448,225,20140,11241,8899,179,89,90,358,184,174
2019,025,Bee County,34195,20730,13465,10534,6568,3966,2688,2458,230,20427,11426,9001,181,90,91,365,188,177
2020,025,Bee County,34445,20911,13534,10480,6549,3931,2709,2475,234,20702,11605,9097,182,91,91,372,191,181
2021,025,Bee County,34694,21094,13600,10423,6530,3893,2729,2491,238,20980,11787,9193,184,92,92,378,194,184
2022,025,Bee County,34942,21276,13666,10371,6515,3856,2742,2501,241,21253,11966,9287,186,93,93,390,201,189
2023,025,Bee County,35184,21456,13728,10310,6497,3813,2765,2520,245,21524,12140,9384,187,94,93,398,205,193
2024,025,Bee County,35406,21616,13790,10242,6467,3775,2778,2531,247,21794,12313,9481,186,95,91,406,210,196
2025,025,Bee County,35631,21779,13852,10176,6444,3732,2798,2548,250,22054,12476,9578,187,95,92,416,216,200
2026,025,Bee County,35870,21952,13918,10127,6432,3695,2815,2562,253,22316,12641,9675,188,96,92,424,221,203
2027,025,Bee County,36076,22105,13971,10063,6411,3652,2825,2570,255,22568,12803,9765,189,96,93,431,225,206
2028,025,Bee County,36269,22250,14019,9993,6386,3607,2845,2587,258,22805,12953,9852,190,97,93,436,227,209
2029,025,Bee County,36447,22390,14057,9913,6358,3555,2855,2594,261,23050,13113,9937,189,97,92,440,228,212
2030,025,Bee County,36634,22529,14105,9848,6335,3513,2867,2605,262,23284,13261,10023,190,98,92,445,230,215
2031,025,Bee County,36813,22666,14147,9769,6304,3465,2875,2612,263,23525,13418,10107,190,97,93,454,235,219
2032,025,Bee County,36959,22773,14186,9691,6269,3422,2882,2618,264,23741,13555,10186,187,96,91,458,235,223
2033,025,Bee County,37105,22894,14211,9607,6233,3374,2887,2622,265,23956,13702,10254,187,96,91,468,241,227
2034,025,Bee County,37259,23016,14243,9532,6205,3327,2897,2631,266,24172,13841,10331,186,96,90,472,243,229
2035,025,Bee County,37401,23133,14268,9458,6174,3284,2901,2634,267,24384,13987,10397,186,96,90,472,242,230
2036,025,Bee County,37542,23243,14299,9379,6141,3238,2910,2639,271,24590,14120,10470,185,97,88,478,246,232
2037,025,Bee County,37690,23367,14323,9319,6122,3197,2906,2634,272,24799,14265,10534,183,96,87,483,250,233
2038,025,Bee County,37825,23474,14351,9257,6101,3156,2905,2632,273,24999,14397,10602,180,96,84,484,248,236
2039,025,Bee County,37993,23594,14399,9197,6073,3124,2906,2632,274,25219,14541,10678,180,95,85,491,253,238
2040,025,Bee County,38139,23703,14436,9142,6048,3094,2904,2630,274,25416,14674,10742,180,96,84,497,255,242
2041,025,Bee County,38290,23822,14468,9085,6027,3058,2900,2627,273,25625,14816,10809,182,98,84,498,254,244
2042,025,Bee County,38438,23930,14508,9032,6002,3030,2896,2622,274,25826,14953,10873,180,98,82,504,255,249
2043,025,Bee County,38581,24042,14539,8980,5980,3000,2894,2619,275,26018,15091,10927,181,99,82,508,253,255
2044,025,Bee County,38729,24146,14583,8936,5961,2975,2890,2614,276,26208,15219,10989,180,97,83,515,255,260
2045,025,Bee County,38892,24260,14632,8889,5938,2951,2889,2611,278,26411,15356,11055,180,96,84,523,259,264
2046,025,Bee County,39028,24363,14665,8841,5915,2926,2881,2603,278,26598,15490,11108,178,94,84,530,261,269
2047,025,Bee County,39177,24466,14711,8802,5894,2908,2878,2598,280,26787,15622,11165,178,94,84,532,258,274
2048,025,Bee County,39308,24567,14741,8754,5869,2885,2879,2599,280,26958,15742,11216,176,93,83,541,264,277
2049,025,Bee County,39441,24675,14766,8718,5854,2864,2873,2596,277,27131,15870,11261,177,94,83,542,261,281
2050,025,Bee County,39564,24774,14790,8676,5834,2842,2873,2594,279,27290,15988,11302,175,93,82,550,265,285
2010,027,Bell County,310235,153464,156771,157289,78356,78933,63380,31551,31829,67010,33574,33436,8350,3153,5197,14206,6830,7376
2011,027,Bell County,314868,156137,158731,157882,78822,79060,64457,32183,32274,69470,34887,34583,8623,3290,5333,14436,6955,7481
2012,027,Bell County,319499,158787,160712,158414,79228,79186,65543,32820,32723,71976,36221,35755,8903,3439,5464,14663,7079,7584
2013,027,Bell County,324036,161384,162652,158826,79570,79256,66618,33456,33162,74517,37568,36949,9189,3593,5596,14886,7197,7689
2014,027,Bell County,328465,163925,164540,159097,79829,79268,67697,34091,33606,77085,38937,38148,9479,3752,5727,15107,7316,7791
2015,027,Bell County,332816,166445,166371,159219,80011,79208,68780,34741,34039,79713,40339,39374,9773,3911,5862,15331,7443,7888
2016,027,Bell County,337004,168866,168138,159215,80118,79097,69835,35368,34467,82357,41750,40607,10055,4068,5987,15542,7562,7980
2017,027,Bell County,341131,171289,169842,159118,80188,78930,70876,36001,34875,85043,43190,41853,10348,4232,6116,15746,7678,8068
2018,027,Bell County,345273,173727,171546,158995,80244,78751,71918,36634,35284,87785,44665,43120,10630,4399,6231,15945,7785,8160
2019,027,Bell County,349429,176210,173219,158824,80280,78544,72965,37285,35680,90568,46168,44400,10919,4576,6343,16153,7901,8252
2020,027,Bell County,353615,178703,174912,158617,80311,78306,73994,37919,36075,93419,47703,45716,11226,4759,6467,16359,8011,8348
2021,027,Bell County,357833,181226,176607,158396,80333,78063,75017,38558,36459,96310,49267,47043,11549,4947,6602,16561,8121,8440
2022,027,Bell County,362117,183759,178358,158147,80320,77827,76063,39209,36854,99270,50860,48410,11880,5144,6736,16757,8226,8531
2023,027,Bell County,366429,186330,180099,157886,80293,77593,77080,39848,37232,102293,52504,49789,12218,5351,6867,16952,8334,8618
2024,027,Bell County,370752,188896,181856,157628,80268,77360,78079,40471,37608,105351,54166,51185,12555,5559,6996,17139,8432,8707
2025,027,Bell County,375106,191497,183609,157348,80240,77108,79060,41090,37970,108463,55863,52600,12900,5768,7132,17335,8536,8799
2026,027,Bell County,379416,194062,185354,157017,80180,76837,79997,41680,38317,111627,57585,54042,13256,5989,7267,17519,8628,8891
2027,027,Bell County,383788,196682,187106,156670,80117,76553,80933,42283,38650,114869,59350,55519,13605,6203,7402,17711,8729,8982
2028,027,Bell County,388129,199265,188864,156281,80025,76256,81850,42861,38989,118139,61129,57010,13960,6424,7536,17899,8826,9073
2029,027,Bell County,392431,201833,190598,155832,79902,75930,82731,43431,39300,121461,62942,58519,14324,6642,7682,18083,8916,9167
2030,027,Bell County,396685,204373,192312,155339,79750,75589,83574,43974,39600,124812,64769,60043,14682,6863,7819,18278,9017,9261
2031,027,Bell County,400999,206950,194049,154891,79624,75267,84387,44508,39879,128215,66626,61589,15041,7086,7955,18465,9106,9359
2032,027,Bell County,405312,209538,195774,154474,79517,74957,85145,45016,40129,131645,68503,63142,15406,7311,8095,18642,9191,9451
2033,027,Bell County,409678,212137,197541,154104,79431,74673,85830,45474,40356,135123,70398,64725,15800,7557,8243,18821,9277,9544
2034,027,Bell County,414069,214763,199306,153781,79368,74413,86470,45916,40554,138633,72320,66313,16194,7803,8391,18991,9356,9635
2035,027,Bell County,418490,217401,201089,153499,79316,74183,87053,46326,40727,142167,74252,67915,16611,8072,8539,19160,9435,9725
2036,027,Bell County,422898,220037,202861,153250,79290,73960,87576,46702,40874,145723,76209,69514,17037,8339,8698,19312,9497,9815
2037,027,Bell County,427291,222659,204632,153008,79263,73745,88052,47054,40998,149296,78171,71125,17484,8619,8865,19451,9552,9899
2038,027,Bell County,431695,225272,206423,152771,79238,73533,88479,47374,41105,152905,80152,72753,17949,8903,9046,19591,9605,9986
2039,027,Bell County,436102,227909,208193,152563,79228,73335,88865,47678,41187,156524,82143,74381,18422,9207,9215,19728,9653,10075
2040,027,Bell County,440487,230539,209948,152346,79217,73129,89205,47955,41250,160167,84161,76006,18911,9510,9401,19858,9696,10162
2041,027,Bell County,444816,233131,211685,152140,79216,72924,89500,48208,41292,163808,86170,77638,19409,9819,9590,19959,9718,10241
2042,027,Bell County,449148,235714,213434,151929,79198,72731,89759,48437,41322,167462,88196,79266,19923,10132,9791,20075,9751,10324
2043,027,Bell County,453421,238274,215147,151699,79179,72520,89976,48645,41331,171124,90229,80895,20449,10450,9999,20173,9771,10402
2044,027,Bell County,457688,240838,216850,151455,79153,72302,90165,48836,41329,174806,92275,82531,20993,10787,10206,20269,9787,10482
2045,027,Bell County,461884,243355,218529,151190,79106,72084,90310,49000,41310,178491,94322,84169,21539,11124,10415,20354,9803,10551
2046,027,Bell County,466094,245888,220206,150899,79051,71848,90436,49152,41284,182196,96390,85806,22099,11469,10630,20464,9826,10638
2047,027,Bell County,470196,248362,221834,150581,78978,71603,90516,49282,41234,185886,98449,87437,22672,11823,10849,20541,9830,10711
2048,027,Bell County,474293,250838,223455,150254,78897,71357,90564,49389,41175,189608,100527,89081,23230,12171,11059,20637,9854,10783
2049,027,Bell County,478342,253291,225051,149898,78801,71097,90575,49479,41096,193332,102615,90717,23803,12521,11282,20734,9875,10859
2050,027,Bell County,482318,255705,226613,149528,78702,70826,90552,49550,41002,197048,104689,92359,24372,12873,11499,20818,9891,10927
2010,029,Bexar County,1714773,840840,873933,519123,257680,261443,118460,58934,59526,1006958,491194,515764,39561,17864,21697,30671,15168,15503
2011,029,Bexar County,1750424,859073,891351,523434,260165,263269,121736,60618,61118,1031863,503727,528136,41497,18788,22709,31894,15775,16119
2012,029,Bexar County,1786579,877621,908958,527875,262744,265131,125006,62313,62693,1057026,516415,540611,43533,19755,23778,33139,16394,16745
2013,029,Bexar County,1823152,896411,926741,532282,265295,266987,128317,64031,64286,1082464,529260,553204,45658,20778,24880,34431,17047,17384
2014,029,Bexar County,1860246,915461,944785,536666,267834,268832,131709,65788,65921,1108181,542262,565919,47892,21838,26054,35798,17739,18059
2015,029,Bexar County,1897824,934815,963009,541039,270374,270665,135152,67565,67587,1134191,555438,578753,50242,22985,27257,37200,18453,18747
2016,029,Bexar County,1935836,954421,981415,545359,272908,272451,138700,69397,69303,1160412,568744,591668,52719,24185,28534,38646,19187,19459
2017,029,Bexar County,1974457,974389,1000068,549721,275470,274251,142349,71283,71066,1186912,582205,604707,55315,25473,29842,40160,19958,20202
2018,029,Bexar County,2013568,994615,1018953,554120,278058,276062,146048,73198,72850,1213628,595772,617856,58048,26837,31211,41724,20750,20974
2019,029,Bexar County,2053206,1015142,1038064,558533,280669,277864,149804,75138,74666,1240591,609477,631114,60928,28277,32651,43350,21581,21769
2020,029,Bexar County,2093427,1035998,1057429,563079,283368,279711,153599,77092,76507,1267752,623295,644457,63977,29820,34157,45020,22423,22597
2021,029,Bexar County,2133589,1056852,1076737,567386,285937,281449,157395,79066,78329,1294957,637132,657825,67117,31418,35699,46734,23299,23435
2022,029,Bexar County,2174094,1077902,1096192,571635,288487,283148,161284,81087,80197,1322290,651041,671249,70391,33094,37297,48494,24193,24301
2023,029,Bexar County,2214853,1099128,1115725,575796,291016,284780,165207,83126,82081,1349732,665015,684717,73812,34855,38957,50306,25116,25190
2024,029,Bexar County,2255817,1120448,1135369,579867,293512,286355,169190,85204,83986,1377236,679002,698234,77352,36671,40681,52172,26059,26113
2025,029,Bexar County,2296917,1141849,1155068,583786,295934,287852,173225,87311,85914,1404782,693006,711776,81027,38558,42469,54097,27040,27057
2026,029,Bexar County,2337991,1163195,1174796,587536,298249,289287,177264,89418,87846,1432296,706985,725311,84829,40505,44324,56066,28038,28028
2027,029,Bexar County,2379086,1184566,1194520,591133,300491,290642,181331,91535,89796,1459767,720950,738817,88774,42527,46247,58081,29063,29018
2028,029,Bexar County,2420221,1205956,1214265,594616,302698,291918,185440,93683,91757,1487178,734878,752300,92850,44594,48256,60137,30103,30034
2029,029,Bexar County,2461279,1227346,1233933,597883,304799,293084,189568,95850,93718,1514477,748764,765713,97097,46759,50338,62254,31174,31080
2030,029,Bexar County,2502208,1248692,1253516,600976,306839,294137,193725,98025,95700,1541579,762561,779018,101514,49005,52509,64414,32262,32152
2031,029,Bexar County,2542986,1269976,1273010,603900,308797,295103,197892,100207,97685,1568534,776285,792249,106056,51322,54734,66604,33365,33239
2032,029,Bexar County,2583686,1291203,1292483,606671,310671,296000,202054,102387,99667,1595337,789948,805389,110791,53722,57069,68833,34475,34358
2033,029,Bexar County,2624384,1312433,1311951,609392,312523,296869,206214,104563,101651,1621971,803521,818450,115719,56227,59492,71088,35599,35489
2034,029,Bexar County,2665105,1333679,1331426,612055,314354,297701,210368,106746,103622,1648453,817014,831439,120854,58843,62011,73375,36722,36653
2035,029,Bexar County,2705886,1354968,1350918,614666,316168,298498,214519,108928,105591,1674796,830449,844347,126230,61573,64657,75675,37850,37825
2036,029,Bexar County,2746805,1376342,1370463,617301,318007,299294,218662,111111,107551,1700976,843806,857170,131850,64432,67418,78016,38986,39030
2037,029,Bexar County,2787880,1397803,1390077,619898,319846,300052,222797,113287,109510,1727060,857118,869942,137748,67434,70314,80377,40118,40259
2038,029,Bexar County,2829132,1419375,1409757,622504,321709,300795,226924,115466,111458,1753039,870388,882651,143897,70566,73331,82768,41246,41522
2039,029,Bexar County,2870514,1440992,1429522,625085,323568,301517,231042,117636,113406,1778923,883613,895310,150312,73829,76483,85152,42346,42806
2040,029,Bexar County,2912144,1462751,1449393,627699,325459,302240,235155,119810,115345,1804668,896773,907895,157046,77254,79792,87576,43455,44121
2041,029,Bexar County,2954054,1484650,1469404,630367,327394,302973,239263,121981,117282,1830315,909895,920420,164122,80855,83267,89987,44525,45462
2042,029,Bexar County,2996257,1506689,1489568,633083,329358,303725,243370,124155,119215,1855828,922958,932870,171525,84609,86916,92451,45609,46842
2043,029,Bexar County,3038692,1528863,1509829,635866,331363,304503,247463,126330,121133,1881186,935954,945232,179270,88548,90722,94907,46668,48239
2044,029,Bexar County,3081452,1551185,1530267,638711,333417,305294,251549,128492,123057,1906391,948883,957508,187388,92666,94722,97413,47727,49686
2045,029,Bexar County,3124521,1573684,1550837,641619,335512,306107,255612,130642,124970,1931450,961749,969701,195880,96984,98896,99960,48797,51163
2046,029,Bexar County,3167884,1596298,1571586,644586,337630,306956,259668,132798,126870,1956315,974527,981788,204782,101493,103289,102533,49850,52683
2047,029,Bexar County,3211543,1619055,1592488,647594,339763,307831,263715,134951,128764,1980995,987213,993782,214078,106207,107871,105161,50921,54240
2048,029,Bexar County,3255422,1641910,1613512,650637,341914,308723,267749,137095,130654,2005449,999789,1005660,223762,111113,112649,107825,51999,55826
2049,029,Bexar County,3299576,1664895,1634681,653730,344080,309650,271762,139232,132530,2029663,1012245,1017418,233866,116239,117627,110555,53099,57456
2050,029,Bexar County,3343929,1687949,1655980,656845,346256,310589,275764,141356,134408,2053624,1024580,1029044,244358,121550,122808,113338,54207,59131
2010,031,Blanco County,10497,5300,5197,8336,4146,4190,62,41,21,1909,1029,880,49,12,37,141,72,69
2011,031,Blanco County,10590,5335,5255,8385,4160,4225,63,41,22,1948,1049,899,50,12,38,144,73,71
2012,031,Blanco County,10683,5374,5309,8433,4175,4258,63,41,22,1989,1070,919,51,13,38,147,75,72
2013,031,Blanco County,10781,5406,5375,8484,4185,4299,64,41,23,2031,1091,940,52,13,39,150,76,74
2014,031,Blanco County,10886,5457,5429,8541,4210,4331,65,42,23,2073,1113,960,53,14,39,154,78,76
2015,031,Blanco County,10988,5500,5488,8590,4226,4364,68,44,24,2118,1136,982,54,14,40,158,80,78
2016,031,Blanco County,11094,5543,5551,8645,4244,4401,70,45,25,2162,1157,1005,55,15,40,162,82,80
2017,031,Blanco County,11201,5588,5613,8702,4264,4438,72,46,26,2205,1179,1026,56,15,41,166,84,82
2018,031,Blanco County,11303,5635,5668,8755,4286,4469,74,47,27,2247,1200,1047,57,16,41,170,86,84
2019,031,Blanco County,11393,5665,5728,8795,4292,4503,76,48,28,2290,1221,1069,58,16,42,174,88,86
2020,031,Blanco County,11504,5709,5795,8859,4313,4546,78,49,29,2330,1240,1090,59,17,42,178,90,88
2021,031,Blanco County,11609,5751,5858,8913,4329,4584,80,50,30,2374,1262,1112,61,18,43,181,92,89
2022,031,Blanco County,11694,5777,5917,8954,4334,4620,82,51,31,2411,1279,1132,62,19,43,185,94,91
2023,031,Blanco County,11803,5824,5979,9017,4357,4660,84,52,32,2450,1300,1150,62,18,44,190,97,93
2024,031,Blanco County,11912,5864,6048,9082,4378,4704,86,53,33,2487,1315,1172,63,19,44,194,99,95
2025,031,Blanco County,12020,5912,6108,9143,4402,4741,88,54,34,2526,1335,1191,64,19,45,199,102,97
2026,031,Blanco County,12109,5950,6159,9186,4414,4772,89,55,34,2566,1357,1209,65,20,45,203,104,99
2027,031,Blanco County,12188,5979,6209,9225,4423,4802,89,54,35,2603,1377,1226,66,20,46,205,105,100
2028,031,Blanco County,12269,6009,6260,9257,4428,4829,90,55,35,2646,1398,1248,67,21,46,209,107,102
2029,031,Blanco County,12340,6039,6301,9283,4434,4849,91,55,36,2683,1418,1265,69,22,47,214,110,104
2030,031,Blanco County,12407,6062,6345,9305,4433,4872,92,56,36,2722,1437,1285,70,23,47,218,113,105
2031,031,Blanco County,12450,6073,6377,9305,4424,4881,93,56,37,2757,1454,1303,72,24,48,223,115,108
2032,031,Blanco County,12505,6087,6418,9315,4415,4900,94,57,37,2797,1473,1324,74,25,49,225,117,108
2033,031,Blanco County,12529,6084,6445,9303,4397,4906,96,58,38,2826,1485,1341,75,25,50,229,119,110
2034,031,Blanco County,12555,6088,6467,9296,4386,4910,98,59,39,2852,1497,1355,76,26,50,233,120,113
2035,031,Blanco County,12581,6090,6491,9284,4370,4914,99,60,39,2884,1513,1371,77,26,51,237,121,116
2036,031,Blanco County,12600,6092,6508,9272,4357,4915,101,61,40,2906,1522,1384,78,27,51,243,125,118
2037,031,Blanco County,12607,6086,6521,9241,4335,4906,103,62,41,2937,1536,1401,79,27,52,247,126,121
2038,031,Blanco County,12626,6089,6537,9225,4321,4904,104,62,42,2965,1550,1415,80,28,52,252,128,124
2039,031,Blanco County,12622,6078,6544,9188,4294,4894,106,63,43,2991,1564,1427,81,28,53,256,129,127
2040,031,Blanco County,12618,6067,6551,9158,4273,4885,107,64,43,3010,1570,1440,82,29,53,261,131,130
2041,031,Blanco County,12605,6055,6550,9124,4251,4873,109,65,44,3027,1577,1450,81,29,52,264,133,131
2042,031,Blanco County,12596,6045,6551,9087,4227,4860,110,65,45,3050,1589,1461,82,30,52,267,134,133
2043,031,Blanco County,12586,6030,6556,9052,4201,4851,112,66,46,3072,1600,1472,82,30,52,268,133,135
2044,031,Blanco County,12603,6039,6564,9028,4186,4842,115,68,47,3104,1618,1486,83,31,52,273,136,137
2045,031,Blanco County,12603,6033,6570,8998,4169,4829,115,67,48,3129,1629,1500,84,31,53,277,137,140
2046,031,Blanco County,12612,6042,6570,8973,4158,4815,116,68,48,3157,1643,1514,85,32,53,281,141,140
2047,031,Blanco County,12605,6031,6574,8947,4142,4805,116,67,49,3171,1647,1524,86,32,54,285,143,142
2048,031,Blanco County,12583,6013,6570,8922,4128,4794,116,67,49,3172,1641,1531,87,33,54,286,144,142
2049,031,Blanco County,12591,6014,6577,8905,4115,4790,117,67,50,3188,1652,1536,88,33,55,293,147,146
2050,031,Blanco County,12594,6012,6582,8886,4100,4786,117,67,50,3206,1662,1544,89,34,55,296,149,147
2010,033,Borden County,641,335,306,539,280,259,0,0,0,95,53,42,1,0,1,6,2,4
2011,033,Borden County,644,336,308,541,281,260,0,0,0,96,53,43,1,0,1,6,2,4
2012,033,Borden County,646,338,308,542,282,260,0,0,0,97,54,43,1,0,1,6,2,4
2013,033,Borden County,650,340,310,545,284,261,0,0,0,98,54,44,1,0,1,6,2,4
2014,033,Borden County,656,343,313,549,286,263,0,0,0,100,55,45,1,0,1,6,2,4
2015,033,Borden County,660,345,315,551,287,264,0,0,0,102,56,46,1,0,1,6,2,4
2016,033,Borden County,667,349,318,556,290,266,0,0,0,104,57,47,1,0,1,6,2,4
2017,033,Borden County,669,350,319,556,290,266,0,0,0,106,58,48,1,0,1,6,2,4
2018,033,Borden County,675,354,321,560,293,267,0,0,0,108,59,49,1,0,1,6,2,4
2019,033,Borden County,681,357,324,564,295,269,0,0,0,110,60,50,1,0,1,6,2,4
2020,033,Borden County,685,359,326,566,296,270,0,0,0,112,61,51,1,0,1,6,2,4
2021,033,Borden County,692,362,330,571,298,273,0,0,0,114,62,52,1,0,1,6,2,4
2022,033,Borden County,698,365,333,575,300,275,0,0,0,116,63,53,1,0,1,6,2,4
2023,033,Borden County,700,366,334,575,300,275,0,0,0,118,64,54,1,0,1,6,2,4
2024,033,Borden County,702,367,335,576,301,275,0,0,0,120,65,55,1,0,1,5,1,4
2025,033,Borden County,704,368,336,576,301,275,0,0,0,122,66,56,1,0,1,5,1,4
2026,033,Borden County,705,370,335,575,302,273,0,0,0,124,67,57,1,0,1,5,1,4
2027,033,Borden County,706,371,335,574,302,272,0,0,0,126,68,58,1,0,1,5,1,4
2028,033,Borden County,708,374,334,575,304,271,0,0,0,127,69,58,1,0,1,5,1,4
2029,033,Borden County,706,373,333,571,302,269,0,0,0,129,70,59,1,0,1,5,1,4
2030,033,Borden County,706,372,334,569,300,269,0,0,0,131,71,60,1,0,1,5,1,4
2031,033,Borden County,704,371,333,565,298,267,0,0,0,133,72,61,1,0,1,5,1,4
2032,033,Borden County,702,369,333,561,295,266,0,0,0,135,73,62,1,0,1,5,1,4
2033,033,Borden County,701,368,333,558,293,265,0,0,0,137,74,63,1,0,1,5,1,4
2034,033,Borden County,700,367,333,555,291,264,0,0,0,139,75,64,1,0,1,5,1,4
2035,033,Borden County,699,366,333,552,289,263,0,0,0,141,76,65,1,0,1,5,1,4
2036,033,Borden County,696,364,332,547,286,261,0,0,0,143,77,66,1,0,1,5,1,4
2037,033,Borden County,692,362,330,541,283,258,0,0,0,145,78,67,1,0,1,5,1,4
2038,033,Borden County,689,361,328,537,282,255,0,0,0,146,78,68,1,0,1,5,1,4
2039,033,Borden County,686,360,326,531,280,251,0,0,0,149,79,70,1,0,1,5,1,4
2040,033,Borden County,687,360,327,529,278,251,0,0,0,152,81,71,1,0,1,5,1,4
2041,033,Borden County,686,359,327,525,276,249,0,0,0,155,82,73,1,0,1,5,1,4
2042,033,Borden County,684,358,326,520,273,247,0,0,0,158,84,74,1,0,1,5,1,4
2043,033,Borden County,684,357,327,518,272,246,0,0,0,160,84,76,1,0,1,5,1,4
2044,033,Borden County,681,357,324,513,270,243,0,0,0,162,86,76,1,0,1,5,1,4
2045,033,Borden County,676,356,320,507,269,238,0,0,0,163,86,77,1,0,1,5,1,4
2046,033,Borden County,673,356,317,503,268,235,0,0,0,164,87,77,1,0,1,5,1,4
2047,033,Borden County,671,354,317,498,265,233,0,0,0,167,88,79,1,0,1,5,1,4
2048,033,Borden County,669,354,315,493,263,230,0,0,0,170,90,80,1,0,1,5,1,4
2049,033,Borden County,663,351,312,486,260,226,0,0,0,171,90,81,1,0,1,5,1,4
2050,033,Borden County,663,351,312,484,259,225,0,0,0,173,91,82,1,0,1,5,1,4
2010,035,Bosque County,18212,9053,9159,14701,7204,7497,277,153,124,2926,1555,1371,38,11,27,270,130,140
2011,035,Bosque County,18141,9011,9130,14574,7136,7438,281,155,126,2971,1576,1395,39,11,28,276,133,143
2012,035,Bosque County,18076,8969,9107,14443,7060,7383,286,158,128,3024,1602,1422,40,12,28,283,137,146
2013,035,Bosque County,18034,8941,9093,14323,6994,7329,291,161,130,3089,1633,1456,41,12,29,290,141,149
2014,035,Bosque County,17998,8912,9086,14217,6932,7285,295,164,131,3149,1660,1489,42,13,29,295,143,152
2015,035,Bosque County,17952,8870,9082,14101,6857,7244,300,167,133,3205,1686,1519,43,13,30,303,147,156
2016,035,Bosque County,17909,8836,9073,13989,6791,7198,306,170,136,3260,1710,1550,44,14,30,310,151,159
2017,035,Bosque County,17875,8801,9074,13884,6723,7161,311,173,138,3315,1735,1580,45,14,31,320,156,164
2018,035,Bosque County,17828,8750,9078,13768,6642,7126,317,176,141,3370,1758,1612,46,15,31,327,159,168
2019,035,Bosque County,17793,8714,9079,13660,6572,7088,323,179,144,3427,1783,1644,47,15,32,336,165,171
2020,035,Bosque County,17765,8678,9087,13558,6503,7055,329,182,147,3484,1806,1678,48,16,32,346,171,175
2021,035,Bosque County,17729,8638,9091,13446,6427,7019,336,186,150,3543,1832,1711,49,16,33,355,177,178
2022,035,Bosque County,17682,8592,9090,13324,6347,6977,343,190,153,3598,1855,1743,50,17,33,367,183,184
2023,035,Bosque County,17633,8549,9084,13204,6275,6929,348,193,155,3655,1878,1777,51,17,34,375,186,189
2024,035,Bosque County,17576,8501,9075,13081,6198,6883,353,196,157,3707,1900,1807,52,18,34,383,189,194
2025,035,Bosque County,17522,8455,9067,12959,6120,6839,355,197,158,3760,1923,1837,53,18,35,395,197,198
2026,035,Bosque County,17440,8392,9048,12819,6031,6788,360,200,160,3806,1942,1864,53,19,34,402,200,202
2027,035,Bosque County,17354,8334,9020,12679,5952,6727,364,202,162,3850,1959,1891,54,19,35,407,202,205
2028,035,Bosque County,17245,8266,8979,12520,5859,6661,367,204,163,3887,1975,1912,55,20,35,416,208,208
2029,035,Bosque County,17131,8201,8930,12357,5772,6585,370,205,165,3929,1995,1934,56,20,36,419,209,210
2030,035,Bosque County,17009,8127,8882,12193,5677,6516,371,206,165,3964,2012,1952,56,21,35,425,211,214
2031,035,Bosque County,16880,8051,8829,12017,5578,6439,376,209,167,3999,2028,1971,56,21,35,432,215,217
2032,035,Bosque County,16742,7970,8772,11845,5480,6365,378,210,168,4025,2040,1985,57,22,35,437,218,219
2033,035,Bosque County,16605,7883,8722,11672,5384,6288,381,211,170,4056,2049,2007,57,22,35,439,217,222
2034,035,Bosque County,16473,7803,8670,11501,5290,6211,382,211,171,4086,2058,2028,57,23,34,447,221,226
2035,035,Bosque County,16320,7720,8600,11309,5190,6119,384,212,172,4117,2072,2045,58,23,35,452,223,229
2036,035,Bosque County,16192,7641,8551,11137,5097,6040,386,214,172,4153,2081,2072,59,24,35,457,225,232
2037,035,Bosque County,16053,7559,8494,10956,5002,5954,388,215,173,4188,2091,2097,60,24,36,461,227,234
2038,035,Bosque County,15905,7478,8427,10780,4913,5867,387,215,172,4216,2099,2117,60,24,36,462,227,235
2039,035,Bosque County,15769,7395,8374,10609,4821,5788,391,218,173,4248,2109,2139,61,24,37,460,223,237
2040,035,Bosque County,15626,7319,8307,10435,4734,5701,395,221,174,4270,2114,2156,62,25,37,464,225,239
2041,035,Bosque County,15474,7236,8238,10255,4641,5614,398,222,176,4291,2123,2168,63,25,38,467,225,242
2042,035,Bosque County,15338,7163,8175,10095,4560,5535,400,222,178,4308,2129,2179,64,26,38,471,226,245
2043,035,Bosque County,15215,7092,8123,9933,4474,5459,403,223,180,4336,2138,2198,65,26,39,478,231,247
2044,035,Bosque County,15080,7012,8068,9782,4392,5390,405,223,182,4349,2138,2211,64,27,37,480,232,248
2045,035,Bosque County,14956,6936,8020,9629,4314,5315,407,224,183,4369,2135,2234,63,27,36,488,236,252
2046,035,Bosque County,14840,6869,7971,9489,4240,5249,405,222,183,4388,2140,2248,64,28,36,494,239,255
2047,035,Bosque County,14729,6806,7923,9347,4168,5179,406,222,184,4415,2148,2267,65,28,37,496,240,256
2048,035,Bosque County,14611,6740,7871,9217,4101,5116,407,223,184,4421,2146,2275,66,29,37,500,241,259
2049,035,Bosque County,14497,6671,7826,9093,4037,5056,406,224,182,4428,2139,2289,67,29,38,503,242,261
2050,035,Bosque County,14388,6600,7788,8972,3969,5003,403,224,179,4435,2132,2303,68,30,38,510,245,265
2010,037,Bowie County,92565,46758,45807,61343,30197,31146,22230,11207,11023,6062,3892,2170,721,321,400,2209,1141,1068
2011,037,Bowie County,92602,46752,45850,61133,30078,31055,22263,11214,11049,6191,3958,2233,755,335,420,2260,1167,1093
2012,037,Bowie County,92565,46716,45849,60852,29932,30920,22284,11214,11070,6331,4031,2300,787,347,440,2311,1192,1119
2013,037,Bowie County,92575,46703,45872,60597,29796,30801,22311,11220,11091,6472,4102,2370,824,362,462,2371,1223,1148
2014,037,Bowie County,92584,46692,45892,60334,29663,30671,22349,11230,11119,6610,4171,2439,860,376,484,2431,1252,1179
2015,037,Bowie County,92594,46692,45902,60080,29542,30538,22379,11238,11141,6749,4240,2509,895,390,505,2491,1282,1209
2016,037,Bowie County,92596,46668,45928,59800,29393,30407,22407,11238,11169,6893,4315,2578,931,403,528,2565,1319,1246
2017,037,Bowie County,92597,46660,45937,59533,29264,30269,22435,11240,11195,7035,4388,2647,965,416,549,2629,1352,1277
2018,037,Bowie County,92614,46652,45962,59266,29127,30139,22459,11236,11223,7183,4463,2720,1002,433,569,2704,1393,1311
2019,037,Bowie County,92594,46621,45973,58976,28974,30002,22476,11231,11245,7328,4536,2792,1030,444,586,2784,1436,1348
2020,037,Bowie County,92568,46591,45977,58686,28824,29862,22488,11227,11261,7472,4605,2867,1060,456,604,2862,1479,1383
2021,037,Bowie County,92532,46549,45983,58385,28657,29728,22487,11218,11269,7621,4682,2939,1095,469,626,2944,1523,1421
2022,037,Bowie County,92439,46470,45969,58056,28469,29587,22471,11203,11268,7767,4750,3017,1127,484,643,3018,1564,1454
2023,037,Bowie County,92375,46406,45969,57740,28292,29448,22464,11192,11272,7914,4821,3093,1160,496,664,3097,1605,1492
2024,037,Bowie County,92329,46327,46002,57414,28102,29312,22466,11175,11291,8055,4887,3168,1201,512,689,3193,1651,1542
2025,037,Bowie County,92261,46268,45993,57089,27928,29161,22446,11154,11292,8208,4962,3246,1237,528,709,3281,1696,1585
2026,037,Bowie County,92205,46218,45987,56762,27762,29000,22426,11131,11295,8357,5035,3322,1278,544,734,3382,1746,1636
2027,037,Bowie County,92117,46145,45972,56417,27576,28841,22394,11103,11291,8505,5108,3397,1325,562,763,3476,1796,1680
2028,037,Bowie County,92015,46064,45951,56064,27390,28674,22347,11063,11284,8658,5187,3471,1374,580,794,3572,1844,1728
2029,037,Bowie County,91887,45977,45910,55692,27199,28493,22302,11030,11272,8796,5248,3548,1427,602,825,3670,1898,1772
2030,037,Bowie County,91724,45863,45861,55304,26997,28307,22232,10978,11254,8930,5311,3619,1481,620,861,3777,1957,1820
2031,037,Bowie County,91539,45746,45793,54908,26792,28116,22154,10932,11222,9062,5372,3690,1532,641,891,3883,2009,1874
2032,037,Bowie County,91310,45603,45707,54475,26571,27904,22066,10880,11186,9190,5425,3765,1582,660,922,3997,2067,1930
2033,037,Bowie County,91056,45446,45610,54018,26338,27680,21964,10816,11148,9317,5479,3838,1648,691,957,4109,2122,1987
2034,037,Bowie County,90768,45274,45494,53554,26106,27448,21840,10745,11095,9440,5525,3915,1716,722,994,4218,2176,2042
2035,037,Bowie County,90456,45088,45368,53062,25861,27201,21715,10677,11038,9561,5570,3991,1787,751,1036,4331,2229,2102
2036,037,Bowie County,90104,44879,45225,52545,25610,26935,21575,10594,10981,9679,5612,4067,1857,782,1075,4448,2281,2167
2037,037,Bowie County,89753,44683,45070,52025,25360,26665,21430,10518,10912,9807,5655,4152,1938,817,1121,4553,2333,2220
2038,037,Bowie County,89372,44469,44903,51500,25105,26395,21280,10439,10841,9922,5696,4226,2011,849,1162,4659,2380,2279
2039,037,Bowie County,88968,44245,44723,50938,24838,26100,21118,10358,10760,10052,5740,4312,2096,886,1210,4764,2423,2341
2040,037,Bowie County,88559,43992,44567,50394,24574,25820,20951,10264,10687,10176,5776,4400,2176,917,1259,4862,2461,2401
2041,037,Bowie County,88119,43756,44363,49839,24305,25534,20771,10176,10595,10293,5821,4472,2257,954,1303,4959,2500,2459
2042,037,Bowie County,87654,43494,44160,49268,24035,25233,20583,10081,10502,10423,5863,4560,2336,990,1346,5044,2525,2519
2043,037,Bowie County,87213,43261,43952,48704,23770,24934,20390,9985,10405,10547,5907,4640,2416,1028,1388,5156,2571,2585
2044,037,Bowie County,86727,42989,43738,48130,23496,24634,20199,9891,10308,10671,5951,4720,2498,1063,1435,5229,2588,2641
2045,037,Bowie County,86273,42759,43514,47551,23223,24328,19999,9803,10196,10795,5993,4802,2586,1104,1482,5342,2636,2706
2046,037,Bowie County,85807,42513,43294,46980,22953,24027,19796,9702,10094,10926,6042,4884,2675,1147,1528,5430,2669,2761
2047,037,Bowie County,85340,42263,43077,46406,22678,23728,19588,9606,9982,11053,6086,4967,2758,1186,1572,5535,2707,2828
2048,037,Bowie County,84885,42022,42863,45859,22421,23438,19379,9511,9868,11174,6127,5047,2857,1237,1620,5616,2726,2890
2049,037,Bowie County,84467,41804,42663,45295,22150,23145,19164,9408,9756,11313,6172,5141,2955,1289,1666,5740,2785,2955
2050,037,Bowie County,84047,41580,42467,44762,21905,22857,18951,9303,9648,11439,6215,5224,3067,1349,1718,5828,2808,3020
2010,039,Brazoria County,313166,159000,154166,166674,83696,82978,36880,19378,17502,86643,44846,41797,17013,8181,8832,5956,2899,3057
2011,039,Brazoria County,319061,161896,157165,167347,83993,83354,38220,20024,18196,89537,46295,43242,17798,8580,9218,6159,3004,3155
2012,039,Brazoria County,325102,164870,160232,167970,84266,83704,39617,20690,18927,92525,47796,44729,18600,8994,9606,6390,3124,3266
2013,039,Brazoria County,331162,167836,163326,168531,84499,84032,41055,21377,19678,95561,49328,46233,19416,9405,10011,6599,3227,3372
2014,039,Brazoria County,337296,170856,166440,169017,84701,84316,42529,22079,20450,98668,50898,47770,20258,9836,10422,6824,3342,3482
2015,039,Brazoria County,343482,173911,169571,169418,84859,84559,44048,22805,21243,101845,52504,49341,21115,10275,10840,7056,3468,3588
2016,039,Brazoria County,349754,176993,172761,169747,84979,84768,45610,23555,22055,105086,54140,50946,22017,10732,11285,7294,3587,3707
2017,039,Brazoria County,356110,180118,175992,170013,85065,84948,47207,24315,22892,108406,55819,52587,22952,11205,11747,7532,3714,3818
2018,039,Brazoria County,362586,183300,179286,170196,85116,85080,48881,25106,23775,111811,57539,54272,23914,11695,12219,7784,3844,3940
2019,039,Brazoria County,369135,186499,182636,170311,85115,85196,50584,25909,24675,115272,59288,55984,24927,12206,12721,8041,3981,4060
2020,039,Brazoria County,375842,189785,186057,170409,85117,85292,52338,26737,25601,118797,61061,57736,25989,12748,13241,8309,4122,4187
2021,039,Brazoria County,382763,193154,189609,170500,85103,85397,54151,27596,26555,122413,62877,59536,27115,13310,13805,8584,4268,4316
2022,039,Brazoria County,389809,196596,193213,170537,85066,85471,55994,28468,27526,126102,64736,61366,28308,13912,14396,8868,4414,4454
2023,039,Brazoria County,397087,200162,196925,170561,85033,85528,57915,29378,28537,129876,66634,63242,29568,14548,15020,9167,4569,4598
2024,039,Brazoria County,404505,203764,200741,170539,84964,85575,59884,30302,29582,133718,68558,65160,30880,15207,15673,9484,4733,4751
2025,039,Brazoria County,412092,207465,204627,170469,84869,85600,61894,31242,30652,137638,70526,67112,32266,15911,16355,9825,4917,4908
2026,039,Brazoria County,419849,211270,208579,170366,84766,85600,63940,32209,31731,141623,72523,69100,33738,16662,17076,10182,5110,5072
2027,039,Brazoria County,427725,215136,212589,170198,84645,85553,66034,33187,32847,145681,74550,71131,35262,17441,17821,10550,5313,5237
2028,039,Brazoria County,435750,219095,216655,169980,84505,85475,68184,34194,33990,149795,76609,73186,36865,18269,18596,10926,5518,5408
2029,039,Brazoria County,443977,223126,220851,169753,84345,85408,70355,35210,35145,153991,78701,75290,38565,19146,19419,11313,5724,5589
2030,039,Brazoria County,452393,227260,225133,169517,84189,85328,72576,36248,36328,158242,80821,77421,40333,20052,20281,11725,5950,5775
2031,039,Brazoria County,460943,231454,229489,169242,84007,85235,74835,37304,37531,162539,82962,79577,42188,21015,21173,12139,6166,5973
2032,039,Brazoria County,469573,235701,233872,168934,83814,85120,77106,38366,38740,166873,85128,81745,44096,22004,22092,12564,6389,6175
2033,039,Brazoria County,478278,239985,238293,168554,83587,84967,79402,39436,39966,171249,87311,83938,46068,23029,23039,13005,6622,6383
2034,039,Brazoria County,487045,244306,242739,168122,83338,84784,81704,40511,41193,175669,89513,86156,48095,24084,24011,13455,6860,6595
2035,039,Brazoria County,495844,248652,247192,167649,83072,84577,84019,41595,42424,180111,91716,88395,50168,25172,24996,13897,7097,6800
2036,039,Brazoria County,504699,253035,251664,167112,82781,84331,86346,42674,43672,184592,93940,90652,52284,26289,25995,14365,7351,7014
2037,039,Brazoria County,513594,257450,256144,166526,82463,84063,88688,43774,44914,189097,96183,92914,54434,27416,27018,14849,7614,7235
2038,039,Brazoria County,522493,261870,260623,165895,82128,83767,91047,44877,46170,193639,98438,95201,56592,28556,28036,15320,7871,7449
2039,039,Brazoria County,531356,266282,265074,165199,81764,83435,93406,45981,47425,198180,100690,97490,58785,29724,29061,15786,8123,7663
2040,039,Brazoria County,540232,270702,269530,164456,81393,83063,95775,47091,48684,202755,102952,99803,60990,30898,30092,16256,8368,7888
2041,039,Brazoria County,549108,275142,273966,163662,80994,82668,98150,48210,49940,207364,105239,102125,63212,32090,31122,16720,8609,8111
2042,039,Brazoria County,557965,279548,278417,162821,80572,82249,100538,49329,51209,212001,107537,104464,65420,33269,32151,17185,8841,8344
2043,039,Brazoria County,566859,283993,282866,161951,80142,81809,102942,50467,52475,216659,109840,106819,67657,34464,33193,17650,9080,8570
2044,039,Brazoria County,575710,288429,287281,161051,79703,81348,105352,51608,53744,221331,112162,109169,69888,35662,34226,18088,9294,8794
2045,039,Brazoria County,584600,292910,291690,160099,79251,80848,107781,52757,55024,226051,114508,111543,72119,36861,35258,18550,9533,9017
2046,039,Brazoria County,593500,297364,296136,159140,78791,80349,110219,53909,56310,230784,116856,113928,74368,38064,36304,18989,9744,9245
2047,039,Brazoria County,602503,301905,300598,158153,78328,79825,112680,55086,57594,235548,119219,116329,76663,39293,37370,19459,9979,9480
2048,039,Brazoria County,611535,306461,305074,157154,77859,79295,115137,56263,58874,240338,121595,118743,78986,40532,38454,19920,10212,9708
2049,039,Brazoria County,620675,311073,309602,156147,77392,78755,117624,57459,60165,245156,123993,121163,81360,41788,39572,20388,10441,9947
2050,039,Brazoria County,629936,315725,314211,155127,76922,78205,120130,58654,61476,250004,126400,123604,83801,43073,40728,20874,10676,10198
2010,041,Brazos County,194851,98630,96221,115252,57972,57280,20827,9967,10860,45405,23529,21876,9982,5468,4514,3385,1694,1691
2011,041,Brazos County,198262,100387,97875,116219,58497,57722,21253,10185,11068,46934,24278,22656,10312,5656,4656,3544,1771,1773
2012,041,Brazos County,200753,101663,99090,116402,58635,57767,21639,10378,11261,48398,24992,23406,10608,5812,4796,3706,1846,1860
2013,041,Brazos County,203279,102959,100320,116577,58756,57821,22029,10578,11451,49902,25726,24176,10896,5969,4927,3875,1930,1945
2014,041,Brazos County,206092,104357,101735,116957,58954,58003,22430,10783,11647,51443,26474,24969,11213,6136,5077,4049,2010,2039
2015,041,Brazos County,209231,105912,103319,117600,59270,58330,22825,10982,11843,53033,27245,25788,11535,6313,5222,4238,2102,2136
2016,041,Brazos County,213041,107831,105210,118730,59859,58871,23227,11187,12040,54738,28071,26667,11917,6525,5392,4429,2189,2240
2017,041,Brazos County,217032,109859,107173,119966,60517,59449,23635,11395,12240,56493,28922,27571,12313,6746,5567,4625,2279,2346
2018,041,Brazos County,221071,111929,109142,121208,61187,60021,24036,11603,12433,58277,29789,28488,12721,6974,5747,4829,2376,2453
2019,041,Brazos County,225221,114075,111146,122458,61871,60587,24434,11811,12623,60129,30690,29439,13160,7229,5931,5040,2474,2566
2020,041,Brazos County,229403,116212,113191,123670,62529,61141,24839,12023,12816,62010,31596,30414,13623,7491,6132,5261,2573,2688
2021,041,Brazos County,233494,118308,115186,124746,63105,61641,25244,12241,13003,63912,32524,31388,14109,7765,6344,5483,2673,2810
2022,041,Brazos County,237595,120400,117195,125791,63664,62127,25639,12447,13192,65869,33478,32391,14597,8046,6551,5699,2765,2934
2023,041,Brazos County,241746,122524,119222,126797,64192,62605,26054,12665,13389,67847,34443,33404,15114,8351,6763,5934,2873,3061
2024,041,Brazos County,245926,124660,121266,127765,64709,63056,26464,12883,13581,69864,35419,34445,15662,8673,6989,6171,2976,3195
2025,041,Brazos County,250192,126820,123372,128721,65213,63508,26882,13092,13790,71926,36417,35509,16236,9010,7226,6427,3088,3339
2026,041,Brazos County,254480,129001,125479,129655,65706,63949,27288,13305,13983,74036,37435,36601,16814,9348,7466,6687,3207,3480
2027,041,Brazos County,258810,131215,127595,130546,66188,64358,27704,13519,14185,76175,38463,37712,17423,9718,7705,6962,3327,3635
2028,041,Brazos County,263158,133443,129715,131394,66646,64748,28112,13724,14388,78357,39518,38839,18053,10104,7949,7242,3451,3791
2029,041,Brazos County,267671,135742,131929,132344,67158,65186,28529,13944,14585,80565,40568,39997,18697,10489,8208,7536,3583,3953
2030,041,Brazos County,272402,138151,134251,133458,67747,65711,28938,14152,14786,82789,41630,41159,19384,10908,8476,7833,3714,4119
2031,041,Brazos County,277274,140625,136649,134605,68354,66251,29358,14365,14993,85071,42715,42356,20092,11343,8749,8148,3848,4300
2032,041,Brazos County,282150,143105,139045,135751,68960,66791,29753,14572,15181,87377,43808,43569,20798,11772,9026,8471,3993,4478
2033,041,Brazos County,286978,145592,141386,136823,69551,67272,30129,14764,15365,89719,44928,44791,21510,12213,9297,8797,4136,4661
2034,041,Brazos County,291729,148019,143710,137767,70069,67698,30493,14953,15540,92114,46061,46053,22228,12654,9574,9127,4282,4845
2035,041,Brazos County,296435,150412,146023,138647,70553,68094,30866,15146,15720,94528,47206,47322,22934,13084,9850,9460,4423,5037
2036,041,Brazos County,301165,152824,148341,139480,71017,68463,31212,15321,15891,96992,48371,48621,23668,13534,10134,9813,4581,5232
2037,041,Brazos County,305895,155215,150680,140284,71465,68819,31549,15496,16053,99499,49548,49951,24391,13973,10418,10172,4733,5439
2038,041,Brazos County,310572,157587,152985,141042,71889,69153,31863,15663,16200,102032,50744,51288,25098,14399,10699,10537,4892,5645
2039,041,Brazos County,315229,159927,155302,141742,72288,69454,32173,15825,16348,104594,51941,52653,25805,14820,10985,10915,5053,5862
2040,041,Brazos County,319886,162272,157614,142400,72670,69730,32474,15985,16489,107197,53161,54036,26508,15234,11274,11307,5222,6085
2041,041,Brazos County,324483,164574,159909,142983,73011,69972,32779,16144,16635,109815,54383,55432,27208,15651,11557,11698,5385,6313
2042,041,Brazos County,329007,166832,162175,143500,73316,70184,33048,16285,16763,112461,55626,56835,27894,16049,11845,12104,5556,6548
2043,041,Brazos County,333503,169062,164441,143974,73601,70373,33325,16434,16891,115122,56866,58256,28560,16435,12125,12522,5726,6796
2044,041,Brazos County,337946,171277,166669,144397,73865,70532,33574,16568,17006,117811,58125,59686,29216,16816,12400,12948,5903,7045
2045,041,Brazos County,342400,173494,168906,144807,74124,70683,33821,16705,17116,120516,59380,61136,29879,17201,12678,13377,6084,7293
2046,041,Brazos County,346842,175696,171146,145183,74369,70814,34053,16833,17220,123240,60650,62590,30542,17579,12963,13824,6265,7559
2047,041,Brazos County,351314,177892,173422,145565,74610,70955,34276,16953,17323,125989,61927,64062,31210,17956,13254,14274,6446,7828
2048,041,Brazos County,355802,180113,175689,145940,74857,71083,34492,17073,17419,128747,63207,65540,31880,18341,13539,14743,6635,8108
2049,041,Brazos County,360326,182358,177968,146320,75107,71213,34694,17186,17508,131520,64495,67025,32574,18739,13835,15218,6831,8387
2050,041,Brazos County,364929,184638,180291,146727,75370,71357,34894,17299,17595,134323,65797,68526,33281,19141,14140,15704,7031,8673
2010,043,Brewster County,9232,4636,4596,5011,2528,2483,79,62,17,3918,1939,1979,58,25,33,166,82,84
2011,043,Brewster County,9221,4623,4598,4976,2504,2472,80,62,18,3937,1949,1988,59,25,34,169,83,86
2012,043,Brewster County,9219,4620,4599,4943,2483,2460,81,63,18,3963,1963,2000,60,26,34,172,85,87
2013,043,Brewster County,9222,4618,4604,4915,2465,2450,82,63,19,3989,1978,2011,61,26,35,175,86,89
2014,043,Brewster County,9230,4616,4614,4885,2444,2441,83,64,19,4022,1993,2029,62,27,35,178,88,90
2015,043,Brewster County,9228,4613,4615,4853,2428,2425,84,64,20,4048,2006,2042,63,27,36,180,88,92
2016,043,Brewster County,9214,4599,4615,4813,2399,2414,85,65,20,4069,2017,2052,64,28,36,183,90,93
2017,043,Brewster County,9204,4592,4612,4782,2377,2405,86,65,21,4084,2030,2054,65,28,37,187,92,95
2018,043,Brewster County,9192,4578,4614,4742,2348,2394,87,66,21,4107,2041,2066,66,29,37,190,94,96
2019,043,Brewster County,9157,4553,4604,4695,2319,2376,88,66,22,4116,2045,2071,67,29,38,191,94,97
2020,043,Brewster County,9133,4540,4593,4653,2291,2362,89,67,22,4127,2055,2072,68,30,38,196,97,99
2021,043,Brewster County,9100,4519,4581,4612,2262,2350,90,67,23,4132,2062,2070,69,30,39,197,98,99
2022,043,Brewster County,9067,4499,4568,4573,2237,2336,91,68,23,4134,2064,2070,70,31,39,199,99,100
2023,043,Brewster County,9033,4478,4555,4531,2211,2320,92,68,24,4137,2068,2069,71,31,40,202,100,102
2024,043,Brewster County,9002,4462,4540,4491,2182,2309,93,69,24,4142,2077,2065,72,32,40,204,102,102
2025,043,Brewster County,8958,4441,4517,4448,2157,2291,94,69,25,4136,2080,2056,73,32,41,207,103,104
2026,043,Brewster County,8919,4418,4501,4414,2134,2280,95,70,25,4126,2076,2050,74,33,41,210,105,105
2027,043,Brewster County,8868,4389,4479,4374,2107,2267,96,70,26,4110,2073,2037,75,33,42,213,106,107
2028,043,Brewster County,8819,4364,4455,4331,2079,2252,97,71,26,4100,2073,2027,76,34,42,215,107,108
2029,043,Brewster County,8772,4339,4433,4290,2054,2236,98,71,27,4090,2073,2017,77,34,43,217,107,110
2030,043,Brewster County,8730,4322,4408,4257,2035,2222,99,72,27,4077,2073,2004,78,35,43,219,107,112
2031,043,Brewster County,8684,4294,4390,4216,2005,2211,100,72,28,4064,2073,1991,79,35,44,225,109,116
2032,043,Brewster County,8632,4266,4366,4174,1980,2194,100,72,28,4051,2068,1983,80,36,44,227,110,117
2033,043,Brewster County,8598,4251,4347,4145,1964,2181,100,71,29,4042,2069,1973,81,36,45,230,111,119
2034,043,Brewster County,8553,4231,4322,4110,1943,2167,101,72,29,4028,2067,1961,83,37,46,231,112,119
2035,043,Brewster County,8516,4211,4305,4073,1921,2152,103,73,30,4022,2067,1955,83,37,46,235,113,122
2036,043,Brewster County,8472,4194,4278,4043,1906,2137,105,74,31,4002,2061,1941,85,38,47,237,115,122
2037,043,Brewster County,8418,4164,4254,4009,1884,2125,107,75,32,3981,2052,1929,85,38,47,236,115,121
2038,043,Brewster County,8367,4136,4231,3974,1863,2111,109,76,33,3959,2043,1916,87,39,48,238,115,123
2039,043,Brewster County,8326,4120,4206,3945,1849,2096,111,77,34,3941,2036,1905,86,39,47,243,119,124
2040,043,Brewster County,8284,4100,4184,3919,1838,2081,113,78,35,3920,2025,1895,88,40,48,244,119,125
2041,043,Brewster County,8225,4068,4157,3887,1819,2068,115,79,36,3888,2010,1878,88,40,48,247,120,127
2042,043,Brewster County,8178,4046,4132,3864,1808,2056,117,80,37,3862,1999,1863,88,39,49,247,120,127
2043,043,Brewster County,8138,4025,4113,3848,1802,2046,119,81,38,3836,1984,1852,88,39,49,247,119,128
2044,043,Brewster County,8086,4003,4083,3825,1793,2032,121,82,39,3799,1966,1833,90,40,50,251,122,129
2045,043,Brewster County,8019,3965,4054,3813,1787,2026,122,82,40,3741,1933,1808,90,40,50,253,123,130
2046,043,Brewster County,7958,3937,4021,3789,1775,2014,124,83,41,3697,1912,1785,92,41,51,256,126,130
2047,043,Brewster County,7915,3912,4003,3775,1766,2009,125,83,42,3667,1896,1771,91,41,50,257,126,131
2048,043,Brewster County,7877,3894,3983,3764,1764,2000,126,83,43,3639,1880,1759,91,42,49,257,125,132
2049,043,Brewster County,7842,3875,3967,3752,1760,1992,126,82,44,3615,1866,1749,90,41,49,259,126,133
2050,043,Brewster County,7799,3853,3946,3735,1754,1981,127,82,45,3584,1847,1737,91,42,49,262,128,134
2010,045,Briscoe County,1637,815,822,1163,574,589,40,17,23,411,211,200,0,0,0,23,13,10
2011,045,Briscoe County,1617,808,809,1141,564,577,40,17,23,413,214,199,0,0,0,23,13,10
2012,045,Briscoe County,1610,806,804,1128,559,569,40,17,23,419,217,202,0,0,0,23,13,10
2013,045,Briscoe County,1602,803,799,1114,553,561,40,17,23,424,220,204,0,0,0,24,13,11
2014,045,Briscoe County,1600,802,798,1105,547,558,40,17,23,430,224,206,0,0,0,25,14,11
2015,045,Briscoe County,1593,798,795,1093,540,553,40,17,23,434,227,207,0,0,0,26,14,12
2016,045,Briscoe County,1587,797,790,1083,536,547,40,17,23,438,230,208,0,0,0,26,14,12
2017,045,Briscoe County,1582,794,788,1072,530,542,40,17,23,443,233,210,0,0,0,27,14,13
2018,045,Briscoe County,1576,793,783,1060,525,535,40,17,23,448,236,212,0,0,0,28,15,13
2019,045,Briscoe County,1572,792,780,1050,521,529,39,17,22,454,239,215,0,0,0,29,15,14
2020,045,Briscoe County,1568,790,778,1041,515,526,38,17,21,459,242,217,0,0,0,30,16,14
2021,045,Briscoe County,1563,787,776,1031,509,522,38,17,21,463,245,218,0,0,0,31,16,15
2022,045,Briscoe County,1556,785,771,1020,503,517,38,17,21,466,248,218,0,0,0,32,17,15
2023,045,Briscoe County,1546,780,766,1007,496,511,39,17,22,467,250,217,0,0,0,33,17,16
2024,045,Briscoe County,1537,777,760,996,490,506,40,18,22,467,251,216,0,0,0,34,18,16
2025,045,Briscoe County,1528,772,756,983,484,499,41,18,23,469,252,217,0,0,0,35,18,17
2026,045,Briscoe County,1519,771,748,971,479,492,42,19,23,470,254,216,0,0,0,36,19,17
2027,045,Briscoe County,1520,773,747,968,479,489,43,19,24,472,256,216,0,0,0,37,19,18
2028,045,Briscoe County,1517,775,742,961,477,484,44,20,24,474,258,216,0,0,0,38,20,18
2029,045,Briscoe County,1508,770,738,949,470,479,45,20,25,475,260,215,0,0,0,39,20,19
2030,045,Briscoe County,1506,771,735,943,467,476,46,21,25,477,262,215,0,0,0,40,21,19
2031,045,Briscoe County,1507,772,735,939,465,474,47,21,26,480,265,215,0,0,0,41,21,20
2032,045,Briscoe County,1499,773,726,927,461,466,47,22,25,483,268,215,0,0,0,42,22,20
2033,045,Briscoe County,1496,773,723,920,459,461,48,22,26,485,270,215,0,0,0,43,22,21
2034,045,Briscoe County,1489,771,718,909,453,456,49,23,26,487,272,215,0,0,0,44,23,21
2035,045,Briscoe County,1486,772,714,901,451,450,50,23,27,490,275,215,0,0,0,45,23,22
2036,045,Briscoe County,1478,770,708,891,447,444,49,23,26,492,276,216,0,0,0,46,24,22
2037,045,Briscoe County,1471,768,703,881,443,438,49,23,26,494,278,216,0,0,0,47,24,23
2038,045,Briscoe County,1462,765,697,869,437,432,49,23,26,496,280,216,0,0,0,48,25,23
2039,045,Briscoe County,1453,762,691,859,434,425,48,22,26,497,281,216,0,0,0,49,25,24
2040,045,Briscoe County,1446,760,686,851,430,421,48,22,26,497,282,215,0,0,0,50,26,24
2041,045,Briscoe County,1436,755,681,842,426,416,47,22,25,498,283,215,0,0,0,49,24,25
2042,045,Briscoe County,1430,756,674,833,423,410,47,22,25,499,285,214,0,0,0,51,26,25
2043,045,Briscoe County,1420,752,668,826,420,406,45,21,24,498,286,212,0,0,0,51,25,26
2044,045,Briscoe County,1412,751,661,818,417,401,44,21,23,498,287,211,0,0,0,52,26,26
2045,045,Briscoe County,1406,748,658,809,412,397,45,21,24,499,289,210,0,0,0,53,26,27
2046,045,Briscoe County,1400,745,655,804,410,394,46,22,24,496,286,210,0,0,0,54,27,27
2047,045,Briscoe County,1393,741,652,796,406,390,46,22,24,497,287,210,0,0,0,54,26,28
2048,045,Briscoe County,1391,743,648,789,404,385,47,23,24,500,289,211,0,0,0,55,27,28
2049,045,Briscoe County,1380,735,645,782,402,380,47,23,24,497,285,212,0,0,0,54,25,29
2050,045,Briscoe County,1374,732,642,778,400,378,46,23,23,496,283,213,0,0,0,54,26,28
2010,047,Brooks County,7223,3579,3644,573,277,296,19,11,8,6590,3273,3317,18,9,9,23,9,14
2011,047,Brooks County,7214,3588,3626,582,282,300,20,11,9,6570,3277,3293,18,9,9,24,9,15
2012,047,Brooks County,7215,3605,3610,590,287,303,21,12,9,6561,3287,3274,18,9,9,25,10,15
2013,047,Brooks County,7219,3616,3603,598,291,307,22,12,10,6555,3294,3261,18,9,9,26,10,16
2014,047,Brooks County,7221,3634,3587,604,295,309,23,13,10,6549,3306,3243,18,9,9,27,11,16
2015,047,Brooks County,7213,3649,3564,610,299,311,24,13,11,6533,3317,3216,18,9,9,28,11,17
2016,047,Brooks County,7203,3663,3540,615,303,312,25,14,11,6516,3325,3191,18,9,9,29,12,17
2017,047,Brooks County,7195,3671,3524,619,305,314,26,14,12,6502,3331,3171,18,9,9,30,12,18
2018,047,Brooks County,7187,3687,3500,626,311,315,27,15,12,6485,3339,3146,18,9,9,31,13,18
2019,047,Brooks County,7178,3699,3479,627,312,315,28,15,13,6473,3350,3123,18,9,9,32,13,19
2020,047,Brooks County,7175,3710,3465,631,315,316,29,16,13,6464,3356,3108,18,9,9,33,14,19
2021,047,Brooks County,7160,3715,3445,638,321,317,30,16,14,6440,3355,3085,18,9,9,34,14,20
2022,047,Brooks County,7153,3729,3424,642,325,317,31,17,14,6427,3363,3064,18,9,9,35,15,20
2023,047,Brooks County,7144,3737,3407,647,328,319,32,17,15,6411,3368,3043,18,9,9,36,15,21
2024,047,Brooks County,7138,3743,3395,652,332,320,33,18,15,6398,3368,3030,18,9,9,37,16,21
2025,047,Brooks County,7109,3736,3373,657,334,323,34,18,16,6362,3359,3003,18,9,9,38,16,22
2026,047,Brooks County,7089,3736,3353,661,336,325,35,19,16,6336,3355,2981,18,9,9,39,17,22
2027,047,Brooks County,7070,3735,3335,664,337,327,36,19,17,6312,3353,2959,18,9,9,40,17,23
2028,047,Brooks County,7039,3732,3307,665,339,326,37,20,17,6278,3346,2932,18,9,9,41,18,23
2029,047,Brooks County,7006,3721,3285,667,341,326,38,20,18,6242,3333,2909,18,9,9,41,18,23
2030,047,Brooks County,6980,3716,3264,671,343,328,39,21,18,6210,3324,2886,18,9,9,42,19,23
2031,047,Brooks County,6949,3706,3243,675,344,331,40,21,19,6172,3313,2859,18,9,9,44,19,25
2032,047,Brooks County,6921,3699,3222,677,343,334,41,22,19,6140,3305,2835,18,9,9,45,20,25
2033,047,Brooks County,6881,3682,3199,677,343,334,42,22,20,6098,3288,2810,18,9,9,46,20,26
2034,047,Brooks County,6852,3674,3178,679,344,335,43,23,20,6065,3277,2788,18,9,9,47,21,26
2035,047,Brooks County,6816,3657,3159,681,344,337,44,23,21,6025,3260,2765,18,9,9,48,21,27
2036,047,Brooks County,6780,3647,3133,684,344,340,45,24,21,5984,3248,2736,18,9,9,49,22,27
2037,047,Brooks County,6741,3632,3109,687,346,341,46,24,22,5942,3231,2711,17,9,8,49,22,27
2038,047,Brooks County,6709,3619,3090,686,345,341,47,25,22,5909,3217,2692,17,9,8,50,23,27
2039,047,Brooks County,6666,3599,3067,687,347,340,48,25,23,5863,3195,2668,17,9,8,51,23,28
2040,047,Brooks County,6622,3580,3042,689,348,341,49,26,23,5815,3173,2642,17,9,8,52,24,28
2041,047,Brooks County,6575,3560,3015,689,347,342,50,26,24,5766,3154,2612,17,9,8,53,24,29
2042,047,Brooks County,6528,3548,2980,691,348,343,51,27,24,5715,3139,2576,17,9,8,54,25,29
2043,047,Brooks County,6482,3532,2950,694,351,343,52,27,25,5664,3120,2544,17,9,8,55,25,30
2044,047,Brooks County,6445,3520,2925,695,350,345,53,28,25,5624,3107,2517,17,9,8,56,26,30
2045,047,Brooks County,6396,3499,2897,692,349,343,54,28,26,5576,3087,2489,17,9,8,57,26,31
2046,047,Brooks County,6346,3481,2865,694,350,344,55,29,26,5522,3066,2456,17,9,8,58,27,31
2047,047,Brooks County,6301,3466,2835,693,351,342,56,29,27,5477,3051,2426,17,9,8,58,26,32
2048,047,Brooks County,6234,3437,2797,694,353,341,57,30,27,5407,3018,2389,17,9,8,59,27,32
2049,047,Brooks County,6159,3401,2758,690,352,338,58,30,28,5335,2984,2351,17,9,8,59,26,33
2050,047,Brooks County,6102,3378,2724,691,352,339,59,31,28,5276,2960,2316,16,8,8,60,27,33
2010,049,Brown County,38106,18838,19268,28478,13923,14555,1303,716,587,7453,3764,3689,160,66,94,712,369,343
2011,049,Brown County,38195,18880,19315,28377,13869,14508,1315,723,592,7612,3843,3769,163,67,96,728,378,350
2012,049,Brown County,38310,18926,19384,28277,13812,14465,1335,732,603,7787,3927,3860,166,69,97,745,386,359
2013,049,Brown County,38399,18967,19432,28146,13745,14401,1357,745,612,7964,4012,3952,169,70,99,763,395,368
2014,049,Brown County,38495,19011,19484,28021,13677,14344,1381,758,623,8142,4101,4041,172,72,100,779,403,376
2015,049,Brown County,38590,19048,19542,27891,13606,14285,1404,770,634,8325,4189,4136,175,73,102,795,410,385
2016,049,Brown County,38686,19091,19595,27741,13524,14217,1430,782,648,8520,4290,4230,178,75,103,817,420,397
2017,049,Brown County,38758,19125,19633,27584,13441,14143,1453,796,657,8707,4386,4321,181,76,105,833,426,407
2018,049,Brown County,38827,19149,19678,27426,13354,14072,1477,806,671,8891,4478,4413,184,78,106,849,433,416
2019,049,Brown County,38872,19157,19715,27242,13250,13992,1498,816,682,9078,4570,4508,187,79,108,867,442,425
2020,049,Brown County,38923,19177,19746,27061,13156,13905,1524,830,694,9266,4663,4603,190,81,109,882,447,435
2021,049,Brown County,38962,19182,19780,26869,13050,13819,1545,841,704,9453,4750,4703,193,82,111,902,459,443
2022,049,Brown County,38984,19186,19798,26664,12944,13720,1569,855,714,9638,4837,4801,196,84,112,917,466,451
2023,049,Brown County,38995,19182,19813,26461,12840,13621,1582,860,722,9821,4925,4896,199,85,114,932,472,460
2024,049,Brown County,38991,19169,19822,26246,12726,13520,1599,868,731,9997,5008,4989,201,87,114,948,480,468
2025,049,Brown County,39000,19172,19828,26026,12616,13410,1617,876,741,10189,5105,5084,204,88,116,964,487,477
2026,049,Brown County,38969,19146,19823,25775,12485,13290,1634,884,750,10377,5195,5182,206,89,117,977,493,484
2027,049,Brown County,38952,19132,19820,25531,12356,13175,1652,895,757,10567,5289,5278,208,90,118,994,502,492
2028,049,Brown County,38905,19112,19793,25274,12233,13041,1658,898,760,10758,5384,5374,211,91,120,1004,506,498
2029,049,Brown County,38860,19088,19772,25009,12098,12911,1670,901,769,10951,5483,5468,210,92,118,1020,514,506
2030,049,Brown County,38768,19047,19721,24726,11961,12765,1677,906,771,11127,5571,5556,212,93,119,1026,516,510
2031,049,Brown County,38676,19009,19667,24424,11814,12610,1690,914,776,11308,5664,5644,215,95,120,1039,522,517
2032,049,Brown County,38574,18966,19608,24139,11677,12462,1694,915,779,11476,5750,5726,218,97,121,1047,527,520
2033,049,Brown County,38431,18889,19542,23819,11522,12297,1701,916,785,11634,5825,5809,219,97,122,1058,529,529
2034,049,Brown County,38302,18830,19472,23510,11373,12137,1705,916,789,11790,5906,5884,223,99,124,1074,536,538
2035,049,Brown County,38148,18755,19393,23193,11219,11974,1709,915,794,11947,5988,5959,222,98,124,1077,535,542
2036,049,Brown County,37973,18669,19304,22868,11061,11807,1705,910,795,12090,6058,6032,224,101,123,1086,539,547
2037,049,Brown County,37793,18581,19212,22537,10904,11633,1700,905,795,12232,6129,6103,227,101,126,1097,542,555
2038,049,Brown County,37605,18489,19116,22218,10752,11466,1692,896,796,12360,6192,6168,228,103,125,1107,546,561
2039,049,Brown County,37408,18380,19028,21892,10592,11300,1692,896,796,12480,6240,6240,232,104,128,1112,548,564
2040,049,Brown County,37218,18287,18931,21573,10437,11136,1690,894,796,12606,6302,6304,230,105,125,1119,549,570
2041,049,Brown County,37016,18188,18828,21255,10289,10966,1689,895,794,12717,6351,6366,232,107,125,1123,546,577
2042,049,Brown County,36828,18098,18730,20945,10143,10802,1685,894,791,12833,6402,6431,232,109,123,1133,550,583
2043,049,Brown County,36605,17996,18609,20625,9994,10631,1683,893,790,12935,6455,6480,230,108,122,1132,546,586
2044,049,Brown County,36429,17911,18518,20330,9856,10474,1686,894,792,13044,6505,6539,229,108,121,1140,548,592
2045,049,Brown County,36218,17815,18403,20020,9712,10308,1690,896,794,13139,6553,6586,226,106,120,1143,548,595
2046,049,Brown County,36014,17719,18295,19723,9576,10147,1686,891,795,13237,6601,6636,225,105,120,1143,546,597
2047,049,Brown County,35829,17629,18200,19429,9438,9991,1687,891,796,13336,6646,6690,227,105,122,1150,549,601
2048,049,Brown County,35619,17528,18091,19133,9299,9834,1685,890,795,13422,6686,6736,226,106,120,1153,547,606
2049,049,Brown County,35427,17439,17988,18838,9161,9677,1689,895,794,13517,6732,6785,228,107,121,1155,544,611
2050,049,Brown County,35237,17340,17897,18560,9027,9533,1679,887,792,13615,6775,6840,227,107,120,1156,544,612
2010,051,Burleson County,17187,8504,8683,11696,5725,5971,2064,990,1074,3166,1661,1505,25,9,16,236,119,117
2011,051,Burleson County,17238,8538,8700,11651,5709,5942,2075,997,1078,3245,1701,1544,26,9,17,241,122,119
2012,051,Burleson County,17297,8577,8720,11599,5690,5909,2096,1007,1089,3328,1745,1583,27,10,17,247,125,122
2013,051,Burleson County,17362,8622,8740,11550,5676,5874,2116,1019,1097,3415,1789,1626,28,10,18,253,128,125
2014,051,Burleson County,17414,8654,8760,11493,5650,5843,2132,1028,1104,3501,1834,1667,29,11,18,259,131,128
2015,051,Burleson County,17458,8680,8778,11429,5620,5809,2148,1035,1113,3587,1881,1706,30,11,19,264,133,131
2016,051,Burleson County,17507,8713,8794,11365,5592,5773,2166,1044,1122,3676,1930,1746,31,12,19,269,135,134
2017,051,Burleson County,17551,8744,8807,11300,5564,5736,2180,1054,1126,3765,1977,1788,32,12,20,274,137,137
2018,051,Burleson County,17589,8769,8820,11237,5533,5704,2184,1058,1126,3856,2025,1831,33,13,20,279,140,139
2019,051,Burleson County,17649,8807,8842,11173,5509,5664,2206,1071,1135,3951,2071,1880,34,13,21,285,143,142
2020,051,Burleson County,17718,8844,8874,11122,5483,5639,2223,1083,1140,4045,2116,1929,35,14,21,293,148,145
2021,051,Burleson County,17782,8880,8902,11066,5462,5604,2238,1089,1149,4143,2164,1979,36,14,22,299,151,148
2022,051,Burleson County,17841,8909,8932,11004,5438,5566,2251,1092,1159,4243,2209,2034,37,15,22,306,155,151
2023,051,Burleson County,17912,8942,8970,10949,5411,5538,2264,1099,1165,4346,2257,2089,38,15,23,315,160,155
2024,051,Burleson County,17980,8976,9004,10892,5382,5510,2282,1111,1171,4444,2302,2142,39,16,23,323,165,158
2025,051,Burleson County,18033,9006,9027,10832,5359,5473,2290,1115,1175,4540,2347,2193,40,16,24,331,169,162
2026,051,Burleson County,18071,9022,9049,10765,5326,5439,2301,1120,1181,4628,2388,2240,41,17,24,336,171,165
2027,051,Burleson County,18116,9043,9073,10705,5298,5407,2309,1126,1183,4718,2429,2289,42,17,25,342,173,169
2028,051,Burleson County,18155,9061,9094,10636,5265,5371,2315,1128,1187,4813,2475,2338,43,18,25,348,175,173
2029,051,Burleson County,18188,9081,9107,10566,5231,5335,2313,1127,1186,4908,2525,2383,44,18,26,357,180,177
2030,051,Burleson County,18223,9100,9123,10495,5194,5301,2314,1130,1184,5003,2571,2432,45,19,26,366,186,180
2031,051,Burleson County,18230,9113,9117,10411,5160,5251,2306,1124,1182,5094,2620,2474,46,19,27,373,190,183
2032,051,Burleson County,18254,9126,9128,10342,5126,5216,2302,1122,1180,5184,2666,2518,47,20,27,379,192,187
2033,051,Burleson County,18263,9127,9136,10261,5084,5177,2290,1114,1176,5278,2712,2566,47,20,27,387,197,190
2034,051,Burleson County,18263,9127,9136,10171,5038,5133,2281,1112,1169,5370,2756,2614,48,21,27,393,200,193
2035,051,Burleson County,18278,9134,9144,10087,4995,5092,2277,1113,1164,5465,2802,2663,49,21,28,400,203,197
2036,051,Burleson County,18274,9135,9139,9999,4954,5045,2259,1104,1155,5559,2848,2711,49,22,27,408,207,201
2037,051,Burleson County,18268,9129,9139,9901,4906,4995,2248,1098,1150,5656,2894,2762,50,22,28,413,209,204
2038,051,Burleson County,18279,9138,9141,9812,4864,4948,2238,1094,1144,5758,2945,2813,50,22,28,421,213,208
2039,051,Burleson County,18274,9142,9132,9718,4819,4899,2228,1093,1135,5851,2992,2859,51,22,29,426,216,210
2040,051,Burleson County,18271,9150,9121,9627,4776,4851,2213,1087,1126,5947,3044,2903,52,23,29,432,220,212
2041,051,Burleson County,18272,9152,9120,9536,4734,4802,2202,1085,1117,6043,3088,2955,53,23,30,438,222,216
2042,051,Burleson County,18263,9148,9115,9440,4682,4758,2199,1084,1115,6128,3132,2996,54,24,30,442,226,216
2043,051,Burleson County,18247,9147,9100,9341,4636,4705,2191,1079,1112,6216,3181,3035,55,24,31,444,227,217
2044,051,Burleson County,18249,9151,9098,9246,4592,4654,2181,1073,1108,6317,3231,3086,55,25,30,450,230,220
2045,051,Burleson County,18244,9150,9094,9149,4547,4602,2171,1067,1104,6409,3277,3132,57,25,32,458,234,224
2046,051,Burleson County,18236,9154,9082,9055,4504,4551,2166,1065,1101,6495,3322,3173,57,26,31,463,237,226
2047,051,Burleson County,18234,9156,9078,8961,4462,4499,2155,1060,1095,6593,3370,3223,58,26,32,467,238,229
2048,051,Burleson County,18243,9162,9081,8885,4427,4458,2147,1054,1093,6679,3412,3267,59,27,32,473,242,231
2049,051,Burleson County,18248,9171,9077,8802,4390,4412,2138,1051,1087,6772,3461,3311,59,27,32,477,242,235
2050,051,Burleson County,18255,9178,9077,8716,4349,4367,2130,1048,1082,6865,3508,3357,59,28,31,485,245,240
2010,053,Burnet County,42750,20989,21761,32530,15745,16785,700,365,335,8652,4481,4171,198,76,122,670,322,348
2011,053,Burnet County,43254,21229,22025,32745,15843,16902,707,369,338,8914,4609,4305,202,78,124,686,330,356
2012,053,Burnet County,43762,21465,22297,32955,15934,17021,715,374,341,9184,4739,4445,206,80,126,702,338,364
2013,053,Burnet County,44285,21718,22567,33168,16034,17134,725,380,345,9463,4875,4588,210,82,128,719,347,372
2014,053,Burnet County,44838,21976,22862,33407,16139,17268,737,386,351,9744,5012,4732,214,84,130,736,355,381
2015,053,Burnet County,45389,22233,23156,33641,16240,17401,745,390,355,10029,5152,4877,218,86,132,756,365,391
2016,053,Burnet County,45948,22491,23457,33882,16344,17538,756,395,361,10316,5290,5026,221,88,133,773,374,399
2017,053,Burnet County,46513,22759,23754,34106,16446,17660,769,402,367,10617,5437,5180,224,89,135,797,385,412
2018,053,Burnet County,47080,23021,24059,34347,16548,17799,776,408,368,10916,5581,5335,228,92,136,813,392,421
2019,053,Burnet County,47634,23270,24364,34557,16642,17915,792,413,379,11223,5723,5500,230,92,138,832,400,432
2020,053,Burnet County,48196,23535,24661,34776,16735,18041,802,420,382,11534,5877,5657,233,94,139,851,409,442
2021,053,Burnet County,48768,23798,24970,35003,16832,18171,813,424,389,11843,6027,5816,236,95,141,873,420,453
2022,053,Burnet County,49328,24053,25275,35214,16919,18295,824,430,394,12156,6176,5980,239,97,142,895,431,464
2023,053,Burnet County,49892,24309,25583,35420,17001,18419,840,438,402,12474,6329,6145,242,98,144,916,443,473
2024,053,Burnet County,50446,24568,25878,35615,17082,18533,856,447,409,12792,6485,6307,245,100,145,938,454,484
2025,053,Burnet County,51001,24824,26177,35805,17158,18647,870,455,415,13118,6644,6474,248,101,147,960,466,494
2026,053,Burnet County,51542,25069,26473,35990,17223,18767,877,461,416,13442,6806,6636,250,102,148,983,477,506
2027,053,Burnet County,52068,25310,26758,36154,17283,18871,889,467,422,13769,6970,6799,254,104,150,1002,486,516
2028,053,Burnet County,52552,25529,27023,36291,17329,18962,899,472,427,14083,7125,6958,257,107,150,1022,496,526
2029,053,Burnet County,53024,25747,27277,36416,17370,19046,911,477,434,14395,7283,7112,260,108,152,1042,509,533
2030,053,Burnet County,53451,25942,27509,36512,17399,19113,915,481,434,14708,7438,7270,261,110,151,1055,514,541
2031,053,Burnet County,53887,26141,27746,36603,17425,19178,924,486,438,15020,7592,7428,263,112,151,1077,526,551
2032,053,Burnet County,54276,26307,27969,36658,17431,19227,935,492,443,15330,7741,7589,262,113,149,1091,530,561
2033,053,Burnet County,54674,26476,28198,36712,17432,19280,939,492,447,15650,7900,7750,264,113,151,1109,539,570
2034,053,Burnet County,55030,26632,28398,36734,17424,19310,945,494,451,15959,8054,7905,267,115,152,1125,545,580
2035,053,Burnet County,55409,26800,28609,36761,17416,19345,953,499,454,16286,8216,8070,269,116,153,1140,553,587
2036,053,Burnet County,55777,26964,28813,36777,17406,19371,960,503,457,16617,8378,8239,269,118,151,1154,559,595
2037,053,Burnet County,56150,27114,29036,36791,17387,19404,963,506,457,16952,8536,8416,268,117,151,1176,568,608
2038,053,Burnet County,56495,27256,29239,36792,17363,19429,971,511,460,17272,8689,8583,266,118,148,1194,575,619
2039,053,Burnet County,56845,27408,29437,36777,17337,19440,974,514,460,17617,8857,8760,265,117,148,1212,583,629
2040,053,Burnet County,57216,27563,29653,36783,17316,19467,984,519,465,17955,9020,8935,264,118,146,1230,590,640
2041,053,Burnet County,57582,27720,29862,36784,17296,19488,992,524,468,18297,9186,9111,264,119,145,1245,595,650
2042,053,Burnet County,57978,27882,30096,36806,17281,19525,996,526,470,18654,9353,9301,263,120,143,1259,602,657
2043,053,Burnet County,58368,28047,30321,36823,17267,19556,1006,532,474,18995,9513,9482,264,121,143,1280,614,666
2044,053,Burnet County,58764,28210,30554,36863,17265,19598,1005,531,474,19341,9681,9660,264,119,145,1291,614,677
2045,053,Burnet County,59172,28389,30783,36910,17268,19642,1009,532,477,19679,9848,9831,266,120,146,1308,621,687
2046,053,Burnet County,59601,28567,31034,36972,17272,19700,1016,536,480,20016,10005,10011,269,122,147,1328,632,696
2047,053,Burnet County,60040,28755,31285,37051,17291,19760,1023,539,484,20350,10165,10185,269,122,147,1347,638,709
2048,053,Burnet County,60495,28959,31536,37132,17310,19822,1033,544,489,20694,10335,10359,267,122,145,1369,648,721
2049,053,Burnet County,60939,29158,31781,37223,17337,19886,1039,549,490,21018,10493,10525,270,124,146,1389,655,734
2050,053,Burnet County,61402,29367,32035,37321,17368,19953,1044,551,493,21359,10662,10697,271,124,147,1407,662,745
2010,055,Caldwell County,38066,19180,18886,16841,8457,8384,2456,1261,1195,17922,9036,8886,344,176,168,503,250,253
2011,055,Caldwell County,38624,19461,19163,16886,8480,8406,2467,1271,1196,18413,9278,9135,345,177,168,513,255,258
2012,055,Caldwell County,39200,19748,19452,16924,8500,8424,2482,1286,1196,18925,9526,9399,346,177,169,523,259,264
2013,055,Caldwell County,39806,20051,19755,16973,8523,8450,2501,1301,1200,19450,9785,9665,348,177,171,534,265,269
2014,055,Caldwell County,40432,20357,20075,17022,8543,8479,2518,1316,1202,19992,10047,9945,353,179,174,547,272,275
2015,055,Caldwell County,41044,20649,20395,17053,8550,8503,2532,1326,1206,20544,10314,10230,356,181,175,559,278,281
2016,055,Caldwell County,41678,20958,20720,17090,8564,8526,2546,1337,1209,21108,10588,10520,357,182,175,577,287,290
2017,055,Caldwell County,42322,21268,21054,17120,8570,8550,2564,1350,1214,21686,10869,10817,359,184,175,593,295,298
2018,055,Caldwell County,42953,21580,21373,17147,8586,8561,2570,1351,1219,22266,11155,11111,366,188,178,604,300,304
2019,055,Caldwell County,43618,21905,21713,17174,8597,8577,2588,1361,1227,22863,11446,11417,376,193,183,617,308,309
2020,055,Caldwell County,44284,22227,22057,17201,8605,8596,2602,1368,1234,23464,11739,11725,382,197,185,635,318,317
2021,055,Caldwell County,44960,22547,22413,17228,8614,8614,2610,1370,1240,24091,12042,12049,384,197,187,647,324,323
2022,055,Caldwell County,45615,22859,22756,17240,8619,8621,2615,1366,1249,24710,12342,12368,387,200,187,663,332,331
2023,055,Caldwell County,46261,23172,23089,17251,8624,8627,2611,1365,1246,25331,12642,12689,392,203,189,676,338,338
2024,055,Caldwell County,46919,23487,23432,17258,8624,8634,2616,1365,1251,25954,12945,13009,397,206,191,694,347,347
2025,055,Caldwell County,47589,23815,23774,17263,8623,8640,2616,1367,1249,26600,13262,13338,401,208,193,709,355,354
2026,055,Caldwell County,48238,24125,24113,17254,8616,8638,2618,1370,1248,27239,13567,13672,404,210,194,723,362,361
2027,055,Caldwell County,48864,24432,24432,17232,8600,8632,2615,1373,1242,27874,13878,13996,408,212,196,735,369,366
2028,055,Caldwell County,49505,24731,24774,17200,8578,8622,2612,1368,1244,28530,14193,14337,415,217,198,748,375,373
2029,055,Caldwell County,50144,25024,25120,17166,8555,8611,2610,1365,1245,29188,14502,14686,422,221,201,758,381,377
2030,055,Caldwell County,50774,25321,25453,17111,8525,8586,2603,1360,1243,29864,14827,15037,428,223,205,768,386,382
2031,055,Caldwell County,51377,25598,25779,17042,8483,8559,2595,1358,1237,30524,15136,15388,433,227,206,783,394,389
2032,055,Caldwell County,51980,25887,26093,16973,8451,8522,2584,1356,1228,31189,15448,15741,440,232,208,794,400,394
2033,055,Caldwell County,52579,26168,26411,16894,8407,8487,2574,1352,1222,31858,15768,16090,446,234,212,807,407,400
2034,055,Caldwell County,53180,26451,26729,16812,8368,8444,2560,1345,1215,32540,16090,16450,451,237,214,817,411,406
2035,055,Caldwell County,53755,26712,27043,16715,8316,8399,2540,1333,1207,33219,16408,16811,452,239,213,829,416,413
2036,055,Caldwell County,54333,26990,27343,16618,8274,8344,2515,1320,1195,33903,16731,17172,457,241,216,840,424,416
2037,055,Caldwell County,54891,27249,27642,16502,8214,8288,2498,1311,1187,34581,17054,17527,455,240,215,855,430,425
2038,055,Caldwell County,55462,27509,27953,16400,8166,8234,2482,1302,1180,35255,17365,17890,457,241,216,868,435,433
2039,055,Caldwell County,56025,27768,28257,16282,8103,8179,2472,1298,1174,35939,17689,18250,457,242,215,875,436,439
2040,055,Caldwell County,56546,28017,28529,16144,8038,8106,2460,1291,1169,36608,18010,18598,458,243,215,876,435,441
2041,055,Caldwell County,57099,28275,28824,16024,7976,8048,2442,1282,1160,37289,18336,18953,457,244,213,887,437,450
2042,055,Caldwell County,57635,28527,29108,15894,7911,7983,2424,1278,1146,37967,18654,19313,457,244,213,893,440,453
2043,055,Caldwell County,58184,28783,29401,15760,7848,7912,2409,1272,1137,38669,18981,19688,453,243,210,893,439,454
2044,055,Caldwell County,58725,29034,29691,15618,7783,7835,2393,1262,1131,39355,19301,20054,455,244,211,904,444,460
2045,055,Caldwell County,59276,29293,29983,15489,7722,7767,2375,1252,1123,40046,19626,20420,453,243,210,913,450,463
2046,055,Caldwell County,59820,29532,30288,15354,7653,7701,2359,1245,1114,40739,19945,20794,449,239,210,919,450,469
2047,055,Caldwell County,60369,29798,30571,15222,7595,7627,2351,1244,1107,41424,20265,21159,449,239,210,923,455,468
2048,055,Caldwell County,60921,30059,30862,15099,7534,7565,2335,1238,1097,42110,20591,21519,450,241,209,927,455,472
2049,055,Caldwell County,61473,30318,31155,14968,7472,7496,2319,1231,1088,42806,20921,21885,448,239,209,932,455,477
2050,055,Caldwell County,62024,30582,31442,14847,7418,7429,2302,1222,1080,43494,21248,22246,446,238,208,935,456,479
2010,057,Calhoun County,21381,10847,10534,9794,4927,4867,519,263,256,9922,5026,4896,943,513,430,203,118,85
2011,057,Calhoun County,21527,10931,10596,9767,4918,4849,526,267,259,10077,5109,4968,948,516,432,209,121,88
2012,057,Calhoun County,21685,11019,10666,9742,4910,4832,532,271,261,10240,5195,5045,956,519,437,215,124,91
2013,057,Calhoun County,21840,11108,10732,9710,4899,4811,538,275,263,10406,5283,5123,965,524,441,221,127,94
2014,057,Calhoun County,21996,11198,10798,9676,4885,4791,547,279,268,10573,5374,5199,973,530,443,227,130,97
2015,057,Calhoun County,22144,11289,10855,9629,4866,4763,557,283,274,10744,5471,5273,983,537,446,231,132,99
2016,057,Calhoun County,22288,11369,10919,9594,4850,4744,565,287,278,10901,5555,5346,991,542,449,237,135,102
2017,057,Calhoun County,22436,11453,10983,9555,4833,4722,574,291,283,11058,5640,5418,1006,551,455,243,138,105
2018,057,Calhoun County,22569,11529,11040,9511,4811,4700,581,294,287,11215,5727,5488,1013,556,457,249,141,108
2019,057,Calhoun County,22707,11610,11097,9475,4793,4682,588,298,290,11373,5819,5554,1014,554,460,257,146,111
2020,057,Calhoun County,22840,11682,11158,9441,4774,4667,596,301,295,11522,5904,5618,1017,553,464,264,150,114
2021,057,Calhoun County,22948,11747,11201,9396,4752,4644,601,303,298,11664,5986,5678,1019,554,465,268,152,116
2022,057,Calhoun County,23065,11820,11245,9351,4729,4622,605,305,300,11809,6072,5737,1023,556,467,277,158,119
2023,057,Calhoun County,23165,11887,11278,9297,4705,4592,607,306,301,11954,6158,5796,1024,557,467,283,161,122
2024,057,Calhoun County,23275,11958,11317,9248,4683,4565,609,306,303,12101,6246,5855,1026,558,468,291,165,126
2025,057,Calhoun County,23385,12026,11359,9199,4658,4541,611,307,304,12247,6329,5918,1030,563,467,298,169,129
2026,057,Calhoun County,23475,12084,11391,9137,4627,4510,617,309,308,12386,6416,5970,1032,562,470,303,170,133
2027,057,Calhoun County,23549,12135,11414,9080,4598,4482,617,309,308,12513,6493,6020,1029,562,467,310,173,137
2028,057,Calhoun County,23623,12189,11434,9025,4571,4454,616,307,309,12636,6571,6065,1028,563,465,318,177,141
2029,057,Calhoun County,23692,12245,11447,8970,4548,4422,618,307,311,12755,6647,6108,1025,563,462,324,180,144
2030,057,Calhoun County,23740,12295,11445,8903,4518,4385,617,309,308,12866,6723,6143,1021,560,461,333,185,148
2031,057,Calhoun County,23788,12342,11446,8832,4488,4344,621,311,310,12979,6797,6182,1017,559,458,339,187,152
2032,057,Calhoun County,23834,12379,11455,8767,4457,4310,626,314,312,13083,6863,6220,1013,556,457,345,189,156
2033,057,Calhoun County,23858,12402,11456,8694,4419,4275,627,314,313,13170,6919,6251,1016,558,458,351,192,159
2034,057,Calhoun County,23888,12432,11456,8624,4382,4242,627,314,313,13266,6984,6282,1012,556,456,359,196,163
2035,057,Calhoun County,23899,12444,11455,8550,4341,4209,628,314,314,13349,7038,6311,1009,554,455,363,197,166
2036,057,Calhoun County,23910,12467,11443,8475,4308,4167,627,313,314,13429,7093,6336,1008,552,456,371,201,170
2037,057,Calhoun County,23906,12480,11426,8414,4277,4137,625,313,312,13497,7145,6352,995,542,453,375,203,172
2038,057,Calhoun County,23917,12499,11418,8350,4245,4105,623,310,313,13570,7198,6372,994,541,453,380,205,175
2039,057,Calhoun County,23921,12507,11414,8281,4209,4072,625,310,315,13643,7246,6397,988,536,452,384,206,178
2040,057,Calhoun County,23951,12536,11415,8223,4183,4040,626,310,316,13727,7301,6426,985,534,451,390,208,182
2041,057,Calhoun County,23951,12548,11403,8163,4150,4013,627,311,316,13786,7344,6442,980,533,447,395,210,185
2042,057,Calhoun County,23965,12565,11400,8108,4121,3987,627,312,315,13854,7391,6463,973,527,446,403,214,189
2043,057,Calhoun County,23970,12590,11380,8062,4099,3963,626,313,313,13910,7438,6472,963,523,440,409,217,192
2044,057,Calhoun County,23983,12616,11367,8010,4076,3934,629,316,313,13970,7483,6487,961,522,439,413,219,194
2045,057,Calhoun County,23976,12619,11357,7955,4049,3906,626,313,313,14024,7522,6502,949,513,436,422,222,200
2046,057,Calhoun County,23977,12631,11346,7899,4018,3881,625,311,314,14076,7564,6512,947,512,435,430,226,204
2047,057,Calhoun County,23973,12646,11327,7850,3995,3855,622,308,314,14120,7605,6515,943,509,434,438,229,209
2048,057,Calhoun County,23965,12643,11322,7799,3968,3831,621,307,314,14163,7633,6530,937,504,433,445,231,214
2049,057,Calhoun County,23948,12647,11301,7757,3945,3812,619,307,312,14192,7663,6529,929,499,430,451,233,218
2050,057,Calhoun County,23912,12639,11273,7705,3921,3784,617,306,311,14216,7682,6534,918,496,422,456,234,222
2010,059,Callahan County,13544,6607,6937,12065,5863,6202,135,68,67,1025,528,497,56,17,39,263,131,132
2011,059,Callahan County,13530,6610,6920,12006,5845,6161,138,69,69,1060,545,515,57,17,40,269,134,135
2012,059,Callahan County,13515,6615,6900,11943,5826,6117,141,71,70,1098,563,535,58,18,40,275,137,138
2013,059,Callahan County,13503,6616,6887,11883,5803,6080,144,72,72,1136,583,553,59,18,41,281,140,141
2014,059,Callahan County,13488,6624,6864,11819,5786,6033,147,74,73,1175,602,573,60,19,41,287,143,144
2015,059,Callahan County,13463,6623,6840,11744,5761,5983,150,75,75,1217,624,593,61,19,42,291,144,147
2016,059,Callahan County,13447,6633,6814,11671,5739,5932,153,77,76,1264,650,614,62,20,42,297,147,150
2017,059,Callahan County,13442,6645,6797,11609,5721,5888,156,78,78,1311,676,635,63,20,43,303,150,153
2018,059,Callahan County,13437,6651,6786,11542,5692,5850,159,80,79,1363,705,658,64,21,43,309,153,156
2019,059,Callahan County,13454,6673,6781,11487,5674,5813,162,81,81,1425,741,684,65,21,44,315,156,159
2020,059,Callahan County,13456,6685,6771,11411,5643,5768,165,83,82,1492,777,715,66,22,44,322,160,162
2021,059,Callahan County,13465,6704,6761,11340,5619,5721,168,84,84,1562,815,747,67,22,45,328,164,164
2022,059,Callahan County,13478,6713,6765,11270,5584,5686,171,86,85,1637,855,782,68,23,45,332,165,167
2023,059,Callahan County,13494,6724,6770,11197,5548,5649,174,87,87,1715,897,818,69,23,46,339,169,170
2024,059,Callahan County,13508,6731,6777,11126,5512,5614,176,89,87,1790,933,857,70,24,46,346,173,173
2025,059,Callahan County,13508,6732,6776,11047,5470,5577,178,90,88,1860,971,889,71,24,47,352,177,175
2026,059,Callahan County,13524,6740,6784,10968,5432,5536,181,92,89,1945,1011,934,72,25,47,358,180,178
2027,059,Callahan County,13532,6744,6788,10882,5391,5491,184,93,91,2029,1052,977,73,25,48,364,183,181
2028,059,Callahan County,13553,6757,6796,10794,5350,5444,187,95,92,2128,1099,1029,74,26,48,370,187,183
2029,059,Callahan County,13557,6765,6792,10692,5301,5391,190,97,93,2225,1150,1075,75,26,49,375,191,184
2030,059,Callahan County,13579,6784,6795,10601,5261,5340,193,99,94,2330,1203,1127,74,27,47,381,194,187
2031,059,Callahan County,13585,6795,6790,10494,5216,5278,197,101,96,2433,1255,1178,75,27,48,386,196,190
2032,059,Callahan County,13595,6812,6783,10388,5170,5218,201,103,98,2540,1313,1227,76,28,48,390,198,192
2033,059,Callahan County,13609,6823,6786,10286,5122,5164,205,105,100,2647,1368,1279,75,27,48,396,201,195
2034,059,Callahan County,13606,6832,6774,10166,5064,5102,208,107,101,2755,1428,1327,75,28,47,402,205,197
2035,059,Callahan County,13601,6841,6760,10045,5012,5033,210,108,102,2868,1489,1379,75,28,47,403,204,199
2036,059,Callahan County,13600,6852,6748,9923,4957,4966,213,110,103,2981,1550,1431,76,29,47,407,206,201
2037,059,Callahan County,13593,6862,6731,9793,4898,4895,215,112,103,3098,1616,1482,77,29,48,410,207,203
2038,059,Callahan County,13578,6867,6711,9657,4840,4817,218,113,105,3212,1676,1536,77,30,47,414,208,206
2039,059,Callahan County,13570,6866,6704,9526,4775,4751,222,115,107,3330,1740,1590,78,30,48,414,206,208
2040,059,Callahan County,13561,6870,6691,9389,4714,4675,225,116,109,3450,1802,1648,79,31,48,418,207,211
2041,059,Callahan County,13554,6879,6675,9262,4657,4605,227,117,110,3565,1866,1699,79,30,49,421,209,212
2042,059,Callahan County,13540,6896,6644,9127,4598,4529,230,118,112,3682,1938,1744,79,31,48,422,211,211
2043,059,Callahan County,13533,6901,6632,8987,4529,4458,232,119,113,3811,2012,1799,80,31,49,423,210,213
2044,059,Callahan County,13547,6927,6620,8866,4479,4387,236,121,115,3942,2086,1856,80,32,48,423,209,214
2045,059,Callahan County,13553,6937,6616,8737,4420,4317,238,121,117,4074,2157,1917,81,32,49,423,207,216
2046,059,Callahan County,13562,6955,6607,8611,4363,4248,240,122,118,4207,2230,1977,81,33,48,423,207,216
2047,059,Callahan County,13563,6974,6589,8485,4308,4177,241,122,119,4332,2303,2029,81,33,48,424,208,216
2048,059,Callahan County,13565,7002,6563,8350,4255,4095,243,123,120,4468,2384,2084,81,34,47,423,206,217
2049,059,Callahan County,13575,7013,6562,8228,4200,4028,245,123,122,4596,2452,2144,83,35,48,423,203,220
2050,059,Callahan County,13595,7038,6557,8114,4153,3961,247,124,123,4730,2525,2205,81,34,47,423,202,221
2010,061,Cameron County,406220,195394,210826,43427,21930,21497,1192,703,489,357747,170860,186887,2486,1215,1271,1368,686,682
2011,061,Cameron County,408898,196863,212035,42751,21591,21160,1205,711,494,361038,172632,188406,2517,1233,1284,1387,696,691
2012,061,Cameron County,411458,198283,213175,42079,21265,20814,1221,718,503,364188,174335,189853,2561,1257,1304,1409,708,701
2013,061,Cameron County,413943,199646,214297,41419,20935,20484,1234,725,509,367260,175991,191269,2597,1276,1321,1433,719,714
2014,061,Cameron County,416307,200962,215345,40781,20621,20160,1249,735,514,370190,177584,192606,2634,1295,1339,1453,727,726
2015,061,Cameron County,418538,202208,216330,40159,20311,19848,1267,745,522,372987,179111,193876,2655,1306,1349,1470,735,735
2016,061,Cameron County,420613,203380,217233,39531,19989,19542,1282,752,530,375627,180575,195052,2688,1323,1365,1485,741,744
2017,061,Cameron County,422582,204502,218080,38919,19686,19233,1298,758,540,378144,181968,196176,2710,1337,1373,1511,753,758
2018,061,Cameron County,424463,205589,218874,38325,19388,18937,1313,765,548,380558,183320,197238,2738,1357,1381,1529,759,770
2019,061,Cameron County,426216,206598,219618,37720,19082,18638,1324,768,556,382862,184611,198251,2758,1368,1390,1552,769,783
2020,061,Cameron County,427879,207573,220306,37123,18780,18343,1341,774,567,385066,185867,199199,2779,1374,1405,1570,778,792
2021,061,Cameron County,429512,208551,220961,36540,18491,18049,1352,777,575,387227,187103,200124,2801,1389,1412,1592,791,801
2022,061,Cameron County,431021,209466,221555,35951,18200,17751,1364,783,581,389271,188279,200992,2821,1400,1421,1614,804,810
2023,061,Cameron County,432429,210331,222098,35367,17905,17462,1376,792,584,391217,189408,201809,2831,1408,1423,1638,818,820
2024,061,Cameron County,433726,211150,222576,34793,17626,17167,1391,798,593,393036,190477,202559,2856,1424,1432,1650,825,825
2025,061,Cameron County,434876,211887,222989,34217,17340,16877,1408,807,601,394716,191476,203240,2868,1432,1436,1667,832,835
2026,061,Cameron County,435881,212553,223328,33654,17057,16597,1420,814,606,396247,192399,203848,2881,1443,1438,1679,840,839
2027,061,Cameron County,436718,213142,223576,33096,16783,16313,1425,815,610,397606,193244,204362,2896,1451,1445,1695,849,846
2028,061,Cameron County,437384,213630,223754,32527,16494,16033,1433,817,616,398805,194002,204803,2908,1458,1450,1711,859,852
2029,061,Cameron County,437859,214031,223828,31974,16218,15756,1436,817,619,399813,194670,205143,2916,1462,1454,1720,864,856
2030,061,Cameron County,438124,214321,223803,31396,15926,15470,1439,817,622,400626,195239,205387,2926,1469,1457,1737,870,867
2031,061,Cameron County,438217,214533,223684,30831,15643,15188,1440,815,625,401281,195738,205543,2926,1466,1460,1739,871,868
2032,061,Cameron County,438159,214673,223486,30288,15370,14918,1444,815,629,401754,196144,205610,2926,1467,1459,1747,877,870
2033,061,Cameron County,437924,214722,223202,29749,15102,14647,1442,809,633,402052,196462,205590,2929,1470,1459,1752,879,873
2034,061,Cameron County,437529,214693,222836,29225,14840,14385,1440,804,636,402169,196690,205479,2927,1469,1458,1768,890,878
2035,061,Cameron County,436949,214566,222383,28715,14584,14131,1430,795,635,402110,196833,205277,2920,1467,1453,1774,887,887
2036,061,Cameron County,436219,214386,221833,28210,14339,13871,1428,791,637,401878,196896,204982,2919,1470,1449,1784,890,894
2037,061,Cameron County,435342,214127,221215,27721,14101,13620,1419,785,634,401497,196882,204615,2910,1465,1445,1795,894,901
2038,061,Cameron County,434339,213815,220524,27255,13871,13384,1414,779,635,400964,196799,204165,2902,1469,1433,1804,897,907
2039,061,Cameron County,433197,213422,219775,26801,13648,13153,1407,772,635,400290,196643,203647,2893,1464,1429,1806,895,911
2040,061,Cameron County,431906,212967,218939,26364,13437,12927,1400,765,635,399453,196412,203041,2873,1455,1418,1816,898,918
2041,061,Cameron County,430502,212470,218032,25939,13235,12704,1393,757,636,398485,196125,202360,2862,1455,1407,1823,898,925
2042,061,Cameron County,428970,211896,217074,25524,13035,12489,1383,750,633,397386,195769,201617,2846,1444,1402,1831,898,933
2043,061,Cameron County,427362,211301,216061,25150,12860,12290,1376,744,632,396162,195356,200806,2837,1444,1393,1837,897,940
2044,061,Cameron County,425619,210640,214979,24789,12688,12101,1367,737,630,394807,194884,199923,2813,1433,1380,1843,898,945
2045,061,Cameron County,423758,209918,213840,24440,12528,11912,1362,732,630,393315,194340,198975,2795,1423,1372,1846,895,951
2046,061,Cameron County,421823,209166,212657,24117,12378,11739,1358,729,629,391714,193746,197968,2781,1419,1362,1853,894,959
2047,061,Cameron County,419776,208354,211422,23803,12227,11576,1356,726,630,389985,193096,196889,2771,1412,1359,1861,893,968
2048,061,Cameron County,417619,207482,210137,23497,12081,11416,1350,723,627,388141,192378,195763,2756,1402,1354,1875,898,977
2049,061,Cameron County,415354,206566,208788,23205,11942,11263,1340,718,622,386189,191613,194576,2738,1396,1342,1882,897,985
2050,061,Cameron County,413004,205603,207401,22955,11822,11133,1332,712,620,384113,190789,193324,2716,1385,1331,1888,895,993
2010,063,Camp County,12401,6086,6315,7298,3519,3779,2133,991,1142,2648,1417,1231,59,26,33,263,133,130
2011,063,Camp County,12469,6113,6356,7311,3524,3787,2125,983,1142,2704,1444,1260,60,26,34,269,136,133
2012,063,Camp County,12554,6153,6401,7330,3532,3798,2125,981,1144,2763,1474,1289,61,27,34,275,139,136
2013,063,Camp County,12660,6203,6457,7353,3540,3813,2133,983,1150,2831,1511,1320,62,27,35,281,142,139
2014,063,Camp County,12758,6245,6513,7371,3547,3824,2137,982,1155,2900,1543,1357,63,28,35,287,145,142
2015,063,Camp County,12863,6299,6564,7401,3564,3837,2140,983,1157,2965,1576,1389,64,28,36,293,148,145
2016,063,Camp County,12957,6337,6620,7423,3566,3857,2141,982,1159,3028,1608,1420,65,29,36,300,152,148
2017,063,Camp County,13047,6381,6666,7437,3572,3865,2136,980,1156,3101,1644,1457,66,29,37,307,156,151
2018,063,Camp County,13145,6438,6707,7452,3584,3868,2140,986,1154,3172,1678,1494,67,30,37,314,160,154
2019,063,Camp County,13231,6480,6751,7457,3587,3870,2142,986,1156,3243,1713,1530,68,30,38,321,164,157
2020,063,Camp County,13322,6526,6796,7471,3597,3874,2141,982,1159,3314,1749,1565,69,31,38,327,167,160
2021,063,Camp County,13411,6569,6842,7478,3602,3876,2139,977,1162,3390,1788,1602,70,31,39,334,171,163
2022,063,Camp County,13515,6625,6890,7491,3614,3877,2144,976,1168,3465,1826,1639,71,32,39,344,177,167
2023,063,Camp County,13609,6672,6937,7497,3619,3878,2145,976,1169,3545,1866,1679,72,32,40,350,179,171
2024,063,Camp County,13712,6721,6991,7505,3624,3881,2148,974,1174,3627,1906,1721,73,33,40,359,184,175
2025,063,Camp County,13797,6765,7032,7504,3626,3878,2147,972,1175,3705,1946,1759,74,33,41,367,188,179
2026,063,Camp County,13886,6810,7076,7508,3628,3880,2138,967,1171,3790,1989,1801,75,34,41,375,192,183
2027,063,Camp County,13966,6850,7116,7500,3626,3874,2141,969,1172,3866,2025,1841,76,34,42,383,196,187
2028,063,Camp County,14037,6882,7155,7499,3625,3874,2127,960,1167,3941,2060,1881,77,35,42,393,202,191
2029,063,Camp County,14115,6917,7198,7496,3623,3873,2118,954,1164,4021,2098,1923,78,35,43,402,207,195
2030,063,Camp County,14164,6938,7226,7481,3613,3868,2106,950,1156,4086,2126,1960,79,36,43,412,213,199
2031,063,Camp County,14213,6953,7260,7471,3607,3864,2091,945,1146,4152,2150,2002,80,36,44,419,215,204
2032,063,Camp County,14260,6971,7289,7464,3602,3862,2077,940,1137,4214,2175,2039,81,37,44,424,217,207
2033,063,Camp County,14293,6988,7305,7443,3595,3848,2057,934,1123,4277,2200,2077,82,37,45,434,222,212
2034,063,Camp County,14325,6998,7327,7430,3590,3840,2040,927,1113,4328,2216,2112,83,38,45,444,227,217
2035,063,Camp County,14355,7001,7354,7418,3580,3838,2018,921,1097,4388,2237,2151,84,38,46,447,225,222
2036,063,Camp County,14391,7019,7372,7405,3577,3828,1999,913,1086,4447,2261,2186,85,39,46,455,229,226
2037,063,Camp County,14420,7024,7396,7397,3569,3828,1975,904,1071,4502,2281,2221,85,38,47,461,232,229
2038,063,Camp County,14439,7029,7410,7377,3558,3819,1956,897,1059,4554,2301,2253,86,39,47,466,234,232
2039,063,Camp County,14474,7042,7432,7367,3552,3815,1945,896,1049,4604,2320,2284,87,39,48,471,235,236
2040,063,Camp County,14499,7045,7454,7355,3543,3812,1930,892,1038,4649,2333,2316,88,40,48,477,237,240
2041,063,Camp County,14532,7055,7477,7346,3538,3808,1909,884,1025,4703,2351,2352,88,40,48,486,242,244
2042,063,Camp County,14581,7073,7508,7346,3540,3806,1897,880,1017,4756,2368,2388,89,41,48,493,244,249
2043,063,Camp County,14612,7085,7527,7345,3541,3804,1883,878,1005,4797,2381,2416,90,41,49,497,244,253
2044,063,Camp County,14641,7102,7539,7333,3539,3794,1871,876,995,4843,2400,2443,91,42,49,503,245,258
2045,063,Camp County,14662,7112,7550,7319,3535,3784,1857,879,978,4880,2405,2475,91,42,49,515,251,264
2046,063,Camp County,14689,7119,7570,7321,3535,3786,1843,877,966,4914,2413,2501,91,42,49,520,252,268
2047,063,Camp County,14721,7130,7591,7319,3533,3786,1830,877,953,4955,2424,2531,91,42,49,526,254,272
2048,063,Camp County,14760,7142,7618,7329,3539,3790,1816,871,945,4992,2434,2558,91,42,49,532,256,276
2049,063,Camp County,14783,7151,7632,7330,3539,3791,1797,869,928,5025,2445,2580,92,42,50,539,256,283
2050,063,Camp County,14814,7158,7656,7329,3536,3793,1787,865,922,5060,2455,2605,92,43,49,546,259,287
2010,065,Carson County,6182,3042,3140,5473,2690,2783,35,17,18,525,253,272,19,7,12,130,75,55
2011,065,Carson County,6130,3026,3104,5405,2666,2739,36,17,19,538,260,278,19,7,12,132,76,56
2012,065,Carson County,6081,3010,3071,5340,2641,2699,37,18,19,551,267,284,19,7,12,134,77,57
2013,065,Carson County,6036,2996,3040,5279,2619,2660,38,18,20,564,274,290,19,7,12,136,78,58
2014,065,Carson County,5989,2982,3007,5215,2596,2619,39,19,20,578,281,297,19,7,12,138,79,59
2015,065,Carson County,5952,2967,2985,5160,2573,2587,40,19,21,592,288,304,19,7,12,141,80,61
2016,065,Carson County,5906,2950,2956,5096,2545,2551,41,20,21,606,296,310,19,7,12,144,82,62
2017,065,Carson County,5877,2943,2934,5046,2528,2518,43,21,22,622,304,318,19,7,12,147,83,64
2018,065,Carson County,5848,2938,2910,4996,2512,2484,45,22,23,638,312,326,19,7,12,150,85,65
2019,065,Carson County,5832,2936,2896,4958,2499,2459,47,23,24,655,321,334,19,7,12,153,86,67
2020,065,Carson County,5799,2923,2876,4904,2476,2428,49,24,25,673,330,343,19,7,12,154,86,68
2021,065,Carson County,5787,2926,2861,4870,2468,2402,51,25,26,691,339,352,19,7,12,156,87,69
2022,065,Carson County,5768,2922,2846,4828,2452,2376,53,26,27,709,348,361,19,7,12,159,89,70
2023,065,Carson County,5748,2917,2831,4786,2436,2350,55,27,28,727,357,370,19,7,12,161,90,71
2024,065,Carson County,5729,2912,2817,4746,2420,2326,57,28,29,742,365,377,19,7,12,165,92,73
2025,065,Carson County,5720,2915,2805,4715,2412,2303,58,28,30,759,374,385,19,7,12,169,94,75
2026,065,Carson County,5705,2911,2794,4679,2397,2282,59,29,30,777,383,394,19,7,12,171,95,76
2027,065,Carson County,5700,2912,2788,4654,2387,2267,60,29,31,792,392,400,19,7,12,175,97,78
2028,065,Carson County,5699,2912,2787,4630,2376,2254,62,30,32,809,400,409,19,7,12,179,99,80
2029,065,Carson County,5692,2913,2779,4600,2366,2234,64,31,33,827,409,418,19,7,12,182,100,82
2030,065,Carson County,5685,2917,2768,4573,2359,2214,66,32,34,843,417,426,19,7,12,184,102,82
2031,065,Carson County,5677,2911,2766,4545,2345,2200,68,33,35,857,423,434,19,7,12,188,103,85
2032,065,Carson County,5658,2903,2755,4508,2328,2180,70,34,36,871,431,440,19,7,12,190,103,87
2033,065,Carson County,5656,2907,2749,4490,2322,2168,72,35,37,881,438,443,20,7,13,193,105,88
2034,065,Carson County,5647,2904,2743,4465,2309,2156,74,36,38,891,444,447,21,8,13,196,107,89
2035,065,Carson County,5626,2895,2731,4429,2293,2136,76,37,39,904,451,453,21,8,13,196,106,90
2036,065,Carson County,5610,2892,2718,4395,2281,2114,78,38,40,919,459,460,21,8,13,197,106,91
2037,065,Carson County,5597,2887,2710,4363,2267,2096,80,39,41,934,467,467,21,8,13,199,106,93
2038,065,Carson County,5566,2870,2696,4318,2244,2074,82,40,42,946,473,473,21,8,13,199,105,94
2039,065,Carson County,5539,2853,2686,4276,2221,2055,83,41,42,958,478,480,21,8,13,201,105,96
2040,065,Carson County,5509,2842,2667,4235,2203,2032,85,42,43,964,481,483,21,8,13,204,108,96
2041,065,Carson County,5488,2837,2651,4200,2191,2009,87,43,44,974,486,488,21,8,13,206,109,97
2042,065,Carson County,5460,2827,2633,4159,2175,1984,89,44,45,985,492,493,21,8,13,206,108,98
2043,065,Carson County,5443,2826,2617,4128,2166,1962,91,45,46,995,498,497,21,8,13,208,109,99
2044,065,Carson County,5420,2817,2603,4090,2148,1942,93,46,47,1008,506,502,20,8,12,209,109,100
2045,065,Carson County,5396,2804,2592,4050,2127,1923,95,47,48,1020,513,507,20,8,12,211,109,102
2046,065,Carson County,5369,2788,2581,4011,2108,1903,97,48,49,1028,514,514,20,8,12,213,110,103
2047,065,Carson County,5343,2778,2565,3974,2093,1881,98,48,50,1038,521,517,20,8,12,213,108,105
2048,065,Carson County,5319,2766,2553,3935,2075,1860,100,49,51,1051,527,524,20,8,12,213,107,106
2049,065,Carson County,5293,2756,2537,3895,2058,1837,102,50,52,1061,533,528,20,8,12,215,107,108
2050,065,Carson County,5271,2744,2527,3863,2041,1822,104,51,53,1069,538,531,20,8,12,215,106,109
2010,067,Cass County,30464,14777,15687,23522,11485,12037,5299,2471,2828,1053,550,503,89,35,54,501,236,265
2011,067,Cass County,30477,14778,15699,23508,11473,12035,5261,2451,2810,1100,574,526,91,36,55,517,244,273
2012,067,Cass County,30487,14777,15710,23485,11457,12028,5230,2435,2795,1147,597,550,93,37,56,532,251,281
2013,067,Cass County,30495,14782,15713,23459,11438,12021,5201,2428,2773,1194,621,573,95,38,57,546,257,289
2014,067,Cass County,30489,14775,15714,23428,11412,12016,5159,2412,2747,1242,646,596,97,39,58,563,266,297
2015,067,Cass County,30486,14772,15714,23398,11391,12007,5118,2394,2724,1293,672,621,99,40,59,578,275,303
2016,067,Cass County,30472,14764,15708,23351,11359,11992,5082,2384,2698,1343,697,646,101,41,60,595,283,312
2017,067,Cass County,30442,14749,15693,23296,11325,11971,5037,2367,2670,1394,723,671,103,42,61,612,292,320
2018,067,Cass County,30399,14714,15685,23233,11280,11953,4992,2344,2648,1441,746,695,105,43,62,628,301,327
2019,067,Cass County,30363,14699,15664,23165,11243,11922,4953,2332,2621,1494,773,721,107,44,63,644,307,337
2020,067,Cass County,30326,14683,15643,23105,11212,11893,4908,2311,2597,1543,800,743,109,45,64,661,315,346
2021,067,Cass County,30268,14658,15610,23020,11166,11854,4864,2294,2570,1594,827,767,111,46,65,679,325,354
2022,067,Cass County,30202,14623,15579,22939,11121,11818,4813,2272,2541,1642,851,791,113,47,66,695,332,363
2023,067,Cass County,30121,14585,15536,22840,11066,11774,4760,2253,2507,1695,878,817,115,48,67,711,340,371
2024,067,Cass County,30026,14533,15493,22728,11008,11720,4709,2225,2484,1745,903,842,117,49,68,727,348,379
2025,067,Cass County,29918,14487,15431,22607,10944,11663,4651,2204,2447,1798,932,866,118,50,68,744,357,387
2026,067,Cass County,29813,14431,15382,22491,10880,11611,4590,2175,2415,1851,959,892,120,51,69,761,366,395
2027,067,Cass County,29702,14376,15326,22365,10816,11549,4538,2149,2389,1902,985,917,121,52,69,776,374,402
2028,067,Cass County,29563,14304,15259,22220,10741,11479,4477,2118,2359,1949,1009,940,123,53,70,794,383,411
2029,067,Cass County,29415,14229,15186,22061,10661,11400,4420,2088,2332,2001,1035,966,125,54,71,808,391,417
2030,067,Cass County,29244,14140,15104,21885,10571,11314,4358,2056,2302,2049,1059,990,127,55,72,825,399,426
2031,067,Cass County,29075,14056,15019,21703,10484,11219,4299,2022,2277,2101,1086,1015,129,56,73,843,408,435
2032,067,Cass County,28876,13953,14923,21508,10388,11120,4236,1988,2248,2149,1109,1040,131,57,74,852,411,441
2033,067,Cass County,28686,13858,14828,21311,10291,11020,4172,1957,2215,2200,1132,1068,133,58,75,870,420,450
2034,067,Cass County,28485,13763,14722,21111,10200,10911,4100,1917,2183,2256,1160,1096,135,59,76,883,427,456
2035,067,Cass County,28294,13668,14626,20900,10092,10808,4041,1888,2153,2316,1193,1123,137,60,77,900,435,465
2036,067,Cass County,28108,13575,14533,20693,9992,10701,3991,1861,2130,2372,1219,1153,139,61,78,913,442,471
2037,067,Cass County,27913,13482,14431,20482,9890,10592,3936,1836,2100,2427,1247,1180,142,62,80,926,447,479
2038,067,Cass County,27717,13389,14328,20273,9792,10481,3878,1807,2071,2485,1277,1208,142,62,80,939,451,488
2039,067,Cass County,27539,13308,14231,20068,9695,10373,3829,1786,2043,2544,1306,1238,143,63,80,955,458,497
2040,067,Cass County,27342,13213,14129,19859,9594,10265,3768,1757,2011,2603,1336,1267,143,63,80,969,463,506
2041,067,Cass County,27139,13112,14027,19640,9489,10151,3708,1723,1985,2664,1367,1297,145,64,81,982,469,513
2042,067,Cass County,26947,13022,13925,19448,9398,10050,3643,1694,1949,2718,1394,1324,146,65,81,992,471,521
2043,067,Cass County,26761,12934,13827,19242,9299,9943,3585,1666,1919,2780,1425,1355,148,66,82,1006,478,528
2044,067,Cass County,26580,12841,13739,19053,9208,9845,3530,1638,1892,2839,1454,1385,150,67,83,1008,474,534
2045,067,Cass County,26390,12750,13640,18851,9111,9740,3474,1613,1861,2895,1480,1415,151,68,83,1019,478,541
2046,067,Cass County,26199,12661,13538,18661,9022,9639,3422,1589,1833,2937,1501,1436,151,68,83,1028,481,547
2047,067,Cass County,26026,12578,13448,18484,8938,9546,3364,1560,1804,2993,1528,1465,151,68,83,1034,484,550
2048,067,Cass County,25816,12486,13330,18276,8839,9437,3311,1540,1771,3041,1555,1486,153,69,84,1035,483,552
2049,067,Cass County,25638,12400,13238,18094,8746,9348,3252,1512,1740,3096,1586,1510,154,70,84,1042,486,556
2050,067,Cass County,25450,12305,13145,17897,8651,9246,3200,1485,1715,3155,1615,1540,154,70,84,1044,484,560
2010,069,Castro County,8062,4084,3978,3004,1495,1509,149,76,73,4828,2475,2353,30,16,14,51,22,29
2011,069,Castro County,7932,4017,3915,2904,1445,1459,151,77,74,4794,2457,2337,30,15,15,53,23,30
2012,069,Castro County,7827,3967,3860,2810,1400,1410,153,78,75,4778,2449,2329,31,16,15,55,24,31
2013,069,Castro County,7727,3917,3810,2726,1361,1365,155,79,76,4757,2436,2321,32,16,16,57,25,32
2014,069,Castro County,7637,3868,3769,2654,1323,1331,156,79,77,4735,2423,2312,33,17,16,59,26,33
2015,069,Castro County,7549,3824,3725,2585,1289,1296,158,80,78,4711,2411,2300,34,17,17,61,27,34
2016,069,Castro County,7458,3778,3680,2515,1255,1260,161,82,79,4684,2395,2289,35,18,17,63,28,35
2017,069,Castro County,7365,3728,3637,2443,1219,1224,163,83,80,4658,2379,2279,36,18,18,65,29,36
2018,069,Castro County,7275,3675,3600,2381,1184,1197,165,84,81,4625,2358,2267,37,19,18,67,30,37
2019,069,Castro County,7190,3629,3561,2318,1151,1167,169,85,84,4598,2344,2254,36,18,18,69,31,38
2020,069,Castro County,7103,3583,3520,2251,1115,1136,172,87,85,4573,2331,2242,36,18,18,71,32,39
2021,069,Castro County,7024,3540,3484,2199,1087,1112,175,88,87,4541,2314,2227,36,18,18,73,33,40
2022,069,Castro County,6938,3493,3445,2141,1057,1084,178,90,88,4508,2294,2214,36,18,18,75,34,41
2023,069,Castro County,6852,3446,3406,2087,1029,1058,181,91,90,4471,2273,2198,36,18,18,77,35,42
2024,069,Castro County,6758,3397,3361,2036,1003,1033,182,92,90,4425,2248,2177,36,18,18,79,36,43
2025,069,Castro County,6663,3345,3318,1984,976,1008,184,93,91,4378,2221,2157,36,18,18,81,37,44
2026,069,Castro County,6573,3295,3278,1937,950,987,186,95,91,4332,2195,2137,35,17,18,83,38,45
2027,069,Castro County,6485,3245,3240,1892,924,968,189,96,93,4284,2169,2115,35,17,18,85,39,46
2028,069,Castro County,6398,3200,3198,1852,902,950,191,98,93,4234,2143,2091,35,17,18,86,40,46
2029,069,Castro County,6308,3156,3152,1810,880,930,194,99,95,4182,2119,2063,35,17,18,87,41,46
2030,069,Castro County,6229,3117,3112,1779,863,916,197,101,96,4128,2094,2034,35,17,18,90,42,48
2031,069,Castro County,6148,3076,3072,1747,848,899,199,102,97,4075,2066,2009,35,17,18,92,43,49
2032,069,Castro County,6052,3029,3023,1706,827,879,201,103,98,4016,2038,1978,35,17,18,94,44,50
2033,069,Castro County,5955,2980,2975,1668,804,864,204,104,100,3953,2011,1942,35,17,18,95,44,51
2034,069,Castro County,5872,2935,2937,1637,784,853,207,106,101,3896,1983,1913,35,17,18,97,45,52
2035,069,Castro County,5786,2891,2895,1604,766,838,211,108,103,3837,1954,1883,35,17,18,99,46,53
2036,069,Castro County,5705,2853,2852,1574,749,825,213,110,103,3781,1929,1852,36,18,18,101,47,54
2037,069,Castro County,5618,2808,2810,1543,733,810,215,110,105,3720,1899,1821,37,18,19,103,48,55
2038,069,Castro County,5540,2768,2772,1520,719,801,217,111,106,3660,1870,1790,38,19,19,105,49,56
2039,069,Castro County,5452,2722,2730,1491,704,787,219,111,108,3596,1838,1758,39,19,20,107,50,57
2040,069,Castro County,5371,2685,2686,1468,692,776,221,112,109,3534,1810,1724,39,20,19,109,51,58
2041,069,Castro County,5282,2643,2639,1442,678,764,224,113,111,3465,1780,1685,40,20,20,111,52,59
2042,069,Castro County,5195,2602,2593,1422,667,755,225,114,111,3394,1747,1647,41,21,20,113,53,60
2043,069,Castro County,5104,2556,2548,1399,654,745,227,114,113,3323,1714,1609,42,21,21,113,53,60
2044,069,Castro County,5019,2512,2507,1371,637,734,230,116,114,3263,1686,1577,43,22,21,112,51,61
2045,069,Castro County,4944,2474,2470,1349,626,723,232,116,116,3206,1658,1548,44,22,22,113,52,61
2046,069,Castro County,4870,2442,2428,1328,618,710,232,116,116,3151,1632,1519,44,23,21,115,53,62
2047,069,Castro County,4805,2407,2398,1313,609,704,233,116,117,3098,1606,1492,45,23,22,116,53,63
2048,069,Castro County,4739,2380,2359,1296,603,693,234,117,117,3045,1582,1463,46,24,22,118,54,64
2049,069,Castro County,4674,2346,2328,1282,596,686,234,116,118,2992,1556,1436,47,24,23,119,54,65
2050,069,Castro County,4605,2315,2290,1267,590,677,233,116,117,2938,1531,1407,47,24,23,120,54,66
2010,071,Chambers County,35096,17661,17435,24767,12357,12410,2817,1426,1391,6635,3454,3181,326,150,176,551,274,277
2011,071,Chambers County,35681,17959,17722,24948,12455,12493,2876,1451,1425,6957,3618,3339,333,153,180,567,282,285
2012,071,Chambers County,36320,18284,18036,25145,12562,12583,2948,1481,1467,7305,3796,3509,340,156,184,582,289,293
2013,071,Chambers County,36973,18619,18354,25342,12671,12671,3021,1513,1508,7664,3978,3686,347,159,188,599,298,301
2014,071,Chambers County,37650,18966,18684,25551,12787,12764,3097,1547,1550,8034,4165,3869,354,162,192,614,305,309
2015,071,Chambers County,38354,19327,19027,25766,12906,12860,3167,1576,1591,8429,4366,4063,361,165,196,631,314,317
2016,071,Chambers County,39081,19695,19386,25993,13029,12964,3241,1608,1633,8831,4569,4262,368,168,200,648,321,327
2017,071,Chambers County,39830,20083,19747,26217,13155,13062,3320,1643,1677,9250,4784,4466,376,171,205,667,330,337
2018,071,Chambers County,40621,20491,20130,26458,13288,13170,3401,1680,1721,9694,5010,4684,383,174,209,685,339,346
2019,071,Chambers County,41438,20904,20534,26709,13429,13280,3487,1713,1774,10150,5238,4912,388,176,212,704,348,356
2020,071,Chambers County,42302,21352,20950,26977,13579,13398,3586,1760,1826,10623,5477,5146,393,178,215,723,358,365
2021,071,Chambers County,43221,21832,21389,27275,13747,13528,3682,1807,1875,11117,5727,5390,400,180,220,747,371,376
2022,071,Chambers County,44165,22322,21843,27582,13924,13658,3778,1846,1932,11629,5988,5641,406,181,225,770,383,387
2023,071,Chambers County,45129,22835,22294,27895,14112,13783,3877,1893,1984,12152,6253,5899,414,184,230,791,393,398
2024,071,Chambers County,46122,23355,22767,28213,14297,13916,3975,1936,2039,12693,6527,6166,424,188,236,817,407,410
2025,071,Chambers County,47161,23908,23253,28542,14497,14045,4074,1982,2092,13269,6817,6452,433,192,241,843,420,423
2026,071,Chambers County,48207,24458,23749,28858,14683,14175,4173,2031,2142,13868,7117,6751,441,196,245,867,431,436
2027,071,Chambers County,49270,25009,24261,29179,14869,14310,4272,2077,2195,14474,7418,7056,450,199,251,895,446,449
2028,071,Chambers County,50336,25586,24750,29484,15063,14421,4380,2134,2246,15096,7734,7362,459,201,258,917,454,463
2029,071,Chambers County,51413,26160,25253,29785,15254,14531,4487,2188,2299,15739,8050,7689,467,204,263,935,464,471
2030,071,Chambers County,52515,26739,25776,30083,15441,14642,4592,2235,2357,16406,8385,8021,475,205,270,959,473,486
2031,071,Chambers County,53650,27329,26321,30374,15621,14753,4703,2286,2417,17106,8731,8375,486,208,278,981,483,498
2032,071,Chambers County,54761,27905,26856,30637,15786,14851,4817,2336,2481,17809,9079,8730,495,211,284,1003,493,510
2033,071,Chambers County,55874,28496,27378,30877,15951,14926,4939,2390,2549,18522,9433,9089,505,214,291,1031,508,523
2034,071,Chambers County,57010,29084,27926,31105,16098,15007,5071,2450,2621,19261,9799,9462,516,218,298,1057,519,538
2035,071,Chambers County,58132,29661,28471,31306,16234,15072,5209,2511,2698,20007,10164,9843,529,222,307,1081,530,551
2036,071,Chambers County,59266,30255,29011,31500,16369,15131,5344,2571,2773,20778,10547,10231,537,224,313,1107,544,563
2037,071,Chambers County,60418,30849,29569,31683,16495,15188,5490,2632,2858,21577,10945,10632,540,223,317,1128,554,574
2038,071,Chambers County,61572,31440,30132,31846,16608,15238,5631,2690,2941,22396,11353,11043,547,223,324,1152,566,586
2039,071,Chambers County,62728,32036,30692,31995,16719,15276,5776,2752,3024,23233,11766,11467,555,226,329,1169,573,596
2040,071,Chambers County,63921,32627,31294,32144,16817,15327,5935,2820,3115,24093,12183,11910,560,226,334,1189,581,608
2041,071,Chambers County,65113,33245,31868,32291,16926,15365,6087,2887,3200,24959,12612,12347,564,229,335,1212,591,621
2042,071,Chambers County,66314,33858,32456,32416,17020,15396,6258,2961,3297,25844,13051,12793,569,227,342,1227,599,628
2043,071,Chambers County,67570,34502,33068,32549,17116,15433,6422,3036,3386,26772,13517,13255,580,228,352,1247,605,642
2044,071,Chambers County,68878,35161,33717,32693,17217,15476,6606,3119,3487,27721,13983,13738,588,228,360,1270,614,656
2045,071,Chambers County,70201,35820,34381,32820,17308,15512,6793,3207,3586,28696,14454,14242,595,226,369,1297,625,672
2046,071,Chambers County,71548,36501,35047,32961,17409,15552,6975,3286,3689,29686,14943,14743,605,228,377,1321,635,686
2047,071,Chambers County,72908,37192,35716,33095,17515,15580,7169,3369,3800,30686,15436,15250,618,230,388,1340,642,698
2048,071,Chambers County,74344,37916,36428,33250,17626,15624,7382,3462,3920,31718,15946,15772,632,233,399,1362,649,713
2049,071,Chambers County,75790,38638,37152,33394,17730,15664,7584,3550,4034,32789,16470,16319,641,234,407,1382,654,728
2050,071,Chambers County,77273,39367,37906,33554,17842,15712,7799,3635,4164,33868,16997,16871,651,233,418,1401,660,741
2010,073,Cherokee County,50845,25850,24995,31892,15561,16331,7401,3982,3419,10499,5826,4673,221,90,131,832,391,441
2011,073,Cherokee County,50967,25919,25048,31856,15571,16285,7354,3958,3396,10678,5896,4782,225,92,133,854,402,452
2012,073,Cherokee County,51124,25997,25127,31835,15586,16249,7322,3937,3385,10862,5967,4895,229,94,135,876,413,463
2013,073,Cherokee County,51282,26087,25195,31802,15600,16202,7295,3923,3372,11056,6045,5011,233,96,137,896,423,473
2014,073,Cherokee County,51438,26163,25275,31779,15607,16172,7257,3905,3352,11246,6119,5127,236,97,139,920,435,485
2015,073,Cherokee County,51614,26250,25364,31757,15620,16137,7230,3889,3341,11444,6194,5250,241,100,141,942,447,495
2016,073,Cherokee County,51737,26304,25433,31715,15621,16094,7189,3861,3328,11623,6261,5362,245,102,143,965,459,506
2017,073,Cherokee County,51873,26379,25494,31666,15617,16049,7162,3849,3313,11807,6338,5469,249,103,146,989,472,517
2018,073,Cherokee County,51985,26434,25551,31613,15614,15999,7124,3831,3293,11983,6402,5581,254,107,147,1011,480,531
2019,073,Cherokee County,52089,26477,25612,31551,15602,15949,7085,3807,3278,12161,6468,5693,258,109,149,1034,491,543
2020,073,Cherokee County,52178,26506,25672,31471,15574,15897,7046,3784,3262,12340,6533,5807,262,110,152,1059,505,554
2021,073,Cherokee County,52262,26551,25711,31386,15561,15825,7015,3771,3244,12511,6590,5921,267,112,155,1083,517,566
2022,073,Cherokee County,52349,26579,25770,31298,15532,15766,6965,3736,3229,12697,6662,6035,271,114,157,1118,535,583
2023,073,Cherokee County,52395,26593,25802,31197,15498,15699,6917,3712,3205,12865,6720,6145,274,116,158,1142,547,595
2024,073,Cherokee County,52444,26599,25845,31086,15460,15626,6874,3681,3193,13039,6782,6257,278,118,160,1167,558,609
2025,073,Cherokee County,52495,26608,25887,30969,15420,15549,6835,3656,3179,13213,6841,6372,281,119,162,1197,572,625
2026,073,Cherokee County,52514,26589,25925,30826,15359,15467,6789,3621,3168,13390,6901,6489,286,122,164,1223,586,637
2027,073,Cherokee County,52536,26597,25939,30685,15315,15370,6744,3597,3147,13568,6960,6608,289,124,165,1250,601,649
2028,073,Cherokee County,52539,26586,25953,30523,15256,15267,6704,3571,3133,13741,7016,6725,293,127,166,1278,616,662
2029,073,Cherokee County,52526,26581,25945,30355,15196,15159,6667,3556,3111,13906,7071,6835,295,129,166,1303,629,674
2030,073,Cherokee County,52507,26560,25947,30177,15125,15052,6626,3534,3092,14074,7127,6947,300,132,168,1330,642,688
2031,073,Cherokee County,52462,26527,25935,29981,15050,14931,6574,3503,3071,14245,7183,7062,305,136,169,1357,655,702
2032,073,Cherokee County,52421,26505,25916,29796,14986,14810,6529,3483,3046,14407,7232,7175,307,138,169,1382,666,716
2033,073,Cherokee County,52364,26467,25897,29604,14909,14695,6476,3458,3018,14566,7285,7281,312,140,172,1406,675,731
2034,073,Cherokee County,52297,26434,25863,29407,14832,14575,6423,3436,2987,14717,7336,7381,316,142,174,1434,688,746
2035,073,Cherokee County,52201,26390,25811,29209,14757,14452,6359,3406,2953,14863,7388,7475,316,143,173,1454,696,758
2036,073,Cherokee County,52112,26334,25778,29007,14670,14337,6314,3387,2927,15001,7430,7571,318,145,173,1472,702,770
2037,073,Cherokee County,51985,26269,25716,28792,14582,14210,6250,3356,2894,15135,7475,7660,319,144,175,1489,712,777
2038,073,Cherokee County,51873,26214,25659,28586,14499,14087,6192,3327,2865,15269,7522,7747,321,146,175,1505,720,785
2039,073,Cherokee County,51766,26154,25612,28403,14425,13978,6129,3294,2835,15396,7564,7832,322,147,175,1516,724,792
2040,073,Cherokee County,51644,26078,25566,28191,14339,13852,6064,3252,2812,15531,7607,7924,322,147,175,1536,733,803
2041,073,Cherokee County,51533,26012,25521,27994,14253,13741,6002,3217,2785,15660,7653,8007,322,149,173,1555,740,815
2042,073,Cherokee County,51420,25952,25468,27802,14177,13625,5944,3181,2763,15779,7696,8083,324,151,173,1571,747,824
2043,073,Cherokee County,51292,25881,25411,27614,14097,13517,5884,3153,2731,15885,7729,8156,321,149,172,1588,753,835
2044,073,Cherokee County,51162,25807,25355,27422,14016,13406,5817,3116,2701,15996,7769,8227,324,150,174,1603,756,847
2045,073,Cherokee County,51036,25736,25300,27231,13938,13293,5755,3080,2675,16096,7802,8294,327,151,176,1627,765,862
2046,073,Cherokee County,50930,25673,25257,27065,13864,13201,5693,3048,2645,16199,7841,8358,329,151,178,1644,769,875
2047,073,Cherokee County,50773,25584,25189,26870,13781,13089,5629,3014,2615,16286,7867,8419,331,152,179,1657,770,887
2048,073,Cherokee County,50636,25504,25132,26701,13711,12990,5558,2974,2584,16377,7894,8483,330,152,178,1670,773,897
2049,073,Cherokee County,50484,25421,25063,26523,13633,12890,5486,2937,2549,16454,7918,8536,331,153,178,1690,780,910
2050,073,Cherokee County,50305,25329,24976,26335,13551,12784,5414,2897,2517,16524,7946,8578,332,155,177,1700,780,920
2010,075,Childress County,7041,4121,2920,4327,2232,2095,684,552,132,1885,1262,623,47,28,19,98,47,51
2011,075,Childress County,7036,4119,2917,4290,2211,2079,688,554,134,1910,1278,632,48,28,20,100,48,52
2012,075,Childress County,7048,4131,2917,4262,2195,2067,694,559,135,1940,1298,642,49,29,20,103,50,53
2013,075,Childress County,7060,4133,2927,4239,2178,2061,700,563,137,1965,1312,653,50,29,21,106,51,55
2014,075,Childress County,7062,4135,2927,4205,2156,2049,703,566,137,1994,1330,664,51,30,21,109,53,56
2015,075,Childress County,7071,4135,2936,4173,2133,2040,708,568,140,2026,1350,676,52,30,22,112,54,58
2016,075,Childress County,7079,4140,2939,4143,2112,2031,713,571,142,2055,1370,685,53,31,22,115,56,59
2017,075,Childress County,7079,4135,2944,4108,2087,2021,716,572,144,2083,1388,695,54,31,23,118,57,61
2018,075,Childress County,7078,4130,2948,4075,2061,2014,720,574,146,2109,1406,703,54,31,23,120,58,62
2019,075,Childress County,7068,4120,2948,4041,2043,1998,718,570,148,2132,1417,715,54,31,23,123,59,64
2020,075,Childress County,7062,4114,2948,4012,2025,1987,721,572,149,2149,1425,724,54,31,23,126,61,65
2021,075,Childress County,7053,4105,2948,3980,2004,1976,724,574,150,2166,1434,732,54,31,23,129,62,67
2022,075,Childress County,7045,4105,2940,3948,1989,1959,726,574,152,2186,1447,739,54,31,23,131,64,67
2023,075,Childress County,7035,4103,2932,3910,1970,1940,730,576,154,2207,1461,746,54,31,23,134,65,69
2024,075,Childress County,7028,4104,2924,3876,1955,1921,733,577,156,2228,1474,754,54,31,23,137,67,70
2025,075,Childress County,7018,4102,2916,3845,1942,1903,733,576,157,2247,1486,761,54,31,23,139,67,72
2026,075,Childress County,7015,4106,2909,3817,1928,1889,737,580,157,2266,1499,767,54,31,23,141,68,73
2027,075,Childress County,7001,4100,2901,3789,1914,1875,740,582,158,2275,1505,770,54,31,23,143,68,75
2028,075,Childress County,6992,4103,2889,3758,1900,1858,743,584,159,2291,1518,773,54,31,23,146,70,76
2029,075,Childress County,6991,4105,2886,3734,1887,1847,747,586,161,2308,1531,777,54,31,23,148,70,78
2030,075,Childress County,6985,4106,2879,3705,1872,1833,749,588,161,2326,1543,783,54,31,23,151,72,79
2031,075,Childress County,6983,4107,2876,3681,1861,1820,752,590,162,2341,1552,789,54,31,23,155,73,82
2032,075,Childress County,6982,4115,2867,3653,1848,1805,753,591,162,2365,1570,795,54,31,23,157,75,82
2033,075,Childress County,6975,4122,2853,3620,1838,1782,754,591,163,2386,1586,800,55,31,24,160,76,84
2034,075,Childress County,6976,4131,2845,3596,1829,1767,756,592,164,2406,1601,805,56,32,24,162,77,85
2035,075,Childress County,6971,4136,2835,3575,1822,1753,757,593,164,2417,1611,806,57,32,25,165,78,87
2036,075,Childress County,6951,4133,2818,3543,1811,1732,758,593,165,2424,1616,808,58,33,25,168,80,88
2037,075,Childress County,6940,4136,2804,3519,1804,1715,760,596,164,2433,1623,810,59,33,26,169,80,89
2038,075,Childress County,6930,4139,2791,3495,1796,1699,761,597,164,2443,1630,813,59,34,25,172,82,90
2039,075,Childress County,6913,4133,2780,3470,1788,1682,763,598,165,2446,1631,815,60,34,26,174,82,92
2040,075,Childress County,6898,4132,2766,3444,1778,1666,761,596,165,2459,1641,818,61,35,26,173,82,91
2041,075,Childress County,6892,4137,2755,3424,1772,1652,763,598,165,2467,1649,818,62,35,27,176,83,93
2042,075,Childress County,6882,4137,2745,3400,1761,1639,761,595,166,2482,1662,820,63,36,27,176,83,93
2043,075,Childress County,6869,4137,2732,3376,1756,1620,758,591,167,2492,1670,822,64,36,28,179,84,95
2044,075,Childress County,6868,4149,2719,3352,1747,1605,757,589,168,2515,1691,824,64,37,27,180,85,95
2045,075,Childress County,6833,4143,2690,3320,1736,1584,757,588,169,2508,1696,812,65,37,28,183,86,97
2046,075,Childress County,6817,4144,2673,3294,1727,1567,758,588,170,2517,1705,812,64,37,27,184,87,97
2047,075,Childress County,6801,4145,2656,3266,1717,1549,755,584,171,2528,1719,809,65,37,28,187,88,99
2048,075,Childress County,6778,4143,2635,3240,1710,1530,751,581,170,2532,1726,806,66,38,28,189,88,101
2049,075,Childress County,6759,4140,2619,3219,1702,1517,750,582,168,2534,1732,802,66,37,29,190,87,103
2050,075,Childress County,6727,4133,2594,3187,1690,1497,745,580,165,2537,1738,799,65,36,29,193,89,104
2010,077,Clay County,10752,5283,5469,9941,4896,5045,53,32,21,467,216,251,28,10,18,263,129,134
2011,077,Clay County,10648,5242,5406,9817,4845,4972,55,33,22,480,223,257,28,9,19,268,132,136
2012,077,Clay County,10555,5210,5345,9704,4802,4902,57,34,23,493,230,263,29,10,19,272,134,138
2013,077,Clay County,10456,5175,5281,9584,4756,4828,59,35,24,506,237,269,30,10,20,277,137,140
2014,077,Clay County,10361,5147,5214,9468,4716,4752,61,36,25,519,244,275,31,11,20,282,140,142
2015,077,Clay County,10260,5115,5145,9345,4673,4672,63,37,26,534,252,282,32,11,21,286,142,144
2016,077,Clay County,10169,5089,5080,9229,4634,4595,65,38,27,551,260,291,33,12,21,291,145,146
2017,077,Clay County,10075,5062,5013,9112,4596,4516,67,39,28,567,268,299,34,12,22,295,147,148
2018,077,Clay County,9984,5032,4952,8997,4553,4444,69,40,29,583,276,307,34,12,22,301,151,150
2019,077,Clay County,9885,4997,4888,8875,4506,4369,71,41,30,599,284,315,34,12,22,306,154,152
2020,077,Clay County,9787,4964,4823,8753,4460,4293,73,42,31,616,293,323,34,12,22,311,157,154
2021,077,Clay County,9693,4932,4761,8636,4415,4221,75,43,32,633,302,331,34,12,22,315,160,155
2022,077,Clay County,9584,4886,4698,8505,4358,4147,77,44,33,650,311,339,34,12,22,318,161,157
2023,077,Clay County,9473,4842,4631,8372,4302,4070,79,45,34,667,320,347,33,12,21,322,163,159
2024,077,Clay County,9357,4802,4555,8236,4251,3985,81,46,35,683,328,355,32,12,20,325,165,160
2025,077,Clay County,9254,4762,4492,8109,4198,3911,83,47,36,700,337,363,32,12,20,330,168,162
2026,077,Clay County,9148,4715,4433,7981,4140,3841,85,48,37,717,346,371,32,12,20,333,169,164
2027,077,Clay County,9035,4667,4368,7845,4080,3765,87,49,38,733,354,379,32,12,20,338,172,166
2028,077,Clay County,8911,4617,4294,7703,4021,3682,89,50,39,745,359,386,32,12,20,342,175,167
2029,077,Clay County,8802,4573,4229,7575,3967,3608,90,50,40,761,367,394,32,12,20,344,177,167
2030,077,Clay County,8690,4526,4164,7445,3911,3534,92,51,41,776,374,402,31,12,19,346,178,168
2031,077,Clay County,8574,4479,4095,7312,3855,3457,94,52,42,791,381,410,30,12,18,347,179,168
2032,077,Clay County,8457,4436,4021,7176,3801,3375,96,53,43,806,389,417,29,12,17,350,181,169
2033,077,Clay County,8339,4386,3953,7039,3740,3299,98,54,44,819,396,423,29,12,17,354,184,170
2034,077,Clay County,8216,4329,3887,6903,3678,3225,100,55,45,828,399,429,29,12,17,356,185,171
2035,077,Clay County,8083,4268,3815,6765,3613,3152,102,56,46,830,400,430,28,12,16,358,187,171
2036,077,Clay County,7951,4210,3741,6622,3546,3076,103,57,46,837,406,431,28,12,16,361,189,172
2037,077,Clay County,7817,4147,3670,6482,3478,3004,105,58,47,842,411,431,28,12,16,360,188,172
2038,077,Clay County,7689,4086,3603,6340,3409,2931,107,59,48,849,415,434,28,12,16,365,191,174
2039,077,Clay County,7566,4022,3544,6205,3340,2865,109,60,49,859,420,439,29,12,17,364,190,174
2040,077,Clay County,7438,3967,3471,6070,3281,2789,111,61,50,864,424,440,30,13,17,363,188,175
2041,077,Clay County,7310,3905,3405,5936,3219,2717,113,62,51,870,426,444,31,13,18,360,185,175
2042,077,Clay County,7201,3858,3343,5815,3165,2650,115,63,52,878,429,449,31,14,17,362,187,175
2043,077,Clay County,7087,3804,3283,5695,3110,2585,117,64,53,881,431,450,32,14,18,362,185,177
2044,077,Clay County,6960,3746,3214,5559,3047,2512,119,65,54,890,437,453,33,15,18,359,182,177
2045,077,Clay County,6849,3690,3159,5437,2987,2450,121,66,55,897,441,456,34,15,19,360,181,179
2046,077,Clay County,6735,3634,3101,5314,2928,2386,122,66,56,903,442,461,35,16,19,361,182,179
2047,077,Clay County,6629,3585,3044,5198,2876,2322,123,66,57,912,447,465,36,16,20,360,180,180
2048,077,Clay County,6527,3533,2994,5084,2818,2266,124,66,58,921,452,469,37,17,20,361,180,181
2049,077,Clay County,6411,3478,2933,4960,2758,2202,125,66,59,929,457,472,38,17,21,359,180,179
2050,077,Clay County,6309,3428,2881,4853,2706,2147,126,66,60,934,460,474,38,17,21,358,179,179
2010,079,Cochran County,3127,1535,1592,1329,651,678,110,50,60,1654,820,834,3,1,2,31,13,18
2011,079,Cochran County,3124,1540,1584,1291,639,652,111,50,61,1687,837,850,3,1,2,32,13,19
2012,079,Cochran County,3130,1547,1583,1261,627,634,112,51,61,1721,854,867,3,1,2,33,14,19
2013,079,Cochran County,3142,1554,1588,1235,616,619,113,51,62,1757,872,885,3,1,2,34,14,20
2014,079,Cochran County,3165,1571,1594,1217,612,605,115,52,63,1795,891,904,3,1,2,35,15,20
2015,079,Cochran County,3189,1583,1606,1198,603,595,117,53,64,1835,911,924,3,1,2,36,15,21
2016,079,Cochran County,3219,1598,1621,1184,596,588,119,54,65,1876,931,945,3,1,2,37,16,21
2017,079,Cochran County,3251,1611,1640,1171,588,583,121,55,66,1918,951,967,3,1,2,38,16,22
2018,079,Cochran County,3279,1627,1652,1159,584,575,123,56,67,1955,969,986,3,1,2,39,17,22
2019,079,Cochran County,3315,1649,1666,1151,584,567,125,57,68,1996,990,1006,3,1,2,40,17,23
2020,079,Cochran County,3348,1667,1681,1138,577,561,127,58,69,2039,1013,1026,3,1,2,41,18,23
2021,079,Cochran County,3371,1675,1696,1124,568,556,128,58,70,2074,1030,1044,3,1,2,42,18,24
2022,079,Cochran County,3402,1693,1709,1115,565,550,129,59,70,2112,1049,1063,3,1,2,43,19,24
2023,079,Cochran County,3426,1705,1721,1100,558,542,130,59,71,2149,1068,1081,3,1,2,44,19,25
2024,079,Cochran County,3449,1719,1730,1081,551,530,131,60,71,2190,1088,1102,3,1,2,44,19,25
2025,079,Cochran County,3470,1730,1740,1058,541,517,132,60,72,2232,1109,1123,3,1,2,45,19,26
2026,079,Cochran County,3497,1747,1750,1040,531,509,132,60,72,2276,1135,1141,3,1,2,46,20,26
2027,079,Cochran County,3518,1758,1760,1027,526,501,133,60,73,2309,1152,1157,3,1,2,46,19,27
2028,079,Cochran County,3539,1771,1768,1012,520,492,133,61,72,2344,1169,1175,3,1,2,47,20,27
2029,079,Cochran County,3563,1785,1778,998,516,482,132,61,71,2383,1187,1196,3,1,2,47,20,27
2030,079,Cochran County,3580,1796,1784,986,512,474,130,61,69,2414,1202,1212,3,1,2,47,20,27
2031,079,Cochran County,3605,1810,1795,975,509,466,130,61,69,2448,1219,1229,3,1,2,49,20,29
2032,079,Cochran County,3625,1824,1801,964,506,458,129,61,68,2479,1235,1244,3,1,2,50,21,29
2033,079,Cochran County,3645,1835,1810,954,503,451,128,60,68,2510,1250,1260,3,1,2,50,21,29
2034,079,Cochran County,3651,1838,1813,943,500,443,127,60,67,2526,1254,1272,3,1,2,52,23,29
2035,079,Cochran County,3659,1845,1814,927,494,433,128,61,67,2549,1267,1282,3,1,2,52,22,30
2036,079,Cochran County,3671,1854,1817,918,490,428,127,61,66,2570,1279,1291,3,1,2,53,23,30
2037,079,Cochran County,3690,1862,1828,908,485,423,127,60,67,2598,1293,1305,3,1,2,54,23,31
2038,079,Cochran County,3702,1868,1834,896,479,417,127,61,66,2622,1304,1318,3,1,2,54,23,31
2039,079,Cochran County,3721,1878,1843,886,475,411,128,62,66,2649,1317,1332,3,1,2,55,23,32
2040,079,Cochran County,3732,1886,1846,875,472,403,129,62,67,2669,1327,1342,3,1,2,56,24,32
2041,079,Cochran County,3742,1894,1848,864,470,394,130,63,67,2688,1336,1352,3,1,2,57,24,33
2042,079,Cochran County,3746,1896,1850,855,466,389,131,63,68,2701,1343,1358,3,1,2,56,23,33
2043,079,Cochran County,3758,1901,1857,847,462,385,132,64,68,2718,1350,1368,3,1,2,58,24,34
2044,079,Cochran County,3761,1904,1857,834,457,377,133,64,69,2734,1358,1376,3,1,2,57,24,33
2045,079,Cochran County,3780,1917,1863,829,455,374,131,64,67,2759,1373,1386,3,1,2,58,24,34
2046,079,Cochran County,3793,1927,1866,821,451,370,129,63,66,2782,1387,1395,3,1,2,58,25,33
2047,079,Cochran County,3805,1935,1870,814,449,365,128,62,66,2802,1399,1403,3,1,2,58,24,34
2048,079,Cochran County,3816,1945,1871,807,447,360,129,63,66,2820,1410,1410,3,1,2,57,24,33
2049,079,Cochran County,3820,1940,1880,801,443,358,126,61,65,2833,1412,1421,3,1,2,57,23,34
2050,079,Cochran County,3832,1949,1883,795,441,354,127,62,65,2849,1421,1428,3,1,2,58,24,34
2010,081,Coke County,3320,1626,1694,2651,1279,1372,7,5,2,602,312,290,5,2,3,55,28,27
2011,081,Coke County,3304,1615,1689,2624,1263,1361,7,5,2,612,317,295,5,2,3,56,28,28
2012,081,Coke County,3288,1604,1684,2600,1248,1352,7,5,2,620,321,299,4,1,3,57,29,28
2013,081,Coke County,3285,1601,1684,2583,1238,1345,7,5,2,633,328,305,4,1,3,58,29,29
2014,081,Coke County,3278,1599,1679,2564,1229,1335,7,5,2,644,334,310,4,1,3,59,30,29
2015,081,Coke County,3268,1594,1674,2542,1218,1324,7,5,2,655,340,315,4,1,3,60,30,30
2016,081,Coke County,3257,1587,1670,2519,1205,1314,7,5,2,666,345,321,4,1,3,61,31,30
2017,081,Coke County,3246,1582,1664,2495,1194,1301,7,5,2,678,351,327,4,1,3,62,31,31
2018,081,Coke County,3236,1580,1656,2473,1186,1287,7,5,2,689,356,333,4,1,3,63,32,31
2019,081,Coke County,3226,1577,1649,2449,1176,1273,7,5,2,701,362,339,4,1,3,65,33,32
2020,081,Coke County,3215,1572,1643,2424,1164,1260,7,5,2,713,368,345,4,1,3,67,34,33
2021,081,Coke County,3205,1567,1638,2401,1153,1248,7,5,2,725,373,352,4,1,3,68,35,33
2022,081,Coke County,3201,1563,1638,2383,1143,1240,7,5,2,737,378,359,4,1,3,70,36,34
2023,081,Coke County,3199,1559,1640,2366,1131,1235,7,5,2,750,385,365,4,1,3,72,37,35
2024,081,Coke County,3188,1551,1637,2340,1116,1224,7,5,2,763,391,372,4,1,3,74,38,36
2025,081,Coke County,3181,1544,1637,2317,1100,1217,7,5,2,777,399,378,4,1,3,76,39,37
2026,081,Coke County,3175,1543,1632,2297,1092,1205,7,5,2,789,405,384,4,1,3,78,40,38
2027,081,Coke County,3171,1545,1626,2278,1086,1192,7,5,2,802,412,390,4,1,3,80,41,39
2028,081,Coke County,3168,1544,1624,2261,1078,1183,7,5,2,815,419,396,4,1,3,81,41,40
2029,081,Coke County,3156,1538,1618,2235,1064,1171,7,5,2,827,426,401,4,1,3,83,42,41
2030,081,Coke County,3150,1536,1614,2216,1056,1160,7,5,2,838,431,407,4,1,3,85,43,42
2031,081,Coke County,3148,1536,1612,2199,1049,1150,7,5,2,850,437,413,4,1,3,88,44,44
2032,081,Coke County,3138,1534,1604,2177,1040,1137,7,5,2,860,443,417,4,1,3,90,45,45
2033,081,Coke County,3131,1530,1601,2158,1030,1128,7,5,2,871,448,423,4,1,3,91,46,45
2034,081,Coke County,3123,1527,1596,2138,1021,1117,7,5,2,882,453,429,4,1,3,92,47,45
2035,081,Coke County,3111,1520,1591,2117,1012,1105,7,5,2,890,455,435,4,1,3,93,47,46
2036,081,Coke County,3102,1519,1583,2103,1009,1094,7,5,2,896,457,439,4,1,3,92,47,45
2037,081,Coke County,3083,1511,1572,2083,1001,1082,7,5,2,896,457,439,4,1,3,93,47,46
2038,081,Coke County,3062,1503,1559,2064,993,1071,7,5,2,894,457,437,4,1,3,93,47,46
2039,081,Coke County,3053,1501,1552,2046,987,1059,7,5,2,900,459,441,4,1,3,96,49,47
2040,081,Coke County,3039,1500,1539,2025,980,1045,7,5,2,907,464,443,4,1,3,96,50,46
2041,081,Coke County,3018,1498,1520,2000,974,1026,7,5,2,911,468,443,4,1,3,96,50,46
2042,081,Coke County,3004,1493,1511,1982,968,1014,7,5,2,915,470,445,4,1,3,96,49,47
2043,081,Coke County,2979,1485,1494,1967,965,1002,7,5,2,906,466,440,4,1,3,95,48,47
2044,081,Coke County,2975,1485,1490,1956,961,995,7,5,2,911,469,442,4,1,3,97,49,48
2045,081,Coke County,2974,1486,1488,1950,960,990,7,5,2,916,471,445,4,1,3,97,49,48
2046,081,Coke County,2965,1480,1485,1941,957,984,7,5,2,915,468,447,4,1,3,98,49,49
2047,081,Coke County,2962,1486,1476,1932,954,978,7,5,2,920,477,443,4,1,3,99,49,50
2048,081,Coke County,2961,1486,1475,1925,952,973,7,5,2,924,478,446,4,1,3,101,50,51
2049,081,Coke County,2954,1488,1466,1913,950,963,7,5,2,928,482,446,4,1,3,102,50,52
2050,081,Coke County,2953,1487,1466,1907,947,960,7,5,2,933,485,448,4,1,3,102,49,53
2010,083,Coleman County,8895,4416,4479,7123,3542,3581,186,95,91,1419,697,722,32,14,18,135,68,67
2011,083,Coleman County,8835,4394,4441,7025,3501,3524,189,96,93,1450,714,736,33,14,19,138,69,69
2012,083,Coleman County,8802,4385,4417,6954,3469,3485,192,98,94,1481,732,749,34,15,19,141,71,70
2013,083,Coleman County,8762,4370,4392,6876,3433,3443,195,99,96,1512,751,761,35,15,20,144,72,72
2014,083,Coleman County,8730,4364,4366,6805,3403,3402,198,101,97,1543,770,773,36,16,20,148,74,74
2015,083,Coleman County,8696,4354,4342,6727,3368,3359,201,102,99,1579,792,787,37,16,21,152,76,76
2016,083,Coleman County,8656,4342,4314,6642,3329,3313,204,104,100,1616,814,802,38,17,21,156,78,78
2017,083,Coleman County,8609,4322,4287,6555,3287,3268,207,105,102,1649,834,815,39,17,22,159,79,80
2018,083,Coleman County,8569,4308,4261,6471,3245,3226,210,107,103,1685,857,828,40,18,22,163,81,82
2019,083,Coleman County,8527,4292,4235,6388,3207,3181,213,108,105,1718,876,842,41,18,23,167,83,84
2020,083,Coleman County,8478,4271,4207,6297,3159,3138,216,110,106,1752,898,854,42,19,23,171,85,86
2021,083,Coleman County,8443,4259,4184,6218,3122,3096,219,111,108,1789,920,869,43,19,24,174,87,87
2022,083,Coleman County,8406,4247,4159,6143,3088,3055,222,113,109,1821,938,883,44,20,24,176,88,88
2023,083,Coleman County,8373,4235,4138,6068,3053,3015,225,114,111,1855,958,897,45,20,25,180,90,90
2024,083,Coleman County,8345,4230,4115,6003,3025,2978,227,116,111,1886,977,909,46,21,25,183,91,92
2025,083,Coleman County,8331,4228,4103,5948,2999,2949,230,117,113,1920,999,921,47,21,26,186,92,94
2026,083,Coleman County,8303,4222,4081,5883,2972,2911,233,119,114,1951,1016,935,48,22,26,188,93,95
2027,083,Coleman County,8282,4217,4065,5825,2944,2881,235,120,115,1982,1037,945,49,22,27,191,94,97
2028,083,Coleman County,8270,4219,4051,5774,2921,2853,237,121,116,2014,1058,956,50,23,27,195,96,99
2029,083,Coleman County,8259,4214,4045,5725,2895,2830,239,122,117,2045,1076,969,51,23,28,199,98,101
2030,083,Coleman County,8247,4217,4030,5677,2877,2800,242,124,118,2073,1091,982,52,24,28,203,101,102
2031,083,Coleman County,8247,4217,4030,5632,2854,2778,243,124,119,2111,1112,999,53,24,29,208,103,105
2032,083,Coleman County,8235,4214,4021,5585,2832,2753,244,125,119,2139,1126,1013,54,25,29,213,106,107
2033,083,Coleman County,8213,4205,4008,5535,2809,2726,244,124,120,2162,1138,1024,55,25,30,217,109,108
2034,083,Coleman County,8200,4212,3988,5491,2797,2694,246,126,120,2186,1151,1035,56,26,30,221,112,109
2035,083,Coleman County,8170,4200,3970,5443,2776,2667,246,126,120,2200,1158,1042,57,26,31,224,114,110
2036,083,Coleman County,8148,4191,3957,5398,2756,2642,248,127,121,2217,1166,1051,58,27,31,227,115,112
2037,083,Coleman County,8126,4184,3942,5353,2735,2618,250,128,122,2233,1177,1056,59,27,32,231,117,114
2038,083,Coleman County,8111,4178,3933,5308,2712,2596,252,128,124,2257,1191,1066,60,28,32,234,119,115
2039,083,Coleman County,8094,4173,3921,5255,2687,2568,254,129,125,2288,1210,1078,61,28,33,236,119,117
2040,083,Coleman County,8068,4158,3910,5201,2657,2544,255,129,126,2310,1222,1088,62,29,33,240,121,119
2041,083,Coleman County,8051,4155,3896,5151,2634,2517,256,129,127,2338,1240,1098,63,29,34,243,123,120
2042,083,Coleman County,8039,4158,3881,5108,2617,2491,259,130,129,2363,1257,1106,63,30,33,246,124,122
2043,083,Coleman County,8018,4159,3859,5066,2601,2465,260,131,129,2380,1272,1108,64,30,34,248,125,123
2044,083,Coleman County,8004,4155,3849,5038,2592,2446,261,130,131,2392,1278,1114,64,31,33,249,124,125
2045,083,Coleman County,7980,4143,3837,4995,2570,2425,263,131,132,2404,1285,1119,65,31,34,253,126,127
2046,083,Coleman County,7960,4140,3820,4959,2554,2405,263,130,133,2413,1296,1117,66,32,34,259,128,131
2047,083,Coleman County,7946,4137,3809,4927,2537,2390,262,129,133,2429,1310,1119,67,32,35,261,129,132
2048,083,Coleman County,7941,4141,3800,4896,2522,2374,261,128,133,2450,1326,1124,68,33,35,266,132,134
2049,083,Coleman County,7935,4141,3794,4864,2505,2359,262,128,134,2473,1344,1129,68,32,36,268,132,136
2050,083,Coleman County,7925,4141,3784,4829,2489,2340,262,129,133,2491,1356,1135,69,33,36,274,134,140
2010,085,Collin County,782341,384363,397978,493492,242557,250935,64715,30250,34465,115354,58542,56812,87276,42432,44844,21504,10582,10922
2011,085,Collin County,806019,395940,410079,502497,246995,255502,68197,31911,36286,120069,60799,59270,92755,45173,47582,22501,11062,11439
2012,085,Collin County,830022,407664,422358,511373,251361,260012,71814,33634,38180,124851,63086,61765,98465,48041,50424,23519,11542,11977
2013,085,Collin County,854401,419559,434842,520114,255625,264489,75564,35417,40147,129697,65405,64292,104443,51053,53390,24583,12059,12524
2014,085,Collin County,879147,431606,447541,528682,259797,268885,79445,37257,42188,134647,67766,66881,110682,54198,56484,25691,12588,13103
2015,085,Collin County,904352,443898,460454,537136,263914,273222,83482,39184,44298,139681,70159,69522,117205,57493,59712,26848,13148,13700
2016,085,Collin County,929999,456367,473632,545448,267954,277494,87662,41168,46494,144790,72578,72212,124033,60940,63093,28066,13727,14339
2017,085,Collin County,956218,469090,487128,553643,271902,281741,92008,43232,48776,150006,75047,74959,131224,64573,66651,29337,14336,15001
2018,085,Collin County,983086,482124,500962,561738,275801,285937,96532,45393,51139,155344,77571,77773,138804,68390,70414,30668,14969,15699
2019,085,Collin County,1010690,495515,515175,569799,279682,290117,101253,47645,53608,160777,80125,80652,146792,72422,74370,32069,15641,16428
2020,085,Collin County,1039202,509320,529882,577887,283552,294335,106176,49985,56191,166359,82752,83607,155249,76690,78559,33531,16341,17190
2021,085,Collin County,1068830,523635,545195,586095,287465,298630,111305,52419,58886,172099,85436,86663,164255,81242,83013,35076,17073,18003
2022,085,Collin County,1099542,538453,561089,594360,291390,302970,116651,54952,61699,177990,88181,89809,173830,86086,87744,36711,17844,18867
2023,085,Collin County,1131422,553859,577563,602714,295349,307365,122219,57599,64620,184035,90986,93049,184017,91263,92754,38437,18662,19775
2024,085,Collin County,1164498,569852,594646,611127,299340,311787,127994,60348,67646,190242,93864,96378,194875,96775,98100,40260,19525,20735
2025,085,Collin County,1198935,586512,612423,619622,303365,316257,134002,63203,70799,196664,96839,99825,206457,102665,103792,42190,20440,21750
2026,085,Collin County,1234700,603824,630876,628172,307436,320736,140253,66175,74078,203224,99862,103362,218813,108947,109866,44238,21404,22834
2027,085,Collin County,1271762,621842,649920,636696,311500,325196,146721,69259,77462,210000,102991,107009,231940,115651,116289,46405,22441,23964
2028,085,Collin County,1310160,640482,669678,645196,315541,329655,153426,72453,80973,216947,106186,110761,245909,122774,123135,48682,23528,25154
2029,085,Collin County,1349797,659786,690011,653617,319561,334056,160328,75753,84575,224071,109455,114616,260715,130354,130361,51066,24663,26403
2030,085,Collin County,1390722,679712,711010,661943,323533,338410,167477,79165,88312,231346,112784,118562,276405,138387,138018,53551,25843,27708
2031,085,Collin County,1432918,700301,732617,670123,327447,342676,174854,82688,92166,238814,116193,122621,292969,146895,146074,56158,27078,29080
2032,085,Collin County,1476326,721506,754820,678128,331288,346840,182463,86320,96143,246467,119686,126781,310404,155859,154545,58864,28353,30511
2033,085,Collin County,1520961,743344,777617,685921,335031,350890,190321,90080,100241,254301,123252,131049,328749,165303,163446,61669,29678,31991
2034,085,Collin County,1566670,765722,800948,693485,338674,354811,198408,93957,104451,262289,126880,135409,347937,175201,172736,64551,31010,33541
2035,085,Collin County,1613514,788697,824817,700777,342191,358586,206721,97939,108782,270461,130584,139877,368029,185595,182434,67526,32388,35138
2036,085,Collin County,1661410,812212,849198,707806,345605,362201,215258,102036,113222,278792,134357,144435,388983,196437,192546,70571,33777,36794
2037,085,Collin County,1710302,836261,874041,714535,348882,365653,224009,106239,117770,287276,138194,149082,410800,207760,203040,73682,35186,38496
2038,085,Collin County,1760222,860821,899401,720958,352019,368939,233019,110585,122434,295917,142094,153823,433458,219513,213945,76870,36610,40260
2039,085,Collin County,1811099,885899,925200,727060,355017,372043,242249,115034,127215,304694,146051,158643,456987,231747,225240,80109,38050,42059
2040,085,Collin County,1862906,911437,951469,732842,357861,374981,251695,119593,132102,313608,150067,163541,481368,244434,236934,83393,39482,43911
2041,085,Collin County,1915743,937498,978245,738328,360578,377750,261389,124278,137111,322656,154129,168527,506623,257584,249039,86747,40929,45818
2042,085,Collin County,1969497,964021,1005476,743486,363144,380342,271303,129074,142229,331838,158249,173589,532728,271181,261547,90142,42373,47769
2043,085,Collin County,2024293,991085,1033208,748341,365571,382770,281466,134009,147457,341154,162423,178731,559729,285254,274475,93603,43828,49775
2044,085,Collin County,2080171,1018694,1061477,752915,367884,385031,291851,139061,152790,350593,166641,183952,587671,299812,287859,97141,45296,51845
2045,085,Collin County,2137242,1046909,1090333,757255,370079,387176,302481,144236,158245,360153,170912,189241,616602,314898,301704,100751,46784,53967
2046,085,Collin County,2195579,1075770,1119809,761376,372189,389187,313363,149546,163817,369827,175222,194605,646558,330512,316046,104455,48301,56154
2047,085,Collin County,2255362,1105376,1149986,765318,374221,391097,324491,154982,169509,379641,179586,200055,677627,346721,330906,108285,49866,58419
2048,085,Collin County,2316653,1135750,1180903,769096,376186,392910,335880,160563,175317,389573,183994,205579,709870,363533,346337,112234,51474,60760
2049,085,Collin County,2379602,1166975,1212627,772745,378099,394646,347538,166282,181256,399632,188460,211172,743366,380999,362367,116321,53135,63186
2050,085,Collin County,2444316,1199090,1245226,776272,379967,396305,359455,172138,187317,409825,192984,216841,778202,399151,379051,120562,54850,65712
2010,087,Collingsworth County,3057,1498,1559,1937,954,983,122,52,70,916,452,464,3,1,2,79,39,40
2011,087,Collingsworth County,3057,1500,1557,1914,944,970,124,53,71,936,463,473,3,1,2,80,39,41
2012,087,Collingsworth County,3060,1503,1557,1892,934,958,126,54,72,958,474,484,3,1,2,81,40,41
2013,087,Collingsworth County,3076,1517,1559,1883,935,948,128,55,73,980,486,494,3,1,2,82,40,42
2014,087,Collingsworth County,3093,1528,1565,1875,933,942,130,56,74,1002,497,505,3,1,2,83,41,42
2015,087,Collingsworth County,3106,1533,1573,1861,925,936,131,57,74,1027,509,518,3,1,2,84,41,43
2016,087,Collingsworth County,3127,1548,1579,1854,924,930,132,58,74,1053,523,530,3,1,2,85,42,43
2017,087,Collingsworth County,3151,1560,1591,1849,922,927,133,59,74,1080,536,544,3,1,2,86,42,44
2018,087,Collingsworth County,3172,1571,1601,1842,920,922,135,60,75,1105,547,558,3,1,2,87,43,44
2019,087,Collingsworth County,3188,1579,1609,1831,914,917,136,61,75,1130,560,570,3,1,2,88,43,45
2020,087,Collingsworth County,3210,1592,1618,1824,910,914,138,62,76,1156,575,581,3,1,2,89,44,45
2021,087,Collingsworth County,3227,1601,1626,1813,905,908,139,63,76,1182,588,594,3,1,2,90,44,46
2022,087,Collingsworth County,3255,1619,1636,1808,905,903,141,64,77,1211,604,607,3,1,2,92,45,47
2023,087,Collingsworth County,3276,1629,1647,1797,899,898,143,65,78,1240,619,621,3,1,2,93,45,48
2024,087,Collingsworth County,3296,1636,1660,1788,892,896,145,66,79,1266,632,634,3,1,2,94,45,49
2025,087,Collingsworth County,3317,1647,1670,1781,890,891,147,67,80,1290,643,647,3,1,2,96,46,50
2026,087,Collingsworth County,3334,1654,1680,1767,882,885,149,68,81,1318,656,662,3,1,2,97,47,50
2027,087,Collingsworth County,3348,1661,1687,1757,876,881,151,69,82,1338,667,671,3,1,2,99,48,51
2028,087,Collingsworth County,3357,1663,1694,1741,867,874,151,69,82,1362,678,684,3,1,2,100,48,52
2029,087,Collingsworth County,3370,1668,1702,1727,857,870,153,70,83,1385,691,694,3,1,2,102,49,53
2030,087,Collingsworth County,3383,1675,1708,1710,847,863,154,71,83,1412,706,706,3,1,2,104,50,54
2031,087,Collingsworth County,3397,1681,1716,1695,838,857,154,71,83,1439,720,719,3,1,2,106,51,55
2032,087,Collingsworth County,3407,1685,1722,1681,830,851,156,72,84,1459,730,729,3,1,2,108,52,56
2033,087,Collingsworth County,3424,1693,1731,1667,823,844,157,72,85,1487,744,743,3,1,2,110,53,57
2034,087,Collingsworth County,3438,1699,1739,1651,813,838,157,72,85,1515,759,756,3,1,2,112,54,58
2035,087,Collingsworth County,3451,1706,1745,1637,806,831,157,72,85,1540,772,768,3,1,2,114,55,59
2036,087,Collingsworth County,3461,1709,1752,1619,796,823,157,72,85,1566,784,782,3,1,2,116,56,60
2037,087,Collingsworth County,3471,1715,1756,1605,789,816,157,72,85,1590,797,793,3,1,2,116,56,60
2038,087,Collingsworth County,3481,1718,1763,1588,778,810,157,72,85,1615,810,805,3,1,2,118,57,61
2039,087,Collingsworth County,3496,1724,1772,1576,770,806,158,73,85,1639,822,817,3,1,2,120,58,62
2040,087,Collingsworth County,3512,1732,1780,1567,766,801,158,73,85,1662,833,829,3,1,2,122,59,63
2041,087,Collingsworth County,3524,1736,1788,1552,756,796,159,74,85,1687,846,841,3,1,2,123,59,64
2042,087,Collingsworth County,3516,1728,1788,1535,746,789,160,75,85,1694,847,847,3,1,2,124,59,65
2043,087,Collingsworth County,3520,1733,1787,1522,741,781,161,76,85,1709,855,854,3,1,2,125,60,65
2044,087,Collingsworth County,3531,1738,1793,1508,733,775,161,76,85,1733,868,865,3,1,2,126,60,66
2045,087,Collingsworth County,3539,1737,1802,1493,721,772,160,75,85,1755,879,876,3,1,2,128,61,67
2046,087,Collingsworth County,3545,1740,1805,1481,713,768,160,75,85,1773,890,883,3,1,2,128,61,67
2047,087,Collingsworth County,3541,1737,1804,1463,702,761,160,75,85,1790,900,890,3,1,2,125,59,66
2048,087,Collingsworth County,3540,1735,1805,1452,695,757,161,76,85,1799,904,895,3,1,2,125,59,66
2049,087,Collingsworth County,3533,1729,1804,1440,685,755,161,76,85,1804,908,896,3,1,2,125,59,66
2050,087,Collingsworth County,3544,1733,1811,1429,679,750,161,76,85,1823,917,906,3,1,2,128,60,68
2010,089,Colorado County,20874,10347,10527,12496,6119,6377,2636,1259,1377,5452,2831,2621,75,31,44,215,107,108
2011,089,Colorado County,20902,10381,10521,12393,6081,6312,2641,1263,1378,5571,2896,2675,76,31,45,221,110,111
2012,089,Colorado County,20920,10403,10517,12267,6030,6237,2650,1265,1385,5699,2963,2736,77,32,45,227,113,114
2013,089,Colorado County,20964,10437,10527,12175,5994,6181,2666,1273,1393,5811,3021,2790,78,32,46,234,117,117
2014,089,Colorado County,21009,10477,10532,12078,5955,6123,2677,1279,1398,5934,3089,2845,79,33,46,241,121,120
2015,089,Colorado County,21046,10516,10530,11977,5919,6058,2680,1279,1401,6061,3160,2901,80,33,47,248,125,123
2016,089,Colorado County,21097,10557,10540,11892,5887,6005,2688,1284,1404,6181,3223,2958,81,34,47,255,129,126
2017,089,Colorado County,21145,10599,10546,11808,5853,5955,2691,1290,1401,6302,3289,3013,82,34,48,262,133,129
2018,089,Colorado County,21199,10642,10557,11717,5810,5907,2698,1299,1399,6431,3361,3070,83,35,48,270,137,133
2019,089,Colorado County,21239,10671,10568,11633,5773,5860,2696,1301,1395,6548,3421,3127,84,35,49,278,141,137
2020,089,Colorado County,21273,10706,10567,11540,5732,5808,2694,1304,1390,6669,3489,3180,85,36,49,285,145,140
2021,089,Colorado County,21318,10742,10576,11457,5694,5763,2695,1306,1389,6789,3558,3231,86,36,50,291,148,143
2022,089,Colorado County,21353,10776,10577,11362,5651,5711,2697,1314,1383,6906,3621,3285,87,37,50,301,153,148
2023,089,Colorado County,21376,10799,10577,11266,5605,5661,2695,1323,1372,7018,3677,3341,88,37,51,309,157,152
2024,089,Colorado County,21391,10827,10564,11165,5563,5602,2693,1329,1364,7127,3736,3391,89,38,51,317,161,156
2025,089,Colorado County,21424,10858,10566,11065,5518,5547,2707,1343,1364,7237,3795,3442,90,38,52,325,164,161
2026,089,Colorado County,21422,10883,10539,10945,5470,5475,2708,1351,1357,7346,3855,3491,91,39,52,332,168,164
2027,089,Colorado County,21426,10901,10525,10837,5420,5417,2705,1356,1349,7452,3914,3538,92,39,53,340,172,168
2028,089,Colorado County,21402,10902,10500,10713,5361,5352,2695,1356,1339,7553,3969,3584,93,40,53,348,176,172
2029,089,Colorado County,21361,10901,10460,10576,5302,5274,2689,1361,1328,7647,4019,3628,94,40,54,355,179,176
2030,089,Colorado County,21321,10898,10423,10434,5235,5199,2686,1367,1319,7747,4073,3674,94,41,53,360,182,178
2031,089,Colorado County,21292,10901,10391,10304,5172,5132,2675,1372,1303,7850,4130,3720,96,42,54,367,185,182
2032,089,Colorado County,21263,10906,10357,10174,5111,5063,2664,1372,1292,7952,4191,3761,98,43,55,375,189,186
2033,089,Colorado County,21219,10895,10324,10035,5043,4992,2657,1376,1281,8043,4239,3804,100,44,56,384,193,191
2034,089,Colorado County,21177,10889,10288,9900,4979,4921,2648,1377,1271,8135,4292,3843,102,45,57,392,196,196
2035,089,Colorado County,21134,10875,10259,9761,4908,4853,2640,1376,1264,8238,4352,3886,104,46,58,391,193,198
2036,089,Colorado County,21093,10865,10228,9633,4847,4786,2631,1378,1253,8327,4397,3930,106,47,59,396,196,200
2037,089,Colorado County,21063,10864,10199,9505,4784,4721,2620,1380,1240,8430,4454,3976,107,47,60,401,199,202
2038,089,Colorado County,21024,10876,10148,9371,4724,4647,2607,1383,1224,8536,4520,4016,105,47,58,405,202,203
2039,089,Colorado County,20973,10858,10115,9237,4656,4581,2588,1381,1207,8631,4569,4062,105,47,58,412,205,207
2040,089,Colorado County,20935,10859,10076,9119,4598,4521,2576,1383,1193,8716,4622,4094,105,48,57,419,208,211
2041,089,Colorado County,20879,10849,10030,8986,4534,4452,2555,1378,1177,8806,4676,4130,106,48,58,426,213,213
2042,089,Colorado County,20846,10852,9994,8875,4482,4393,2540,1383,1157,8897,4726,4171,106,49,57,428,212,216
2043,089,Colorado County,20811,10850,9961,8760,4422,4338,2526,1384,1142,8984,4780,4204,107,49,58,434,215,219
2044,089,Colorado County,20766,10843,9923,8647,4367,4280,2513,1386,1127,9059,4822,4237,107,49,58,440,219,221
2045,089,Colorado County,20746,10841,9905,8540,4314,4226,2497,1381,1116,9152,4873,4279,108,49,59,449,224,225
2046,089,Colorado County,20700,10828,9872,8439,4262,4177,2471,1375,1096,9226,4914,4312,109,50,59,455,227,228
2047,089,Colorado County,20660,10819,9841,8330,4206,4124,2454,1375,1079,9305,4960,4345,110,50,60,461,228,233
2048,089,Colorado County,20635,10820,9815,8232,4156,4076,2441,1375,1066,9382,5007,4375,110,51,59,470,231,239
2049,089,Colorado County,20620,10820,9800,8138,4105,4033,2428,1374,1054,9468,5058,4410,111,51,60,475,232,243
2050,089,Colorado County,20572,10803,9769,8035,4054,3981,2416,1372,1044,9527,5091,4436,112,52,60,482,234,248
2010,091,Comal County,108472,53254,55218,77387,38020,39367,1606,859,747,26989,13247,13742,813,323,490,1677,805,872
2011,091,Comal County,111751,54887,56864,79110,38869,40241,1745,931,814,28318,13932,14386,864,332,532,1714,823,891
2012,091,Comal County,115149,56582,58567,80866,39740,41126,1895,1009,886,29720,14651,15069,914,340,574,1754,842,912
2013,091,Comal County,118676,58339,60337,82678,40629,42049,2051,1091,960,31189,15408,15781,963,349,614,1795,862,933
2014,091,Comal County,122345,60177,62168,84533,41541,42992,2215,1181,1034,32732,16207,16525,1016,359,657,1849,889,960
2015,091,Comal County,126156,62068,64088,86438,42468,43970,2378,1267,1111,34371,17048,17323,1066,369,697,1903,916,987
2016,091,Comal County,130093,64045,66048,88381,43424,44957,2552,1360,1192,36080,17934,18146,1120,380,740,1960,947,1013
2017,091,Comal County,134215,66105,68110,90407,44417,45990,2742,1463,1279,37873,18861,19012,1177,392,785,2016,972,1044
2018,091,Comal County,138471,68232,70239,92477,45429,47048,2936,1567,1369,39754,19836,19918,1231,403,828,2073,997,1076
2019,091,Comal County,142889,70453,72436,94598,46480,48118,3150,1684,1466,41721,20854,20867,1290,411,879,2130,1024,1106
2020,091,Comal County,147536,72798,74738,96799,47568,49231,3396,1812,1584,43801,21939,21862,1348,420,928,2192,1059,1133
2021,091,Comal County,152402,75259,77143,99075,48692,50383,3672,1961,1711,45991,23086,22905,1402,427,975,2262,1093,1169
2022,091,Comal County,157433,77793,79640,101405,49844,51561,3956,2111,1845,48273,24273,24000,1462,436,1026,2337,1129,1208
2023,091,Comal County,162698,80468,82230,103820,51049,52771,4270,2282,1988,50676,25530,25146,1521,440,1081,2411,1167,1244
2024,091,Comal County,168169,83260,84909,106302,52301,54001,4603,2455,2148,53178,26844,26334,1590,449,1141,2496,1211,1285
2025,091,Comal County,173842,86155,87687,108845,53591,55254,4952,2638,2314,55804,28220,27584,1663,454,1209,2578,1252,1326
2026,091,Comal County,179742,89183,90559,111446,54908,56538,5344,2848,2496,58554,29667,28887,1737,462,1275,2661,1298,1363
2027,091,Comal County,185824,92298,93526,114103,56257,57846,5760,3068,2692,61406,31166,30240,1809,467,1342,2746,1340,1406
2028,091,Comal County,192097,95508,96589,116804,57636,59168,6202,3292,2910,64371,32722,31649,1891,477,1414,2829,1381,1448
2029,091,Comal County,198569,98840,99729,119565,59039,60526,6666,3535,3131,67460,34359,33101,1965,481,1484,2913,1426,1487
2030,091,Comal County,205259,102287,102972,122360,60454,61906,7162,3803,3359,70672,36059,34613,2053,491,1562,3012,1480,1532
2031,091,Comal County,212120,105816,106304,125180,61892,63288,7708,4084,3624,73982,37816,36166,2145,497,1648,3105,1527,1578
2032,091,Comal County,219182,109447,109735,128039,63347,64692,8293,4390,3903,77399,39625,37774,2245,509,1736,3206,1576,1630
2033,091,Comal County,226407,113171,113236,130893,64807,66086,8900,4709,4191,80949,41508,39441,2354,521,1833,3311,1626,1685
2034,091,Comal County,233833,116994,116839,133761,66276,67485,9561,5054,4507,84626,43446,41180,2465,541,1924,3420,1677,1743
2035,091,Comal County,241486,120960,120526,136666,67768,68898,10262,5426,4836,88429,45472,42957,2591,561,2030,3538,1733,1805
2036,091,Comal County,249308,125018,124290,139571,69268,70303,11014,5822,5192,92361,47563,44798,2710,580,2130,3652,1785,1867
2037,091,Comal County,257362,129196,128166,142499,70778,71721,11814,6238,5576,96427,49726,46701,2845,606,2239,3777,1848,1929
2038,091,Comal County,265635,133512,132123,145463,72310,73153,12669,6689,5980,100633,51967,48666,2974,635,2339,3896,1911,1985
2039,091,Comal County,274137,137945,136192,148440,73858,74582,13584,7171,6413,104978,54285,50693,3112,660,2452,4023,1971,2052
2040,091,Comal County,282910,142528,140382,151470,75433,76037,14548,7683,6865,109484,56689,52795,3248,683,2565,4160,2040,2120
2041,091,Comal County,291948,147239,144709,154524,77027,77497,15597,8231,7366,114131,59170,54961,3404,712,2692,4292,2099,2193
2042,091,Comal County,301268,152116,149152,157637,78654,78983,16691,8813,7878,118938,61731,57207,3563,745,2818,4439,2173,2266
2043,091,Comal County,310923,157174,153749,160820,80324,80496,17877,9444,8433,123924,64390,59534,3713,771,2942,4589,2245,2344
2044,091,Comal County,320943,162418,158525,164079,82037,82042,19150,10116,9034,129094,67149,61945,3878,797,3081,4742,2319,2423
2045,091,Comal County,331311,167845,163466,167431,83799,83632,20483,10822,9661,134450,70005,64445,4037,822,3215,4910,2397,2513
2046,091,Comal County,342054,173474,168580,170874,85603,85271,21903,11577,10326,140000,72970,67030,4197,848,3349,5080,2476,2604
2047,091,Comal County,353205,179335,173870,174437,87488,86949,23409,12380,11029,145737,76028,69709,4359,878,3481,5263,2561,2702
2048,091,Comal County,364788,185410,179378,178095,89413,88682,25031,13239,11792,151672,79200,72472,4536,912,3624,5454,2646,2808
2049,091,Comal County,376813,191729,185084,181876,91414,90462,26750,14154,12596,157829,82483,75346,4709,943,3766,5649,2735,2914
2050,091,Comal County,389328,198308,191020,185787,93487,92300,28598,15141,13457,164192,85873,78319,4899,980,3919,5852,2827,3025
2010,093,Comanche County,13974,6885,7089,10145,4922,5223,25,11,14,3605,1865,1740,34,12,22,165,75,90
2011,093,Comanche County,13861,6830,7031,10006,4865,5141,27,12,15,3624,1864,1760,35,12,23,169,77,92
2012,093,Comanche County,13771,6785,6986,9882,4812,5070,29,13,16,3649,1867,1782,37,13,24,174,80,94
2013,093,Comanche County,13689,6741,6948,9761,4761,5000,31,14,17,3679,1870,1809,39,13,26,179,83,96
2014,093,Comanche County,13607,6699,6908,9645,4716,4929,33,15,18,3704,1868,1836,41,14,27,184,86,98
2015,093,Comanche County,13521,6655,6866,9523,4668,4855,35,16,19,3732,1869,1863,43,14,29,188,88,100
2016,093,Comanche County,13437,6609,6828,9408,4621,4787,37,17,20,3755,1867,1888,46,15,31,191,89,102
2017,093,Comanche County,13346,6561,6785,9280,4566,4714,39,18,21,3783,1870,1913,47,15,32,197,92,105
2018,093,Comanche County,13260,6523,6737,9158,4519,4639,41,19,22,3812,1875,1937,47,15,32,202,95,107
2019,093,Comanche County,13173,6473,6700,9037,4462,4575,43,20,23,3839,1878,1961,47,15,32,207,98,109
2020,093,Comanche County,13075,6418,6657,8904,4401,4503,45,21,24,3867,1881,1986,48,15,33,211,100,111
2021,093,Comanche County,12980,6363,6617,8782,4343,4439,47,22,25,3888,1880,2008,48,15,33,215,103,112
2022,093,Comanche County,12878,6312,6566,8649,4286,4363,49,23,26,3913,1882,2031,48,15,33,219,106,113
2023,093,Comanche County,12767,6249,6518,8507,4218,4289,51,24,27,3938,1883,2055,48,15,33,223,109,114
2024,093,Comanche County,12652,6189,6463,8371,4160,4211,53,25,28,3954,1879,2075,48,15,33,226,110,116
2025,093,Comanche County,12530,6126,6404,8225,4096,4129,55,26,29,3971,1876,2095,48,15,33,231,113,118
2026,093,Comanche County,12409,6059,6350,8085,4031,4054,57,27,30,3984,1871,2113,49,16,33,234,114,120
2027,093,Comanche County,12273,5984,6289,7933,3959,3974,59,28,31,3993,1864,2129,50,16,34,238,117,121
2028,093,Comanche County,12138,5917,6221,7790,3896,3894,61,29,32,3994,1855,2139,51,17,34,242,120,122
2029,093,Comanche County,12004,5840,6164,7643,3824,3819,63,30,33,4001,1847,2154,52,17,35,245,122,123
2030,093,Comanche County,11868,5762,6106,7497,3750,3747,65,31,34,4004,1838,2166,53,18,35,249,125,124
2031,093,Comanche County,11732,5687,6045,7350,3679,3671,67,32,35,4008,1831,2177,54,18,36,253,127,126
2032,093,Comanche County,11593,5608,5985,7205,3609,3596,69,33,36,4007,1818,2189,55,19,36,257,129,128
2033,093,Comanche County,11444,5528,5916,7056,3537,3519,71,34,37,4000,1807,2193,56,19,37,261,131,130
2034,093,Comanche County,11295,5447,5848,6905,3466,3439,73,35,38,3995,1792,2203,57,20,37,265,134,131
2035,093,Comanche County,11139,5368,5771,6758,3396,3362,75,36,39,3980,1779,2201,58,20,38,268,137,131
2036,093,Comanche County,10983,5287,5696,6610,3326,3284,77,37,40,3964,1763,2201,59,21,38,273,140,133
2037,093,Comanche County,10819,5195,5624,6455,3249,3206,79,38,41,3949,1745,2204,61,22,39,275,141,134
2038,093,Comanche County,10663,5107,5556,6314,3179,3135,81,39,42,3931,1725,2206,61,22,39,276,142,134
2039,093,Comanche County,10499,5009,5490,6166,3103,3063,83,40,43,3912,1701,2211,61,22,39,277,143,134
2040,093,Comanche County,10350,4933,5417,6024,3037,2987,85,41,44,3898,1687,2211,62,23,39,281,145,136
2041,093,Comanche County,10206,4851,5355,5891,2972,2919,87,42,45,3880,1666,2214,63,23,40,285,148,137
2042,093,Comanche County,10055,4770,5285,5759,2910,2849,89,43,46,3859,1645,2214,64,24,40,284,148,136
2043,093,Comanche County,9904,4686,5218,5623,2845,2778,91,44,47,3841,1624,2217,64,24,40,285,149,136
2044,093,Comanche County,9753,4598,5155,5491,2777,2714,93,45,48,3819,1603,2216,65,25,40,285,148,137
2045,093,Comanche County,9607,4520,5087,5368,2719,2649,95,46,49,3791,1581,2210,66,25,41,287,149,138
2046,093,Comanche County,9472,4449,5023,5255,2663,2592,97,47,50,3763,1561,2202,66,26,40,291,152,139
2047,093,Comanche County,9330,4369,4961,5145,2611,2534,99,48,51,3726,1533,2193,68,26,42,292,151,141
2048,093,Comanche County,9207,4303,4904,5042,2565,2477,101,49,52,3704,1511,2193,68,27,41,292,151,141
2049,093,Comanche County,9087,4237,4850,4940,2515,2425,103,50,53,3683,1494,2189,68,27,41,293,151,142
2050,093,Comanche County,8960,4170,4790,4835,2467,2368,105,51,54,3659,1476,2183,70,28,42,291,148,143
2010,095,Concho County,4087,2793,1294,1810,928,882,57,53,4,2173,1783,390,14,10,4,33,19,14
2011,095,Concho County,4081,2785,1296,1789,912,877,57,53,4,2187,1791,396,14,10,4,34,19,15
2012,095,Concho County,4087,2786,1301,1778,903,875,57,53,4,2203,1800,403,14,10,4,35,20,15
2013,095,Concho County,4088,2783,1305,1762,890,872,57,53,4,2219,1810,409,14,10,4,36,20,16
2014,095,Concho County,4095,2783,1312,1753,880,873,57,53,4,2234,1819,415,14,10,4,37,21,16
2015,095,Concho County,4102,2782,1320,1743,871,872,57,53,4,2250,1827,423,14,10,4,38,21,17
2016,095,Concho County,4119,2789,1330,1738,865,873,57,53,4,2272,1840,432,13,9,4,39,22,17
2017,095,Concho County,4124,2788,1336,1728,857,871,57,53,4,2286,1847,439,13,9,4,40,22,18
2018,095,Concho County,4132,2792,1340,1718,850,868,57,53,4,2303,1857,446,13,9,4,41,23,18
2019,095,Concho County,4136,2789,1347,1703,838,865,57,53,4,2321,1866,455,13,9,4,42,23,19
2020,095,Concho County,4147,2792,1355,1695,831,864,57,53,4,2339,1875,464,13,9,4,43,24,19
2021,095,Concho County,4149,2787,1362,1682,818,864,57,53,4,2353,1883,470,13,9,4,44,24,20
2022,095,Concho County,4153,2783,1370,1669,805,864,57,53,4,2369,1891,478,13,9,4,45,25,20
2023,095,Concho County,4160,2784,1376,1655,795,860,57,53,4,2389,1902,487,13,9,4,46,25,21
2024,095,Concho County,4157,2782,1375,1641,787,854,57,53,4,2399,1907,492,13,9,4,47,26,21
2025,095,Concho County,4159,2784,1375,1622,778,844,57,53,4,2419,1918,501,13,9,4,48,26,22
2026,095,Concho County,4154,2781,1373,1602,767,835,57,53,4,2433,1925,508,13,9,4,49,27,22
2027,095,Concho County,4150,2776,1374,1585,758,827,57,53,4,2445,1929,516,13,9,4,50,27,23
2028,095,Concho County,4140,2764,1376,1564,744,820,57,53,4,2456,1931,525,13,9,4,50,27,23
2029,095,Concho County,4140,2760,1380,1547,732,815,57,53,4,2472,1939,533,13,9,4,51,27,24
2030,095,Concho County,4130,2751,1379,1527,719,808,58,54,4,2480,1941,539,13,9,4,52,28,24
2031,095,Concho County,4119,2739,1380,1510,708,802,58,54,4,2485,1940,545,13,9,4,53,28,25
2032,095,Concho County,4109,2730,1379,1493,697,796,58,54,4,2492,1942,550,13,9,4,53,28,25
2033,095,Concho County,4097,2716,1381,1479,686,793,57,53,4,2494,1940,554,13,9,4,54,28,26
2034,095,Concho County,4079,2707,1372,1456,675,781,57,53,4,2499,1942,557,13,9,4,54,28,26
2035,095,Concho County,4063,2695,1368,1434,662,772,57,53,4,2504,1943,561,13,9,4,55,28,27
2036,095,Concho County,4044,2681,1363,1412,649,763,57,53,4,2505,1940,565,13,9,4,57,30,27
2037,095,Concho County,4040,2678,1362,1396,639,757,57,53,4,2517,1948,569,13,9,4,57,29,28
2038,095,Concho County,4028,2667,1361,1373,625,748,57,53,4,2526,1949,577,13,9,4,59,31,28
2039,095,Concho County,4010,2652,1358,1355,613,742,57,53,4,2527,1948,579,13,9,4,58,29,29
2040,095,Concho County,3992,2641,1351,1335,601,734,57,53,4,2527,1947,580,13,9,4,60,31,29
2041,095,Concho County,3973,2633,1340,1309,590,719,57,53,4,2533,1950,583,13,9,4,61,31,30
2042,095,Concho County,3963,2628,1335,1292,580,712,57,53,4,2540,1955,585,13,9,4,61,31,30
2043,095,Concho County,3947,2615,1332,1272,567,705,57,53,4,2544,1956,588,13,9,4,61,30,31
2044,095,Concho County,3933,2610,1323,1250,556,694,57,53,4,2552,1962,590,13,9,4,61,30,31
2045,095,Concho County,3916,2602,1314,1230,547,683,57,53,4,2555,1963,592,13,9,4,61,30,31
2046,095,Concho County,3906,2598,1308,1214,539,675,57,53,4,2558,1964,594,13,9,4,64,33,31
2047,095,Concho County,3889,2581,1308,1197,527,670,57,53,4,2561,1963,598,13,9,4,61,29,32
2048,095,Concho County,3880,2576,1304,1181,522,659,57,53,4,2566,1961,605,13,9,4,63,31,32
2049,095,Concho County,3868,2568,1300,1164,512,652,57,53,4,2569,1962,607,13,9,4,65,32,33
2050,095,Concho County,3856,2564,1292,1151,507,644,57,53,4,2573,1966,607,13,9,4,62,29,33
2010,097,Cooke County,38437,19056,19381,30255,14799,15456,1018,557,461,5997,3186,2811,278,118,160,889,396,493
2011,097,Cooke County,38531,19076,19455,30151,14729,15422,1030,563,467,6163,3257,2906,284,121,163,903,406,497
2012,097,Cooke County,38668,19116,19552,30076,14677,15399,1043,569,474,6342,3331,3011,288,123,165,919,416,503
2013,097,Cooke County,38792,19155,19637,29984,14621,15363,1062,578,484,6517,3404,3113,294,127,167,935,425,510
2014,097,Cooke County,38942,19205,19737,29907,14568,15339,1078,587,491,6701,3485,3216,300,130,170,956,435,521
2015,097,Cooke County,39082,19249,19833,29815,14509,15306,1094,597,497,6889,3563,3326,305,133,172,979,447,532
2016,097,Cooke County,39215,19291,19924,29717,14448,15269,1108,606,502,7083,3645,3438,309,135,174,998,457,541
2017,097,Cooke County,39339,19321,20018,29606,14377,15229,1127,615,512,7275,3726,3549,313,137,176,1018,466,552
2018,097,Cooke County,39470,19354,20116,29493,14301,15192,1141,623,518,7478,3811,3667,318,140,178,1040,479,561
2019,097,Cooke County,39595,19386,20209,29376,14231,15145,1154,630,524,7686,3896,3790,321,142,179,1058,487,571
2020,097,Cooke County,39727,19427,20300,29263,14164,15099,1168,638,530,7889,3981,3908,324,143,181,1083,501,582
2021,097,Cooke County,39845,19447,20398,29125,14075,15050,1185,648,537,8103,4067,4036,327,144,183,1105,513,592
2022,097,Cooke County,39965,19479,20486,28990,13998,14992,1201,657,544,8316,4154,4162,329,146,183,1129,524,605
2023,097,Cooke County,40082,19506,20576,28857,13917,14940,1215,665,550,8527,4241,4286,333,148,185,1150,535,615
2024,097,Cooke County,40184,19524,20660,28707,13828,14879,1225,670,555,8744,4329,4415,338,152,186,1170,545,625
2025,097,Cooke County,40275,19540,20735,28550,13735,14815,1240,678,562,8954,4415,4539,342,154,188,1189,558,631
2026,097,Cooke County,40362,19562,20800,28380,13645,14735,1254,687,567,9174,4504,4670,344,156,188,1210,570,640
2027,097,Cooke County,40457,19580,20877,28207,13549,14658,1269,693,576,9400,4597,4803,347,157,190,1234,584,650
2028,097,Cooke County,40516,19576,20940,28015,13441,14574,1280,698,582,9625,4686,4939,347,158,189,1249,593,656
2029,097,Cooke County,40566,19563,21003,27811,13326,14485,1292,703,589,9849,4771,5078,348,159,189,1266,604,662
2030,097,Cooke County,40619,19550,21069,27607,13212,14395,1297,705,592,10076,4856,5220,350,160,190,1289,617,672
2031,097,Cooke County,40660,19539,21121,27393,13098,14295,1307,711,596,10297,4941,5356,356,162,194,1307,627,680
2032,097,Cooke County,40686,19508,21178,27173,12974,14199,1316,716,600,10513,5018,5495,358,164,194,1326,636,690
2033,097,Cooke County,40682,19479,21203,26923,12848,14075,1322,719,603,10738,5107,5631,361,166,195,1338,639,699
2034,097,Cooke County,40679,19436,21243,26680,12718,13962,1330,723,607,10951,5180,5771,364,168,196,1354,647,707
2035,097,Cooke County,40649,19392,21257,26423,12584,13839,1333,727,606,11161,5258,5903,366,169,197,1366,654,712
2036,097,Cooke County,40592,19323,21269,26145,12431,13714,1335,728,607,11375,5341,6034,367,170,197,1370,653,717
2037,097,Cooke County,40553,19276,21277,25878,12294,13584,1342,733,609,11587,5420,6167,366,170,196,1380,659,721
2038,097,Cooke County,40508,19227,21281,25608,12157,13451,1341,735,606,11802,5499,6303,367,172,195,1390,664,726
2039,097,Cooke County,40448,19172,21276,25326,12012,13314,1342,734,608,12012,5583,6429,368,173,195,1400,670,730
2040,097,Cooke County,40380,19109,21271,25047,11871,13176,1341,733,608,12211,5655,6556,368,173,195,1413,677,736
2041,097,Cooke County,40322,19049,21273,24770,11728,13042,1339,731,608,12428,5737,6691,368,175,193,1417,678,739
2042,097,Cooke County,40243,18984,21259,24475,11579,12896,1337,731,606,12643,5819,6824,367,177,190,1421,678,743
2043,097,Cooke County,40181,18927,21254,24205,11448,12757,1337,732,605,12842,5890,6952,366,176,190,1431,681,750
2044,097,Cooke County,40122,18868,21254,23940,11315,12625,1337,736,601,13040,5958,7082,365,175,190,1440,684,756
2045,097,Cooke County,40065,18804,21261,23663,11173,12490,1336,734,602,13252,6038,7214,367,176,191,1447,683,764
2046,097,Cooke County,40008,18748,21260,23402,11043,12359,1332,733,599,13455,6110,7345,367,177,190,1452,685,767
2047,097,Cooke County,39954,18687,21267,23132,10908,12224,1331,733,598,13661,6181,7480,366,176,190,1464,689,775
2048,097,Cooke County,39901,18633,21268,22872,10782,12090,1336,737,599,13864,6250,7614,366,177,189,1463,687,776
2049,097,Cooke County,39863,18580,21283,22603,10653,11950,1339,737,602,14082,6326,7756,366,176,190,1473,688,785
2050,097,Cooke County,39797,18520,21277,22333,10518,11815,1339,738,601,14278,6396,7882,369,178,191,1478,690,788
2010,099,Coryell County,75388,36892,38496,46776,22973,23803,11450,5452,5998,11973,6058,5915,1332,471,861,3857,1938,1919
2011,099,Coryell County,75686,37140,38546,46510,22901,23609,11541,5516,6025,12294,6234,6060,1357,485,872,3984,2004,1980
2012,099,Coryell County,75967,37357,38610,46210,22797,23413,11632,5575,6057,12622,6413,6209,1381,497,884,4122,2075,2047
2013,099,Coryell County,76245,37569,38676,45869,22661,23208,11730,5641,6089,12971,6607,6364,1407,510,897,4268,2150,2118
2014,099,Coryell County,76473,37760,38713,45490,22505,22985,11817,5706,6111,13323,6803,6520,1431,524,907,4412,2222,2190
2015,099,Coryell County,76749,38000,38749,45085,22345,22740,11945,5798,6147,13704,7023,6681,1451,534,917,4564,2300,2264
2016,099,Coryell County,77012,38230,38782,44636,22156,22480,12086,5897,6189,14094,7246,6848,1473,547,926,4723,2384,2339
2017,099,Coryell County,77316,38498,38818,44191,21977,22214,12234,6011,6223,14512,7486,7026,1494,559,935,4885,2465,2420
2018,099,Coryell County,77621,38758,38863,43721,21784,21937,12395,6124,6271,14933,7726,7207,1513,571,942,5059,2553,2506
2019,099,Coryell County,77976,39068,38908,43275,21612,21663,12549,6240,6309,15380,7987,7393,1531,584,947,5241,2645,2596
2020,099,Coryell County,78315,39345,38970,42799,21410,21389,12718,6360,6358,15831,8248,7583,1543,592,951,5424,2735,2689
2021,099,Coryell County,78700,39671,39029,42342,21229,21113,12879,6483,6396,16292,8520,7772,1566,611,955,5621,2828,2793
2022,099,Coryell County,79101,40003,39098,41891,21041,20850,13039,6604,6435,16778,8806,7972,1573,617,956,5820,2935,2885
2023,099,Coryell County,79510,40321,39189,41437,20849,20588,13199,6721,6478,17261,9088,8173,1585,628,957,6028,3035,2993
2024,099,Coryell County,79882,40629,39253,40967,20649,20318,13344,6831,6513,17746,9377,8369,1595,636,959,6230,3136,3094
2025,099,Coryell County,80279,40943,39336,40495,20442,20053,13478,6934,6544,18254,9675,8579,1602,644,958,6450,3248,3202
2026,099,Coryell County,80679,41253,39426,40035,20243,19792,13611,7031,6580,18754,9973,8781,1607,652,955,6672,3354,3318
2027,099,Coryell County,81074,41572,39502,39567,20043,19524,13728,7129,6599,19263,10270,8993,1614,661,953,6902,3469,3433
2028,099,Coryell County,81459,41874,39585,39114,19846,19268,13834,7211,6623,19760,10568,9192,1610,663,947,7141,3586,3555
2029,099,Coryell County,81828,42180,39648,38660,19661,18999,13929,7285,6644,20250,10860,9390,1609,668,941,7380,3706,3674
2030,099,Coryell County,82161,42446,39715,38202,19465,18737,14006,7342,6664,20735,11148,9587,1609,672,937,7609,3819,3790
2031,099,Coryell County,82533,42741,39792,37763,19274,18489,14078,7413,6665,21228,11440,9788,1609,679,930,7855,3935,3920
2032,099,Coryell County,82885,43016,39869,37320,19086,18234,14143,7466,6677,21705,11722,9983,1613,686,927,8104,4056,4048
2033,099,Coryell County,83208,43278,39930,36888,18906,17982,14186,7510,6676,22168,12002,10166,1609,689,920,8357,4171,4186
2034,099,Coryell County,83525,43525,40000,36462,18723,17739,14214,7548,6666,22644,12278,10366,1610,695,915,8595,4281,4314
2035,099,Coryell County,83810,43755,40055,36027,18531,17496,14220,7574,6646,23110,12557,10553,1607,700,907,8846,4393,4453
2036,099,Coryell County,84081,43964,40117,35604,18346,17258,14219,7591,6628,23570,12827,10743,1603,701,902,9085,4499,4586
2037,099,Coryell County,84322,44152,40170,35176,18156,17020,14210,7602,6608,24020,13088,10932,1602,708,894,9314,4598,4716
2038,099,Coryell County,84540,44326,40214,34750,17969,16781,14192,7610,6582,24464,13351,11113,1601,711,890,9533,4685,4848
2039,099,Coryell County,84755,44486,40269,34321,17773,16548,14157,7608,6549,24915,13612,11303,1605,717,888,9757,4776,4981
2040,099,Coryell County,84915,44627,40288,33877,17570,16307,14124,7609,6515,25348,13870,11478,1598,721,877,9968,4857,5111
2041,099,Coryell County,85101,44763,40338,33451,17371,16080,14091,7613,6478,25787,14126,11661,1598,727,871,10174,4926,5248
2042,099,Coryell County,85242,44872,40370,33007,17164,15843,14043,7603,6440,26217,14375,11842,1595,730,865,10380,5000,5380
2043,099,Coryell County,85388,44986,40402,32558,16953,15605,14014,7607,6407,26644,14624,12020,1592,737,855,10580,5065,5515
2044,099,Coryell County,85537,45099,40438,32105,16738,15367,13974,7607,6367,27069,14872,12197,1598,744,854,10791,5138,5653
2045,099,Coryell County,85640,45189,40451,31639,16518,15121,13924,7602,6322,27481,15108,12373,1603,751,852,10993,5210,5783
2046,099,Coryell County,85740,45248,40492,31176,16293,14883,13877,7591,6286,27902,15349,12553,1594,749,845,11191,5266,5925
2047,099,Coryell County,85861,45341,40520,30719,16081,14638,13829,7587,6242,28322,15585,12737,1589,749,840,11402,5339,6063
2048,099,Coryell County,85985,45435,40550,30274,15872,14402,13769,7578,6191,28739,15824,12915,1583,753,830,11620,5408,6212
2049,099,Coryell County,86120,45530,40590,29819,15661,14158,13707,7565,6142,29167,16061,13106,1580,755,825,11847,5488,6359
2050,099,Coryell County,86254,45622,40632,29386,15468,13918,13635,7544,6091,29587,16291,13296,1582,761,821,12064,5558,6506
2010,101,Cottle County,1505,713,792,1043,492,551,129,59,70,316,151,165,0,0,0,17,11,6
2011,101,Cottle County,1504,715,789,1034,490,544,131,60,71,322,154,168,0,0,0,17,11,6
2012,101,Cottle County,1500,717,783,1022,488,534,132,60,72,329,158,171,0,0,0,17,11,6
2013,101,Cottle County,1496,717,779,1010,483,527,133,61,72,336,162,174,0,0,0,17,11,6
2014,101,Cottle County,1501,724,777,1006,485,521,135,62,73,343,166,177,0,0,0,17,11,6
2015,101,Cottle County,1503,727,776,997,482,515,139,64,75,350,170,180,0,0,0,17,11,6
2016,101,Cottle County,1507,730,777,992,480,512,141,65,76,356,173,183,0,0,0,18,12,6
2017,101,Cottle County,1514,731,783,990,477,513,143,66,77,362,176,186,0,0,0,19,12,7
2018,101,Cottle County,1512,728,784,980,470,510,144,66,78,368,179,189,0,0,0,20,13,7
2019,101,Cottle County,1515,729,786,972,466,506,146,67,79,376,183,193,0,0,0,21,13,8
2020,101,Cottle County,1510,726,784,956,457,499,148,68,80,384,187,197,0,0,0,22,14,8
2021,101,Cottle County,1507,722,785,941,448,493,150,69,81,393,191,202,0,0,0,23,14,9
2022,101,Cottle County,1510,721,789,932,442,490,152,70,82,402,194,208,0,0,0,24,15,9
2023,101,Cottle County,1513,722,791,924,438,486,154,71,83,410,198,212,0,0,0,25,15,10
2024,101,Cottle County,1520,727,793,920,437,483,156,72,84,418,202,216,0,0,0,26,16,10
2025,101,Cottle County,1533,736,797,921,441,480,158,73,85,428,207,221,0,0,0,26,15,11
2026,101,Cottle County,1538,741,797,915,440,475,160,74,86,436,211,225,0,0,0,27,16,11
2027,101,Cottle County,1543,741,802,913,437,476,161,74,87,441,214,227,0,0,0,28,16,12
2028,101,Cottle County,1550,745,805,912,435,477,161,75,86,448,218,230,0,0,0,29,17,12
2029,101,Cottle County,1555,748,807,907,433,474,163,76,87,455,222,233,0,0,0,30,17,13
2030,101,Cottle County,1559,751,808,904,431,473,163,77,86,461,225,236,0,0,0,31,18,13
2031,101,Cottle County,1560,750,810,901,430,471,164,77,87,464,226,238,0,0,0,31,17,14
2032,101,Cottle County,1564,755,809,897,429,468,165,78,87,470,230,240,0,0,0,32,18,14
2033,101,Cottle County,1570,757,813,895,428,467,166,78,88,476,233,243,0,0,0,33,18,15
2034,101,Cottle County,1571,760,811,889,426,463,166,78,88,482,237,245,0,0,0,34,19,15
2035,101,Cottle County,1573,765,808,882,426,456,166,78,88,489,241,248,0,0,0,36,20,16
2036,101,Cottle County,1573,766,807,875,424,451,167,79,88,496,244,252,0,0,0,35,19,16
2037,101,Cottle County,1574,766,808,868,420,448,168,80,88,502,247,255,0,0,0,36,19,17
2038,101,Cottle County,1573,766,807,859,415,444,168,80,88,509,251,258,0,0,0,37,20,17
2039,101,Cottle County,1573,766,807,851,411,440,169,81,88,515,254,261,0,0,0,38,20,18
2040,101,Cottle County,1573,767,806,844,407,437,169,81,88,520,257,263,0,0,0,40,22,18
2041,101,Cottle County,1569,763,806,834,401,433,169,81,88,526,260,266,0,0,0,40,21,19
2042,101,Cottle County,1566,760,806,825,395,430,169,81,88,532,263,269,0,0,0,40,21,19
2043,101,Cottle County,1569,759,810,819,391,428,170,81,89,539,266,273,0,0,0,41,21,20
2044,101,Cottle County,1573,761,812,813,389,424,171,81,90,547,269,278,0,0,0,42,22,20
2045,101,Cottle County,1571,760,811,804,386,418,171,80,91,553,272,281,0,0,0,43,22,21
2046,101,Cottle County,1570,760,810,797,385,412,171,80,91,558,272,286,0,0,0,44,23,21
2047,101,Cottle County,1569,758,811,792,383,409,170,79,91,562,273,289,0,0,0,45,23,22
2048,101,Cottle County,1567,758,809,786,381,405,168,79,89,567,274,293,0,0,0,46,24,22
2049,101,Cottle County,1560,751,809,780,377,403,169,80,89,564,270,294,0,0,0,47,24,23
2050,101,Cottle County,1539,741,798,775,375,400,166,79,87,550,262,288,0,0,0,48,25,23
2010,103,Crane County,4375,2145,2230,1761,839,922,122,62,60,2409,1202,1207,13,4,9,70,38,32
2011,103,Crane County,4515,2225,2290,1768,844,924,123,62,61,2541,1277,1264,12,4,8,71,38,33
2012,103,Crane County,4669,2311,2358,1777,848,929,125,63,62,2683,1357,1326,12,4,8,72,39,33
2013,103,Crane County,4831,2402,2429,1784,852,932,127,64,63,2835,1443,1392,12,4,8,73,39,34
2014,103,Crane County,5010,2504,2506,1797,861,936,129,65,64,2997,1534,1463,12,4,8,75,40,35
2015,103,Crane County,5190,2604,2586,1811,867,944,131,66,65,3159,1626,1533,12,4,8,77,41,36
2016,103,Crane County,5376,2709,2667,1823,871,952,133,67,66,3329,1725,1604,12,4,8,79,42,37
2017,103,Crane County,5577,2824,2753,1836,876,960,135,68,67,3513,1833,1680,12,4,8,81,43,38
2018,103,Crane County,5783,2947,2836,1845,880,965,137,69,68,3707,1951,1756,12,4,8,82,43,39
2019,103,Crane County,5991,3074,2917,1853,887,966,139,70,69,3903,2069,1834,12,4,8,84,44,40
2020,103,Crane County,6209,3199,3010,1860,888,972,141,71,70,4110,2191,1919,12,4,8,86,45,41
2021,103,Crane County,6434,3335,3099,1865,891,974,143,72,71,4326,2322,2004,12,4,8,88,46,42
2022,103,Crane County,6667,3476,3191,1873,894,979,145,73,72,4547,2458,2089,12,4,8,90,47,43
2023,103,Crane County,6908,3618,3290,1876,894,982,147,74,73,4781,2598,2183,12,4,8,92,48,44
2024,103,Crane County,7145,3762,3383,1878,894,984,150,76,74,5011,2739,2272,12,4,8,94,49,45
2025,103,Crane County,7386,3912,3474,1870,887,983,153,77,76,5255,2894,2361,12,4,8,96,50,46
2026,103,Crane County,7650,4081,3569,1870,886,984,156,79,77,5514,3061,2453,12,4,8,98,51,47
2027,103,Crane County,7921,4255,3666,1856,879,977,159,80,79,5794,3240,2554,12,4,8,100,52,48
2028,103,Crane County,8215,4445,3770,1853,878,975,162,82,80,6086,3428,2658,12,4,8,102,53,49
2029,103,Crane County,8508,4630,3878,1845,873,972,165,83,82,6382,3616,2766,12,4,8,104,54,50
2030,103,Crane County,8809,4823,3986,1841,871,970,168,85,83,6683,3808,2875,11,4,7,106,55,51
2031,103,Crane County,9130,5026,4104,1836,870,966,170,85,85,7006,4011,2995,11,4,7,107,56,51
2032,103,Crane County,9458,5235,4223,1821,862,959,173,87,86,7343,4225,3118,11,4,7,110,57,53
2033,103,Crane County,9795,5456,4339,1808,857,951,174,87,87,7690,4450,3240,11,4,7,112,58,54
2034,103,Crane County,10158,5698,4460,1797,851,946,177,89,88,8059,4695,3364,11,4,7,114,59,55
2035,103,Crane County,10537,5941,4596,1790,847,943,180,91,89,8440,4939,3501,11,4,7,116,60,56
2036,103,Crane County,10928,6203,4725,1787,845,942,182,93,89,8830,5200,3630,11,4,7,118,61,57
2037,103,Crane County,11340,6474,4866,1780,846,934,184,94,90,9246,5468,3778,10,4,6,120,62,58
2038,103,Crane County,11762,6752,5010,1773,847,926,185,95,90,9673,5744,3929,10,4,6,121,62,59
2039,103,Crane County,12201,7041,5160,1762,842,920,187,95,92,10121,6038,4083,10,4,6,121,62,59
2040,103,Crane County,12665,7358,5307,1758,844,914,189,96,93,10586,6352,4234,10,4,6,122,62,60
2041,103,Crane County,13136,7673,5463,1751,844,907,191,97,94,11061,6666,4395,10,4,6,123,62,61
2042,103,Crane County,13631,8002,5629,1745,845,900,194,99,95,11558,6991,4567,10,4,6,124,63,61
2043,103,Crane County,14165,8357,5808,1742,846,896,197,100,97,12091,7344,4747,10,4,6,125,63,62
2044,103,Crane County,14714,8715,5999,1740,848,892,198,101,97,12640,7698,4942,9,4,5,127,64,63
2045,103,Crane County,15286,9094,6192,1735,848,887,199,101,98,13215,8078,5137,9,4,5,128,63,65
2046,103,Crane County,15871,9484,6387,1736,853,883,201,103,98,13796,8459,5337,9,4,5,129,65,64
2047,103,Crane County,16474,9886,6588,1733,853,880,201,102,99,14401,8862,5539,9,4,5,130,65,65
2048,103,Crane County,17095,10305,6790,1733,856,877,202,103,99,15018,9275,5743,9,4,5,133,67,66
2049,103,Crane County,17750,10741,7009,1734,859,875,202,102,100,15672,9711,5961,9,4,5,133,65,68
2050,103,Crane County,18418,11191,7227,1739,864,875,201,103,98,16334,10154,6180,9,4,5,135,66,69
2010,105,Crockett County,3719,1831,1888,1312,651,661,13,9,4,2352,1144,1208,11,3,8,31,24,7
2011,105,Crockett County,3747,1847,1900,1317,654,663,13,9,4,2374,1157,1217,11,3,8,32,24,8
2012,105,Crockett County,3774,1860,1914,1323,654,669,13,9,4,2394,1169,1225,11,3,8,33,25,8
2013,105,Crockett County,3813,1878,1935,1335,661,674,13,9,4,2420,1180,1240,11,3,8,34,25,9
2014,105,Crockett County,3849,1898,1951,1346,668,678,13,9,4,2444,1192,1252,11,3,8,35,26,9
2015,105,Crockett County,3887,1916,1971,1353,670,683,13,9,4,2474,1208,1266,11,3,8,36,26,10
2016,105,Crockett County,3922,1933,1989,1360,671,689,13,9,4,2501,1223,1278,11,3,8,37,27,10
2017,105,Crockett County,3953,1949,2004,1365,676,689,13,9,4,2526,1234,1292,11,3,8,38,27,11
2018,105,Crockett County,3982,1967,2015,1367,678,689,13,9,4,2552,1249,1303,11,3,8,39,28,11
2019,105,Crockett County,4010,1983,2027,1373,682,691,13,9,4,2573,1261,1312,11,3,8,40,28,12
2020,105,Crockett County,4040,1996,2044,1378,683,695,13,9,4,2597,1272,1325,11,3,8,41,29,12
2021,105,Crockett County,4071,2010,2061,1379,683,696,13,9,4,2626,1286,1340,11,3,8,42,29,13
2022,105,Crockett County,4088,2021,2067,1378,682,696,13,9,4,2643,1297,1346,11,3,8,43,30,13
2023,105,Crockett County,4110,2033,2077,1377,679,698,13,9,4,2665,1312,1353,11,3,8,44,30,14
2024,105,Crockett County,4128,2047,2081,1370,676,694,13,9,4,2689,1328,1361,11,3,8,45,31,14
2025,105,Crockett County,4144,2054,2090,1363,672,691,13,9,4,2711,1339,1372,11,3,8,46,31,15
2026,105,Crockett County,4161,2064,2097,1354,671,683,13,9,4,2736,1349,1387,11,3,8,47,32,15
2027,105,Crockett County,4172,2070,2102,1341,665,676,13,9,4,2759,1361,1398,11,3,8,48,32,16
2028,105,Crockett County,4182,2074,2108,1330,659,671,13,9,4,2778,1370,1408,12,3,9,49,33,16
2029,105,Crockett County,4201,2085,2116,1321,656,665,13,9,4,2804,1384,1420,13,3,10,50,33,17
2030,105,Crockett County,4212,2092,2120,1311,651,660,13,9,4,2823,1395,1428,14,3,11,51,34,17
2031,105,Crockett County,4215,2096,2119,1293,644,649,13,9,4,2842,1406,1436,15,3,12,52,34,18
2032,105,Crockett County,4221,2103,2118,1282,639,643,13,9,4,2857,1418,1439,17,3,14,52,34,18
2033,105,Crockett County,4227,2110,2117,1274,635,639,12,8,4,2871,1430,1441,17,3,14,53,34,19
2034,105,Crockett County,4224,2113,2111,1263,631,632,12,8,4,2878,1436,1442,17,3,14,54,35,19
2035,105,Crockett County,4218,2112,2106,1250,623,627,12,8,4,2885,1444,1441,17,3,14,54,34,20
2036,105,Crockett County,4219,2118,2101,1241,620,621,12,8,4,2894,1452,1442,17,3,14,55,35,20
2037,105,Crockett County,4206,2118,2088,1228,614,614,11,7,4,2894,1459,1435,17,3,14,56,35,21
2038,105,Crockett County,4193,2119,2074,1217,610,607,11,7,4,2891,1463,1428,17,3,14,57,36,21
2039,105,Crockett County,4206,2127,2079,1210,608,602,11,7,4,2910,1473,1437,17,3,14,58,36,22
2040,105,Crockett County,4209,2132,2077,1199,603,596,11,7,4,2923,1482,1441,17,3,14,59,37,22
2041,105,Crockett County,4213,2137,2076,1189,601,588,11,7,4,2939,1491,1448,16,3,13,58,35,23
2042,105,Crockett County,4213,2141,2072,1180,597,583,11,7,4,2946,1497,1449,16,3,13,60,37,23
2043,105,Crockett County,4219,2143,2076,1176,595,581,10,7,3,2959,1504,1455,16,3,13,58,34,24
2044,105,Crockett County,4214,2138,2076,1167,593,574,10,7,3,2965,1503,1462,16,3,13,56,32,24
2045,105,Crockett County,4208,2140,2068,1159,593,566,10,7,3,2968,1507,1461,16,3,13,55,30,25
2046,105,Crockett County,4214,2146,2068,1150,590,560,10,7,3,2982,1515,1467,16,3,13,56,31,25
2047,105,Crockett County,4214,2147,2067,1148,589,559,9,6,3,2985,1519,1466,16,3,13,56,30,26
2048,105,Crockett County,4214,2152,2062,1141,588,553,9,6,3,2992,1525,1467,16,3,13,56,30,26
2049,105,Crockett County,4215,2157,2058,1141,588,553,9,6,3,2995,1532,1463,15,2,13,55,29,26
2050,105,Crockett County,4219,2160,2059,1135,586,549,9,6,3,3005,1536,1469,14,2,12,56,30,26
2010,107,Crosby County,6059,2917,3142,2625,1245,1380,199,92,107,3171,1547,1624,4,1,3,60,32,28
2011,107,Crosby County,6075,2923,3152,2584,1222,1362,201,93,108,3225,1575,1650,4,1,3,61,32,29
2012,107,Crosby County,6097,2934,3163,2546,1202,1344,203,94,109,3282,1604,1678,4,1,3,62,33,29
2013,107,Crosby County,6134,2952,3182,2515,1187,1328,205,95,110,3347,1636,1711,4,1,3,63,33,30
2014,107,Crosby County,6182,2975,3207,2494,1174,1320,207,96,111,3413,1670,1743,4,1,3,64,34,30
2015,107,Crosby County,6235,3002,3233,2476,1168,1308,209,97,112,3481,1702,1779,4,1,3,65,34,31
2016,107,Crosby County,6274,3021,3253,2453,1157,1296,209,96,113,3541,1732,1809,4,1,3,67,35,32
2017,107,Crosby County,6326,3047,3279,2437,1148,1289,211,97,114,3606,1766,1840,4,1,3,68,35,33
2018,107,Crosby County,6363,3067,3296,2410,1136,1274,212,97,115,3667,1797,1870,4,1,3,70,36,34
2019,107,Crosby County,6413,3093,3320,2391,1127,1264,215,99,116,3731,1829,1902,4,1,3,72,37,35
2020,107,Crosby County,6464,3115,3349,2378,1121,1257,217,100,117,3791,1855,1936,4,1,3,74,38,36
2021,107,Crosby County,6509,3140,3369,2357,1112,1245,219,101,118,3853,1887,1966,4,1,3,76,39,37
2022,107,Crosby County,6547,3159,3388,2333,1100,1233,220,102,118,3912,1916,1996,4,1,3,78,40,38
2023,107,Crosby County,6582,3179,3403,2310,1090,1220,220,103,117,3968,1944,2024,4,1,3,80,41,39
2024,107,Crosby County,6619,3197,3422,2290,1080,1210,219,103,116,4025,1972,2053,4,1,3,81,41,40
2025,107,Crosby County,6653,3212,3441,2264,1067,1197,221,104,117,4081,1998,2083,4,1,3,83,42,41
2026,107,Crosby County,6686,3225,3461,2241,1054,1187,223,105,118,4133,2022,2111,4,1,3,85,43,42
2027,107,Crosby County,6708,3236,3472,2213,1039,1174,224,105,119,4180,2047,2133,4,1,3,87,44,43
2028,107,Crosby County,6734,3248,3486,2189,1026,1163,224,106,118,4228,2070,2158,4,1,3,89,45,44
2029,107,Crosby County,6748,3257,3491,2158,1013,1145,225,106,119,4271,2092,2179,4,1,3,90,45,45
2030,107,Crosby County,6757,3262,3495,2128,999,1129,225,107,118,4310,2111,2199,4,1,3,90,44,46
2031,107,Crosby County,6769,3266,3503,2097,982,1115,225,107,118,4352,2132,2220,4,1,3,91,44,47
2032,107,Crosby County,6776,3272,3504,2062,965,1097,227,109,118,4390,2152,2238,4,1,3,93,45,48
2033,107,Crosby County,6774,3268,3506,2023,946,1077,226,108,118,4426,2167,2259,4,1,3,95,46,49
2034,107,Crosby County,6770,3264,3506,1985,925,1060,227,109,118,4457,2181,2276,4,1,3,97,48,49
2035,107,Crosby County,6761,3260,3501,1949,910,1039,227,109,118,4483,2192,2291,4,1,3,98,48,50
2036,107,Crosby County,6753,3260,3493,1912,893,1019,228,111,117,4511,2208,2303,4,1,3,98,47,51
2037,107,Crosby County,6747,3261,3486,1875,878,997,228,111,117,4540,2223,2317,4,1,3,100,48,52
2038,107,Crosby County,6731,3255,3476,1833,857,976,229,112,117,4563,2236,2327,4,1,3,102,49,53
2039,107,Crosby County,6727,3256,3471,1793,841,952,230,112,118,4596,2252,2344,4,1,3,104,50,54
2040,107,Crosby County,6720,3252,3468,1756,822,934,232,114,118,4623,2265,2358,4,1,3,105,50,55
2041,107,Crosby County,6702,3245,3457,1713,802,911,233,114,119,4647,2279,2368,4,1,3,105,49,56
2042,107,Crosby County,6677,3234,3443,1677,786,891,232,114,118,4657,2283,2374,4,1,3,107,50,57
2043,107,Crosby County,6674,3234,3440,1643,767,876,231,114,117,4688,2301,2387,4,1,3,108,51,57
2044,107,Crosby County,6664,3228,3436,1602,746,856,228,114,114,4723,2318,2405,4,1,3,107,49,58
2045,107,Crosby County,6665,3232,3433,1572,732,840,228,114,114,4753,2335,2418,4,1,3,108,50,58
2046,107,Crosby County,6651,3228,3423,1538,717,821,229,116,113,4770,2343,2427,4,1,3,110,51,59
2047,107,Crosby County,6645,3224,3421,1509,703,806,229,115,114,4792,2354,2438,4,1,3,111,51,60
2048,107,Crosby County,6631,3221,3410,1478,687,791,229,116,113,4808,2365,2443,4,1,3,112,52,60
2049,107,Crosby County,6619,3210,3409,1446,669,777,229,116,113,4829,2373,2456,4,1,3,111,51,60
2050,107,Crosby County,6604,3207,3397,1421,659,762,230,117,113,4836,2378,2458,4,1,3,113,52,61
2010,109,Culberson County,2398,1167,1231,504,263,241,8,5,3,1827,866,961,22,11,11,37,22,15
2011,109,Culberson County,2376,1153,1223,509,265,244,8,5,3,1798,850,948,23,11,12,38,22,16
2012,109,Culberson County,2362,1143,1219,514,267,247,8,5,3,1777,836,941,24,12,12,39,23,16
2013,109,Culberson County,2348,1130,1218,520,270,250,8,5,3,1755,820,935,25,12,13,40,23,17
2014,109,Culberson County,2330,1114,1216,523,272,251,8,5,3,1732,800,932,26,13,13,41,24,17
2015,109,Culberson County,2319,1102,1217,528,274,254,8,5,3,1714,786,928,27,13,14,42,24,18
2016,109,Culberson County,2306,1089,1217,530,275,255,8,5,3,1698,771,927,27,13,14,43,25,18
2017,109,Culberson County,2288,1076,1212,530,276,254,8,5,3,1679,757,922,27,13,14,44,25,19
2018,109,Culberson County,2275,1066,1209,533,277,256,8,5,3,1662,745,917,27,13,14,45,26,19
2019,109,Culberson County,2261,1060,1201,538,281,257,8,5,3,1642,735,907,27,13,14,46,26,20
2020,109,Culberson County,2245,1052,1193,542,282,260,8,5,3,1621,725,896,27,13,14,47,27,20
2021,109,Culberson County,2229,1042,1187,549,284,265,8,5,3,1597,713,884,27,13,14,48,27,21
2022,109,Culberson County,2212,1034,1178,551,284,267,8,5,3,1577,704,873,27,13,14,49,28,21
2023,109,Culberson County,2191,1023,1168,552,284,268,8,5,3,1554,693,861,27,13,14,50,28,22
2024,109,Culberson County,2169,1014,1155,553,284,269,8,5,3,1530,683,847,27,13,14,51,29,22
2025,109,Culberson County,2151,1003,1148,552,283,269,8,5,3,1513,674,839,27,13,14,51,28,23
2026,109,Culberson County,2139,1001,1138,554,285,269,8,5,3,1499,670,829,27,13,14,51,28,23
2027,109,Culberson County,2121,993,1128,554,284,270,8,5,3,1482,664,818,27,13,14,50,27,23
2028,109,Culberson County,2104,987,1117,553,284,269,8,5,3,1466,658,808,27,13,14,50,27,23
2029,109,Culberson County,2089,983,1106,554,285,269,8,5,3,1450,653,797,27,13,14,50,27,23
2030,109,Culberson County,2067,974,1093,554,285,269,8,5,3,1428,644,784,27,13,14,50,27,23
2031,109,Culberson County,2048,970,1078,555,287,268,8,5,3,1408,638,770,27,13,14,50,27,23
2032,109,Culberson County,2031,966,1065,558,289,269,8,5,3,1388,632,756,27,13,14,50,27,23
2033,109,Culberson County,2010,960,1050,561,291,270,8,5,3,1363,624,739,27,13,14,51,27,24
2034,109,Culberson County,1984,952,1032,558,290,268,8,5,3,1339,616,723,27,13,14,52,28,24
2035,109,Culberson County,1960,945,1015,555,290,265,8,5,3,1317,609,708,27,13,14,53,28,25
2036,109,Culberson County,1933,937,996,553,289,264,8,5,3,1291,601,690,27,13,14,54,29,25
2037,109,Culberson County,1913,929,984,551,288,263,8,5,3,1272,594,678,27,13,14,55,29,26
2038,109,Culberson County,1886,924,962,549,288,261,8,5,3,1247,589,658,27,13,14,55,29,26
2039,109,Culberson County,1862,913,949,546,286,260,8,5,3,1226,580,646,26,13,13,56,29,27
2040,109,Culberson County,1840,906,934,542,284,258,8,5,3,1207,574,633,26,13,13,57,30,27
2041,109,Culberson County,1807,891,916,540,283,257,8,5,3,1176,561,615,26,13,13,57,29,28
2042,109,Culberson County,1786,884,902,535,281,254,8,5,3,1161,557,604,25,12,13,57,29,28
2043,109,Culberson County,1760,875,885,533,281,252,8,5,3,1138,550,588,25,12,13,56,27,29
2044,109,Culberson County,1743,872,871,530,280,250,8,5,3,1122,546,576,25,12,13,58,29,29
2045,109,Culberson County,1703,853,850,527,279,248,8,5,3,1086,529,557,25,12,13,57,28,29
2046,109,Culberson County,1663,829,834,524,278,246,8,5,3,1048,505,543,25,12,13,58,29,29
2047,109,Culberson County,1643,820,823,525,279,246,8,5,3,1027,496,531,25,12,13,58,28,30
2048,109,Culberson County,1628,815,813,522,278,244,8,5,3,1014,491,523,25,12,13,59,29,30
2049,109,Culberson County,1605,806,799,520,278,242,8,5,3,995,484,511,25,12,13,57,27,30
2050,109,Culberson County,1590,802,788,519,278,241,8,5,3,980,479,501,25,12,13,58,28,30
2010,111,Dallam County,6703,3482,3221,3726,1900,1826,81,42,39,2717,1441,1276,37,18,19,142,81,61
2011,111,Dallam County,6728,3492,3236,3690,1883,1807,83,43,40,2772,1466,1306,38,18,20,145,82,63
2012,111,Dallam County,6765,3513,3252,3662,1872,1790,85,44,41,2831,1494,1337,39,19,20,148,84,64
2013,111,Dallam County,6821,3538,3283,3636,1856,1780,87,45,42,2907,1533,1374,40,19,21,151,85,66
2014,111,Dallam County,6884,3570,3314,3622,1851,1771,89,46,43,2978,1566,1412,41,20,21,154,87,67
2015,111,Dallam County,6943,3596,3347,3601,1839,1762,91,47,44,3052,1602,1450,42,20,22,157,88,69
2016,111,Dallam County,6993,3617,3376,3582,1826,1756,93,48,45,3115,1632,1483,43,21,22,160,90,70
2017,111,Dallam County,7060,3649,3411,3580,1823,1757,95,49,46,3178,1665,1513,44,21,23,163,91,72
2018,111,Dallam County,7112,3673,3439,3566,1812,1754,97,50,47,3238,1696,1542,45,22,23,166,93,73
2019,111,Dallam County,7173,3707,3466,3549,1803,1746,99,51,48,3310,1737,1573,46,22,24,169,94,75
2020,111,Dallam County,7237,3740,3497,3540,1797,1743,101,52,49,3378,1772,1606,47,23,24,171,96,75
2021,111,Dallam County,7301,3776,3525,3526,1788,1738,103,53,50,3451,1815,1636,48,23,25,173,97,76
2022,111,Dallam County,7353,3798,3555,3507,1772,1735,105,54,51,3516,1850,1666,48,23,25,177,99,78
2023,111,Dallam County,7414,3828,3586,3488,1760,1728,107,55,52,3590,1889,1701,48,23,25,181,101,80
2024,111,Dallam County,7479,3857,3622,3474,1747,1727,109,56,53,3666,1930,1736,48,23,25,182,101,81
2025,111,Dallam County,7534,3885,3649,3451,1731,1720,111,57,54,3740,1972,1768,48,23,25,184,102,82
2026,111,Dallam County,7603,3921,3682,3440,1722,1718,113,58,55,3814,2013,1801,49,24,25,187,104,83
2027,111,Dallam County,7665,3951,3714,3429,1714,1715,115,59,56,3880,2048,1832,50,24,26,191,106,85
2028,111,Dallam County,7740,3993,3747,3424,1708,1716,117,60,57,3953,2092,1861,51,25,26,195,108,87
2029,111,Dallam County,7808,4026,3782,3415,1699,1716,118,60,58,4024,2132,1892,52,25,27,199,110,89
2030,111,Dallam County,7881,4058,3823,3407,1689,1718,120,61,59,4098,2170,1928,53,26,27,203,112,91
2031,111,Dallam County,7957,4084,3873,3404,1676,1728,122,62,60,4169,2206,1963,54,26,28,208,114,94
2032,111,Dallam County,8024,4111,3913,3394,1663,1731,124,63,61,4238,2241,1997,55,27,28,213,117,96
2033,111,Dallam County,8086,4137,3949,3391,1655,1736,126,64,62,4296,2272,2024,56,27,29,217,119,98
2034,111,Dallam County,8149,4164,3985,3390,1648,1742,127,64,63,4352,2301,2051,57,28,29,223,123,100
2035,111,Dallam County,8219,4194,4025,3382,1640,1742,130,66,64,4421,2334,2087,58,28,30,228,126,102
2036,111,Dallam County,8279,4219,4060,3370,1629,1741,131,66,65,4488,2368,2120,59,29,30,231,127,104
2037,111,Dallam County,8345,4249,4096,3356,1619,1737,133,67,66,4561,2405,2156,60,29,31,235,129,106
2038,111,Dallam County,8404,4282,4122,3348,1613,1735,135,68,67,4620,2439,2181,61,30,31,240,132,108
2039,111,Dallam County,8477,4316,4161,3347,1610,1737,138,69,69,4688,2475,2213,61,29,32,243,133,110
2040,111,Dallam County,8553,4352,4201,3345,1603,1742,140,71,69,4759,2512,2247,62,30,32,247,136,111
2041,111,Dallam County,8626,4382,4244,3339,1599,1740,141,71,70,4833,2544,2289,62,30,32,251,138,113
2042,111,Dallam County,8682,4410,4272,3340,1595,1745,143,73,70,4881,2571,2310,63,31,32,255,140,115
2043,111,Dallam County,8753,4439,4314,3334,1586,1748,146,74,72,4952,2607,2345,64,31,33,257,141,116
2044,111,Dallam County,8821,4463,4358,3327,1579,1748,148,75,73,5023,2637,2386,65,32,33,258,140,118
2045,111,Dallam County,8893,4490,4403,3323,1571,1752,151,76,75,5091,2669,2422,66,32,34,262,142,120
2046,111,Dallam County,8972,4517,4455,3315,1560,1755,152,77,75,5172,2703,2469,67,33,34,266,144,122
2047,111,Dallam County,9046,4546,4500,3307,1554,1753,152,75,77,5253,2741,2512,67,32,35,267,144,123
2048,111,Dallam County,9115,4576,4539,3297,1545,1752,154,76,78,5326,2775,2551,67,33,34,271,147,124
2049,111,Dallam County,9201,4611,4590,3298,1545,1753,154,75,79,5408,2811,2597,68,33,35,273,147,126
2050,111,Dallam County,9279,4648,4631,3291,1538,1753,155,76,79,5490,2853,2637,69,34,35,274,147,127
2010,113,Dallas County,2368139,1171002,1197137,784693,383504,401189,518732,239252,279480,905940,470056,435884,117797,58524,59273,40977,19666,21311
2011,113,Dallas County,2404544,1188110,1216434,785259,384044,401215,528481,243814,284667,924556,478381,446175,123934,61568,62366,42314,20303,22011
2012,113,Dallas County,2441064,1205204,1235860,785588,384461,401127,538381,248435,289946,943086,486644,456442,130294,64700,65594,43715,20964,22751
2013,113,Dallas County,2477675,1222365,1255310,785679,384774,400905,548396,253134,295262,961534,494831,466703,136891,67967,68924,45175,21659,23516
2014,113,Dallas County,2514285,1239462,1274823,785489,384942,400547,558501,257868,300633,979865,502934,476931,143727,71332,72395,46703,22386,24317
2015,113,Dallas County,2550944,1256591,1294353,785061,385023,400038,568716,262664,306052,998105,510968,487137,150776,74797,75979,48286,23139,25147
2016,113,Dallas County,2587432,1273566,1313866,784287,384911,399376,578963,267485,311478,1016224,518909,497315,158048,78349,79699,49910,23912,25998
2017,113,Dallas County,2623956,1290559,1333397,783323,384690,398633,589192,272319,316873,1034313,526821,507492,165558,82019,83539,51570,24710,26860
2018,113,Dallas County,2660575,1307531,1353044,782167,384370,397797,599411,277150,322261,1052402,534709,517693,173303,85781,87522,53292,25521,27771
2019,113,Dallas County,2697270,1324538,1372732,780802,383926,396876,609569,281974,327595,1070513,542581,527932,181339,89693,91646,55047,26364,28683
2020,113,Dallas County,2733926,1341449,1392477,779189,383337,395852,619686,286777,332909,1088629,550434,538195,189583,93693,95890,56839,27208,29631
2021,113,Dallas County,2770998,1358546,1412452,777457,382665,394792,629778,291581,338197,1106947,558362,548585,198150,97860,100290,58666,28078,30588
2022,113,Dallas County,2808195,1375641,1432554,775504,381878,393626,639801,296354,343447,1125334,566295,559039,207025,102158,104867,60531,28956,31575
2023,113,Dallas County,2845341,1392699,1452642,773306,380943,392363,649705,301095,348610,1143733,574211,569522,216189,106605,109584,62408,29845,32563
2024,113,Dallas County,2882514,1409717,1472797,770904,379890,391014,659467,305773,353694,1162151,582120,580031,225663,111186,114477,64329,30748,33581
2025,113,Dallas County,2919675,1426711,1492964,768329,378730,389599,669084,310405,358679,1180536,589986,590550,235452,115924,119528,66274,31666,34608
2026,113,Dallas County,2956826,1443633,1513193,765557,377452,388105,678534,314956,363578,1198874,597799,601075,245592,120837,124755,68269,32589,35680
2027,113,Dallas County,2994045,1460597,1533448,762733,376140,386593,687806,319453,368353,1217129,605554,611575,256072,125912,130160,70305,33538,36767
2028,113,Dallas County,3031366,1477533,1553833,759904,374794,385110,696906,323875,373031,1235245,613222,622023,266938,131151,135787,72373,34491,37882
2029,113,Dallas County,3068532,1494395,1574137,756834,373324,383510,705824,328232,377592,1253192,620795,632397,278177,136579,141598,74505,35465,39040
2030,113,Dallas County,3105476,1511085,1594391,753492,371707,381785,714553,332499,382054,1270932,628245,642687,289821,142186,147635,76678,36448,40230
2031,113,Dallas County,3142359,1527749,1614610,750159,370090,380069,723072,336684,386388,1288340,635517,652823,301876,147998,153878,78912,37460,41452
2032,113,Dallas County,3179196,1544334,1634862,746882,368498,378384,731325,340738,390587,1305414,642610,662804,314387,154010,160377,81188,38478,42710
2033,113,Dallas County,3216043,1560913,1655130,743728,366944,376784,739336,344695,394641,1322094,649501,672593,327355,160257,167098,83530,39516,44014
2034,113,Dallas County,3253023,1577519,1675504,740826,365523,375303,747111,348546,398565,1338351,656163,682188,340807,166713,174094,85928,40574,45354
2035,113,Dallas County,3290116,1594208,1695908,738140,364223,373917,754653,352313,402340,1354170,662595,691575,354774,173425,181349,88379,41652,46727
2036,113,Dallas County,3327429,1610944,1716485,735710,363064,372646,762001,355988,406013,1369546,668800,700746,369275,180359,188916,90897,42733,48164
2037,113,Dallas County,3364799,1627734,1737065,733396,361985,371411,769147,359602,409545,1384513,674789,709724,384297,187546,196751,93446,43812,49634
2038,113,Dallas County,3402218,1644514,1757704,731119,360948,370171,776082,363113,412969,1399078,680572,718506,399863,194967,204896,96076,44914,51162
2039,113,Dallas County,3439778,1661380,1778398,728968,360003,368965,782830,366554,416276,1413214,686132,727082,416009,202666,213343,98757,46025,52732
2040,113,Dallas County,3477414,1678255,1799159,726907,359120,367787,789379,369912,419467,1426910,691459,735451,432721,210619,222102,101497,47145,54352
2041,113,Dallas County,3515185,1695211,1819974,724927,358292,366635,795732,373191,422541,1440189,696574,743615,450020,218856,231164,104317,48298,56019
2042,113,Dallas County,3553079,1712169,1840910,723049,357528,365521,801893,376371,425522,1453029,701469,751560,467921,227361,240560,107187,49440,57747
2043,113,Dallas County,3591073,1729211,1861862,721236,356816,364420,807856,379478,428378,1465437,706141,759296,486437,236177,250260,110107,50599,59508
2044,113,Dallas County,3629169,1746283,1882886,719463,356131,363332,813624,382499,431125,1477408,710598,766810,505579,245285,260294,113095,51770,61325
2045,113,Dallas County,3667351,1763405,1903946,717693,355458,362235,819201,385433,433768,1488943,714838,774105,525364,254708,270656,116150,52968,63182
2046,113,Dallas County,3705640,1780556,1925084,715955,354807,361148,824591,388286,436305,1500050,718871,781179,545779,264423,281356,119265,54169,65096
2047,113,Dallas County,3743932,1797729,1946203,714181,354144,360037,829755,391038,438717,1510726,722694,788032,566809,274448,292361,122461,55405,67056
2048,113,Dallas County,3782221,1814860,1967361,712393,353460,358933,834722,393702,441020,1520972,726307,794665,588440,284749,303691,125694,56642,69052
2049,113,Dallas County,3820487,1832014,1988473,710581,352770,357811,839452,396275,443177,1530777,729711,801066,610675,295346,315329,129002,57912,71090
2050,113,Dallas County,3858686,1849098,2009588,708756,352063,356693,843940,398720,445220,1540138,732904,807234,633479,306211,327268,132373,59200,73173
2010,115,Dawson County,13833,7815,6018,5402,2958,2444,860,636,224,7387,4118,3269,46,25,21,138,78,60
2011,115,Dawson County,13767,7759,6008,5290,2886,2404,860,634,226,7431,4137,3294,47,25,22,139,77,62
2012,115,Dawson County,13749,7735,6014,5204,2829,2375,868,640,228,7488,4162,3326,48,26,22,141,78,63
2013,115,Dawson County,13718,7698,6020,5122,2773,2349,873,643,230,7533,4180,3353,49,26,23,141,76,65
2014,115,Dawson County,13697,7671,6026,5047,2722,2325,877,646,231,7579,4198,3381,50,27,23,144,78,66
2015,115,Dawson County,13671,7641,6030,4968,2673,2295,882,649,233,7626,4216,3410,51,27,24,144,76,68
2016,115,Dawson County,13666,7633,6033,4899,2633,2266,889,653,236,7678,4240,3438,52,28,24,148,79,69
2017,115,Dawson County,13644,7607,6037,4828,2588,2240,895,655,240,7717,4256,3461,53,28,25,151,80,71
2018,115,Dawson County,13629,7594,6035,4763,2552,2211,900,657,243,7759,4275,3484,54,29,25,153,81,72
2019,115,Dawson County,13611,7574,6037,4700,2515,2185,903,657,246,7798,4292,3506,55,29,26,155,81,74
2020,115,Dawson County,13592,7559,6033,4637,2478,2159,906,657,249,7835,4311,3524,56,30,26,158,83,75
2021,115,Dawson County,13567,7536,6031,4577,2443,2134,907,656,251,7866,4324,3542,57,30,27,160,83,77
2022,115,Dawson County,13543,7522,6021,4518,2412,2106,906,653,253,7900,4342,3558,58,31,27,161,84,77
2023,115,Dawson County,13528,7508,6020,4467,2384,2083,909,654,255,7931,4356,3575,59,31,28,162,83,79
2024,115,Dawson County,13513,7500,6013,4414,2356,2058,913,657,256,7962,4370,3592,60,32,28,164,85,79
2025,115,Dawson County,13506,7491,6015,4372,2333,2039,915,657,258,7991,4383,3608,61,32,29,167,86,81
2026,115,Dawson County,13504,7486,6018,4329,2312,2017,922,662,260,8021,4391,3630,62,33,29,170,88,82
2027,115,Dawson County,13509,7496,6013,4289,2294,1995,932,670,262,8052,4410,3642,63,33,30,173,89,84
2028,115,Dawson County,13503,7492,6011,4248,2273,1975,938,674,264,8077,4421,3656,64,34,30,176,90,86
2029,115,Dawson County,13494,7484,6010,4213,2257,1956,941,674,267,8098,4428,3670,64,34,30,178,91,87
2030,115,Dawson County,13482,7479,6003,4176,2237,1939,941,675,266,8117,4439,3678,65,35,30,183,93,90
2031,115,Dawson County,13491,7478,6013,4149,2222,1927,948,680,268,8145,4449,3696,66,35,31,183,92,91
2032,115,Dawson County,13491,7473,6018,4122,2208,1914,952,682,270,8163,4453,3710,67,36,31,187,94,93
2033,115,Dawson County,13480,7466,6014,4093,2196,1897,955,685,270,8174,4454,3720,68,36,32,190,95,95
2034,115,Dawson County,13478,7465,6013,4071,2189,1882,955,684,271,8189,4458,3731,69,37,32,194,97,97
2035,115,Dawson County,13469,7460,6009,4047,2180,1867,953,685,268,8204,4461,3743,70,37,33,195,97,98
2036,115,Dawson County,13469,7461,6008,4028,2175,1853,958,689,269,8215,4462,3753,71,38,33,197,97,100
2037,115,Dawson County,13462,7463,5999,4010,2169,1841,958,690,268,8224,4470,3754,72,38,34,198,96,102
2038,115,Dawson County,13446,7462,5984,3985,2164,1821,958,691,267,8227,4469,3758,73,39,34,203,99,104
2039,115,Dawson County,13431,7442,5989,3964,2153,1811,955,687,268,8234,4465,3769,73,38,35,205,99,106
2040,115,Dawson County,13422,7435,5987,3943,2145,1798,957,689,268,8241,4461,3780,74,39,35,207,101,106
2041,115,Dawson County,13406,7421,5985,3930,2142,1788,952,685,267,8243,4457,3786,75,39,36,206,98,108
2042,115,Dawson County,13386,7408,5978,3913,2138,1775,951,683,268,8238,4448,3790,76,40,36,208,99,109
2043,115,Dawson County,13382,7402,5980,3904,2137,1767,951,683,268,8239,4442,3797,77,40,37,211,100,111
2044,115,Dawson County,13354,7380,5974,3894,2134,1760,946,679,267,8228,4430,3798,77,41,36,209,96,113
2045,115,Dawson County,13349,7379,5970,3887,2135,1752,942,675,267,8228,4429,3799,77,40,37,215,100,115
2046,115,Dawson County,13313,7347,5966,3879,2131,1748,934,669,265,8205,4406,3799,78,41,37,217,100,117
2047,115,Dawson County,13297,7334,5963,3868,2127,1741,929,665,264,8207,4404,3803,77,40,37,216,98,118
2048,115,Dawson County,13285,7326,5959,3858,2126,1732,924,663,261,8204,4396,3808,78,41,37,221,100,121
2049,115,Dawson County,13286,7320,5966,3855,2126,1729,926,663,263,8202,4388,3814,79,41,38,224,102,122
2050,115,Dawson County,13269,7308,5961,3845,2121,1724,923,662,261,8199,4384,3815,80,42,38,222,99,123
2010,117,Deaf Smith County,19372,9652,9720,5939,2855,3084,158,76,82,13039,6610,6429,56,24,32,180,87,93
2011,117,Deaf Smith County,19213,9568,9645,5715,2751,2964,162,78,84,13095,6626,6469,57,24,33,184,89,95
2012,117,Deaf Smith County,19069,9494,9575,5512,2658,2854,166,80,86,13145,6640,6505,58,25,33,188,91,97
2013,117,Deaf Smith County,18947,9421,9526,5322,2565,2757,170,82,88,13204,6656,6548,59,25,34,192,93,99
2014,117,Deaf Smith County,18813,9346,9467,5124,2469,2655,174,84,90,13259,6672,6587,60,26,34,196,95,101
2015,117,Deaf Smith County,18697,9275,9422,4945,2379,2566,178,86,92,13313,6687,6626,61,26,35,200,97,103
2016,117,Deaf Smith County,18578,9209,9369,4769,2293,2476,181,88,93,13363,6703,6660,62,27,35,203,98,105
2017,117,Deaf Smith County,18470,9138,9332,4608,2213,2395,184,89,95,13409,6710,6699,63,27,36,206,99,107
2018,117,Deaf Smith County,18352,9071,9281,4439,2131,2308,187,91,96,13452,6720,6732,64,28,36,210,101,109
2019,117,Deaf Smith County,18255,9010,9245,4298,2061,2237,190,92,98,13487,6725,6762,65,28,37,215,104,111
2020,117,Deaf Smith County,18143,8942,9201,4148,1988,2160,193,94,99,13518,6727,6791,67,29,38,217,104,113
2021,117,Deaf Smith County,18043,8878,9165,4013,1921,2092,196,95,101,13547,6728,6819,68,29,39,219,105,114
2022,117,Deaf Smith County,17955,8830,9125,3891,1862,2029,198,96,102,13575,6735,6840,69,30,39,222,107,115
2023,117,Deaf Smith County,17865,8770,9095,3768,1797,1971,199,96,103,13603,6738,6865,70,30,40,225,109,116
2024,117,Deaf Smith County,17786,8711,9075,3652,1731,1921,203,98,105,13631,6740,6891,71,31,40,229,111,118
2025,117,Deaf Smith County,17717,8665,9052,3548,1676,1872,205,99,106,13659,6746,6913,72,31,41,233,113,120
2026,117,Deaf Smith County,17648,8620,9028,3454,1628,1826,208,101,107,13678,6745,6933,73,32,41,235,114,121
2027,117,Deaf Smith County,17582,8576,9006,3371,1586,1785,211,102,109,13688,6741,6947,74,32,42,238,115,123
2028,117,Deaf Smith County,17504,8528,8976,3278,1539,1739,213,103,110,13697,6737,6960,75,33,42,241,116,125
2029,117,Deaf Smith County,17427,8475,8952,3206,1503,1703,215,104,111,13685,6717,6968,76,33,43,245,118,127
2030,117,Deaf Smith County,17360,8439,8921,3135,1470,1665,217,106,111,13684,6710,6974,77,34,43,247,119,128
2031,117,Deaf Smith County,17302,8396,8906,3068,1436,1632,219,107,112,13688,6700,6988,77,34,43,250,119,131
2032,117,Deaf Smith County,17227,8351,8876,3004,1404,1600,220,108,112,13673,6684,6989,78,35,43,252,120,132
2033,117,Deaf Smith County,17152,8307,8845,2952,1380,1572,221,108,113,13646,6662,6984,78,35,43,255,122,133
2034,117,Deaf Smith County,17085,8268,8817,2904,1356,1548,222,109,113,13619,6641,6978,79,36,43,261,126,135
2035,117,Deaf Smith County,17014,8225,8789,2852,1332,1520,226,111,115,13591,6618,6973,80,36,44,265,128,137
2036,117,Deaf Smith County,16937,8184,8753,2809,1316,1493,229,113,116,13550,6588,6962,81,37,44,268,130,138
2037,117,Deaf Smith County,16870,8138,8732,2774,1295,1479,232,115,117,13512,6558,6954,82,37,45,270,133,137
2038,117,Deaf Smith County,16804,8099,8705,2743,1281,1462,235,116,119,13470,6530,6940,83,38,45,273,134,139
2039,117,Deaf Smith County,16731,8051,8680,2706,1262,1444,236,116,120,13431,6501,6930,83,38,45,275,134,141
2040,117,Deaf Smith County,16672,8018,8654,2682,1250,1432,238,117,121,13389,6476,6913,84,39,45,279,136,143
2041,117,Deaf Smith County,16588,7966,8622,2656,1237,1419,238,117,121,13328,6434,6894,85,39,46,281,139,142
2042,117,Deaf Smith County,16501,7919,8582,2632,1225,1407,241,119,122,13261,6396,6865,85,40,45,282,139,143
2043,117,Deaf Smith County,16412,7866,8546,2602,1209,1393,243,121,122,13198,6358,6840,87,40,47,282,138,144
2044,117,Deaf Smith County,16340,7830,8510,2585,1204,1381,245,122,123,13138,6323,6815,87,41,46,285,140,145
2045,117,Deaf Smith County,16274,7793,8481,2573,1199,1374,247,123,124,13079,6288,6791,87,41,46,288,142,146
2046,117,Deaf Smith County,16174,7741,8433,2553,1189,1364,250,125,125,12994,6242,6752,88,42,46,289,143,146
2047,117,Deaf Smith County,16097,7701,8396,2540,1184,1356,251,126,125,12927,6206,6721,88,41,47,291,144,147
2048,117,Deaf Smith County,16019,7656,8363,2528,1180,1348,251,126,125,12859,6163,6696,89,42,47,292,145,147
2049,117,Deaf Smith County,15937,7613,8324,2521,1180,1341,252,126,126,12781,6120,6661,90,43,47,293,144,149
2050,117,Deaf Smith County,15862,7576,8286,2513,1177,1336,253,127,126,12708,6081,6627,92,45,47,296,146,150
2010,119,Delta County,5231,2563,2668,4351,2128,2223,375,174,201,288,168,120,30,12,18,187,81,106
2011,119,Delta County,5230,2572,2658,4332,2128,2204,381,177,204,297,173,124,30,12,18,190,82,108
2012,119,Delta County,5247,2586,2661,4331,2132,2199,387,180,207,306,178,128,30,12,18,193,84,109
2013,119,Delta County,5258,2594,2664,4326,2131,2195,391,183,208,315,183,132,30,12,18,196,85,111
2014,119,Delta County,5281,2611,2670,4331,2138,2193,398,187,211,324,188,136,30,12,18,198,86,112
2015,119,Delta County,5299,2621,2678,4330,2138,2192,405,191,214,333,193,140,30,12,18,201,87,114
2016,119,Delta County,5323,2634,2689,4331,2139,2192,414,195,219,343,198,145,30,12,18,205,90,115
2017,119,Delta County,5340,2647,2693,4328,2142,2186,421,199,222,353,203,150,30,12,18,208,91,117
2018,119,Delta County,5355,2659,2696,4322,2142,2180,429,204,225,363,208,155,30,12,18,211,93,118
2019,119,Delta County,5366,2668,2698,4311,2140,2171,438,209,229,373,213,160,30,12,18,214,94,120
2020,119,Delta County,5367,2667,2700,4292,2128,2164,446,213,233,383,218,165,30,12,18,216,96,120
2021,119,Delta County,5370,2672,2698,4275,2122,2153,452,217,235,394,224,170,30,12,18,219,97,122
2022,119,Delta County,5375,2682,2693,4261,2123,2138,457,219,238,405,230,175,30,12,18,222,98,124
2023,119,Delta County,5382,2691,2691,4246,2121,2125,464,222,242,416,236,180,30,12,18,226,100,126
2024,119,Delta County,5375,2691,2684,4218,2110,2108,470,225,245,427,242,185,30,12,18,230,102,128
2025,119,Delta County,5371,2697,2674,4196,2106,2090,473,227,246,438,248,190,30,12,18,234,104,130
2026,119,Delta County,5366,2702,2664,4174,2101,2073,476,229,247,449,254,195,30,12,18,237,106,131
2027,119,Delta County,5370,2707,2663,4160,2097,2063,479,230,249,460,260,200,30,12,18,241,108,133
2028,119,Delta County,5367,2712,2655,4140,2092,2048,483,232,251,471,266,205,30,12,18,243,110,133
2029,119,Delta County,5366,2714,2652,4122,2086,2036,486,234,252,481,270,211,30,12,18,247,112,135
2030,119,Delta County,5360,2715,2645,4101,2080,2021,491,237,254,492,275,217,30,12,18,246,111,135
2031,119,Delta County,5349,2711,2638,4074,2067,2007,493,239,254,503,280,223,30,12,18,249,113,136
2032,119,Delta County,5342,2709,2633,4048,2055,1993,497,241,256,516,287,229,30,12,18,251,114,137
2033,119,Delta County,5333,2706,2627,4024,2045,1979,498,241,257,528,294,234,30,12,18,253,114,139
2034,119,Delta County,5323,2703,2620,3994,2032,1962,501,242,259,541,301,240,31,13,18,256,115,141
2035,119,Delta County,5311,2694,2617,3965,2018,1947,503,242,261,553,306,247,32,13,19,258,115,143
2036,119,Delta County,5296,2684,2612,3932,2000,1932,504,242,262,565,311,254,33,14,19,262,117,145
2037,119,Delta County,5283,2679,2604,3909,1992,1917,508,244,264,568,311,257,34,14,20,264,118,146
2038,119,Delta County,5269,2677,2592,3885,1983,1902,507,245,262,577,315,262,35,15,20,265,119,146
2039,119,Delta County,5253,2666,2587,3852,1964,1888,510,247,263,590,322,268,36,15,21,265,118,147
2040,119,Delta County,5238,2660,2578,3820,1948,1872,511,248,263,603,329,274,37,16,21,267,119,148
2041,119,Delta County,5210,2645,2565,3788,1930,1858,511,248,263,611,335,276,36,15,21,264,117,147
2042,119,Delta County,5198,2635,2563,3763,1916,1847,513,249,264,620,337,283,36,15,21,266,118,148
2043,119,Delta County,5176,2626,2550,3735,1904,1831,511,248,263,629,342,287,35,15,20,266,117,149
2044,119,Delta County,5145,2612,2533,3695,1887,1808,512,249,263,639,346,293,34,14,20,265,116,149
2045,119,Delta County,5123,2596,2527,3665,1873,1792,511,247,264,646,346,300,34,14,20,267,116,151
2046,119,Delta County,5089,2581,2508,3640,1862,1778,508,247,261,641,342,299,34,14,20,266,116,150
2047,119,Delta County,5065,2577,2488,3610,1853,1757,509,247,262,645,346,299,34,14,20,267,117,150
2048,119,Delta County,5041,2562,2479,3583,1840,1743,508,247,261,652,348,304,34,14,20,264,113,151
2049,119,Delta County,5018,2552,2466,3555,1829,1726,505,246,259,661,352,309,34,14,20,263,111,152
2050,119,Delta County,5006,2548,2458,3533,1819,1714,503,245,258,672,358,314,33,14,19,265,112,153
2010,121,Denton County,662614,325960,336654,426887,209951,216936,54034,25551,28483,120836,61046,59790,43091,20741,22350,17766,8671,9095
2011,121,Denton County,683294,336024,347270,435351,214133,221218,57727,27242,30485,125737,63417,62320,45981,22208,23773,18498,9024,9474
2012,121,Denton County,704784,346440,358344,443945,218351,225594,61656,29032,32624,130854,65883,64971,49059,23780,25279,19270,9394,9876
2013,121,Denton County,726593,356958,369635,452319,222461,229858,65784,30898,34886,136120,68406,67714,52298,25425,26873,20072,9768,10304
2014,121,Denton County,748863,367707,381156,460547,226488,234059,70121,32863,37258,141552,71012,70540,55730,27178,28552,20913,10166,10747
2015,121,Denton County,771650,378690,392960,468664,230465,238199,74661,34908,39753,147139,73689,73450,59400,29047,30353,21786,10581,11205
2016,121,Denton County,795148,389979,405169,476790,234420,242370,79436,37054,42382,152953,76469,76484,63279,31027,32252,22690,11009,11681
2017,121,Denton County,819473,401646,417827,484974,238387,246587,84496,39317,45179,158951,79343,79608,67431,33145,34286,23621,11454,12167
2018,121,Denton County,844647,413681,430966,493214,242373,250841,89800,41676,48124,165139,82309,82830,71891,35405,36486,24603,11918,12685
2019,121,Denton County,870776,426112,444664,501540,246375,255165,95409,44161,51248,171566,85361,86205,76649,37813,38836,25612,12402,13210
2020,121,Denton County,897869,438994,458875,509920,250398,259522,101318,46770,54548,178191,88522,89669,81756,40397,41359,26684,12907,13777
2021,121,Denton County,925539,452182,473357,518070,254344,263726,107535,49514,58021,184951,91732,93219,87190,43164,44026,27793,13428,14365
2022,121,Denton County,954359,465918,488441,526322,258338,267984,114057,52384,61673,191974,95072,96902,93033,46126,46907,28973,13998,14975
2023,121,Denton County,984416,480176,504240,534690,262367,272323,120914,55391,65523,199259,98519,100740,99342,49306,50036,30211,14593,15618
2024,121,Denton County,1015833,495024,520809,543159,266430,276729,128164,58555,69609,206820,102081,104739,106169,52739,53430,31521,15219,16302
2025,121,Denton County,1048568,510497,538071,551755,270547,281208,135748,61869,73879,214649,105768,108881,113508,56421,57087,32908,15892,17016
2026,121,Denton County,1082733,526621,556112,560476,274731,285745,143704,65323,78381,222769,109578,113191,121414,60388,61026,34370,16601,17769
2027,121,Denton County,1118312,543408,574904,569250,278955,290295,152063,68944,83119,231173,113511,117662,129910,64646,65264,35916,17352,18564
2028,121,Denton County,1155281,560808,594473,578050,283173,294877,160821,72722,88099,239852,117564,122288,139016,69216,69800,37542,18133,19409
2029,121,Denton County,1193714,578893,614821,586957,287433,299524,169981,76659,93322,248798,121733,127065,148724,74107,74617,39254,18961,20293
2030,121,Denton County,1233655,597688,635967,595975,291761,304214,179558,80778,98780,257985,126007,131978,159077,79316,79761,41060,19826,21234
2031,121,Denton County,1274951,617098,657853,604936,296060,308876,189608,85085,104523,267386,130368,137018,170086,84860,85226,42935,20725,22210
2032,121,Denton County,1317682,637161,680521,613869,300339,313530,200173,89602,110571,277005,134830,142175,181752,90734,91018,44883,21656,23227
2033,121,Denton County,1361800,657861,703939,622680,304564,318116,211267,94338,116929,286822,139368,147454,194137,96978,97159,46894,22613,24281
2034,121,Denton County,1407176,679138,728038,631318,308721,322597,222881,99280,123601,296820,143987,152833,207196,103564,103632,48961,23586,25375
2035,121,Denton County,1453832,701017,752815,639753,312787,326966,235064,104464,130600,306976,148669,158307,220952,110509,110443,51087,24588,26499
2036,121,Denton County,1501727,723426,778301,647929,316730,331199,247816,109875,137941,317318,153423,163895,235400,117807,117593,53264,25591,27673
2037,121,Denton County,1550871,746424,804447,655845,320557,335288,261148,115532,145616,327822,158246,169576,250582,125484,125098,55474,26605,28869
2038,121,Denton County,1601256,769980,831276,663499,324269,339230,275095,121434,153661,338477,163130,175347,266441,133516,132925,57744,27631,30113
2039,121,Denton County,1652887,794127,858760,670855,327850,343005,289657,127594,162063,349315,168086,181229,283013,141947,141066,60047,28650,31397
2040,121,Denton County,1705724,818799,886925,677918,331302,346616,304849,134007,170842,360299,173094,187205,300290,150741,149549,62368,29655,32713
2041,121,Denton County,1759860,844061,915799,684667,334602,350065,320694,140695,179999,371461,178167,193294,318302,159926,158376,64736,30671,34065
2042,121,Denton County,1815318,869899,945419,691080,337745,353335,337187,147646,189541,382804,183310,199494,337133,169545,167588,67114,31653,35461
2043,121,Denton County,1872259,896419,975840,697182,340759,356423,354382,154885,199497,394344,188531,205813,356815,179594,177221,69536,32650,36886
2044,121,Denton County,1930758,923630,1007128,703009,343644,359365,372270,162408,209862,406078,193836,212242,377416,190110,187306,71985,33632,38353
2045,121,Denton County,1990969,951602,1039367,708596,346416,362180,390868,170231,220637,418003,199211,218792,399024,201130,197894,74478,34614,39864
2046,121,Denton County,2052991,980402,1072589,713968,349093,364875,410207,178367,231840,430140,204679,225461,421660,212652,209008,77016,35611,41405
2047,121,Denton County,2117110,1010141,1106969,719222,351705,367517,430298,186811,243487,442506,210232,232274,445468,224760,220708,79616,36633,42983
2048,121,Denton County,2183375,1040867,1142508,724338,354253,370085,451157,195578,255579,455101,215871,239230,470487,237482,233005,82292,37683,44609
2049,121,Denton County,2251954,1072660,1179294,729359,356771,372588,472817,204676,268141,467925,221603,246322,496800,250849,245951,85053,38761,46292
2050,121,Denton County,2323056,1105627,1217429,734299,359248,375051,495315,214128,281187,480999,227443,253556,524520,264918,259602,87923,39890,48033
2010,123,De Witt County,20097,10447,9650,11482,5716,5766,1781,1047,734,6502,3538,2964,44,18,26,288,128,160
2011,123,De Witt County,20217,10528,9689,11480,5729,5751,1784,1050,734,6614,3600,3014,45,18,27,294,131,163
2012,123,De Witt County,20365,10627,9738,11488,5747,5741,1791,1056,735,6739,3670,3069,46,19,27,301,135,166
2013,123,De Witt County,20526,10733,9793,11509,5772,5737,1803,1068,735,6860,3736,3124,47,19,28,307,138,169
2014,123,De Witt County,20693,10847,9846,11525,5791,5734,1822,1086,736,6984,3808,3176,48,20,28,314,142,172
2015,123,De Witt County,20855,10940,9915,11548,5807,5741,1825,1088,737,7111,3879,3232,49,20,29,322,146,176
2016,123,De Witt County,21030,11047,9983,11579,5832,5747,1829,1091,738,7243,3953,3290,50,21,29,329,150,179
2017,123,De Witt County,21199,11141,10058,11610,5852,5758,1833,1096,737,7366,4017,3349,51,21,30,339,155,184
2018,123,De Witt County,21374,11242,10132,11633,5863,5770,1843,1105,738,7498,4092,3406,52,22,30,348,160,188
2019,123,De Witt County,21573,11358,10215,11688,5902,5786,1843,1104,739,7629,4163,3466,53,22,31,360,167,193
2020,123,De Witt County,21737,11454,10283,11717,5921,5796,1840,1107,733,7759,4233,3526,54,23,31,367,170,197
2021,123,De Witt County,21907,11553,10354,11753,5949,5804,1839,1107,732,7883,4298,3585,55,23,32,377,176,201
2022,123,De Witt County,22077,11660,10417,11775,5969,5806,1838,1112,726,8018,4373,3645,56,24,32,390,182,208
2023,123,De Witt County,22237,11749,10488,11800,5987,5813,1837,1113,724,8141,4437,3704,57,24,33,402,188,214
2024,123,De Witt County,22397,11845,10552,11821,6002,5819,1838,1116,722,8266,4508,3758,58,25,33,414,194,220
2025,123,De Witt County,22556,11954,10602,11839,6018,5821,1848,1129,719,8384,4582,3802,59,25,34,426,200,226
2026,123,De Witt County,22712,12048,10664,11852,6029,5823,1847,1131,716,8517,4657,3860,60,26,34,436,205,231
2027,123,De Witt County,22869,12144,10725,11863,6040,5823,1853,1136,717,8645,4732,3913,61,26,35,447,210,237
2028,123,De Witt County,23007,12234,10773,11876,6057,5819,1843,1135,708,8772,4801,3971,62,27,35,454,214,240
2029,123,De Witt County,23127,12315,10812,11865,6058,5807,1844,1137,707,8894,4875,4019,63,27,36,461,218,243
2030,123,De Witt County,23242,12386,10856,11858,6064,5794,1838,1134,704,9015,4940,4075,64,28,36,467,220,247
2031,123,De Witt County,23369,12467,10902,11854,6072,5782,1833,1135,698,9140,5007,4133,65,28,37,477,225,252
2032,123,De Witt County,23480,12544,10936,11837,6073,5764,1834,1142,692,9258,5071,4187,66,29,37,485,229,256
2033,123,De Witt County,23565,12594,10971,11815,6065,5750,1829,1143,686,9365,5128,4237,67,29,38,489,229,260
2034,123,De Witt County,23674,12668,11006,11798,6070,5728,1825,1145,680,9486,5191,4295,68,30,38,497,232,265
2035,123,De Witt County,23748,12722,11026,11758,6056,5702,1823,1146,677,9596,5255,4341,69,30,39,502,235,267
2036,123,De Witt County,23839,12785,11054,11742,6057,5685,1821,1147,674,9699,5313,4386,70,31,39,507,237,270
2037,123,De Witt County,23913,12837,11076,11716,6048,5668,1815,1147,668,9800,5371,4429,69,30,39,513,241,272
2038,123,De Witt County,23997,12896,11101,11695,6047,5648,1806,1144,662,9903,5428,4475,69,30,39,524,247,277
2039,123,De Witt County,24070,12940,11130,11663,6036,5627,1805,1147,658,10006,5483,4523,69,29,40,527,245,282
2040,123,De Witt County,24149,12999,11150,11640,6030,5610,1801,1147,654,10108,5544,4564,69,30,39,531,248,283
2041,123,De Witt County,24209,13043,11166,11625,6028,5597,1792,1145,647,10187,5590,4597,69,30,39,536,250,286
2042,123,De Witt County,24305,13119,11186,11609,6028,5581,1787,1149,638,10292,5653,4639,69,31,38,548,258,290
2043,123,De Witt County,24377,13170,11207,11594,6025,5569,1785,1152,633,10378,5707,4671,70,31,39,550,255,295
2044,123,De Witt County,24456,13230,11226,11586,6028,5558,1775,1149,626,10463,5759,4704,71,32,39,561,262,299
2045,123,De Witt County,24531,13280,11251,11584,6034,5550,1765,1143,622,10544,5807,4737,72,32,40,566,264,302
2046,123,De Witt County,24599,13332,11267,11569,6037,5532,1756,1140,616,10625,5853,4772,73,33,40,576,269,307
2047,123,De Witt County,24681,13394,11287,11565,6042,5523,1749,1137,612,10713,5912,4801,74,34,40,580,269,311
2048,123,De Witt County,24738,13425,11313,11553,6040,5513,1737,1126,611,10786,5953,4833,73,34,39,589,272,317
2049,123,De Witt County,24806,13482,11324,11542,6042,5500,1730,1123,607,10865,6010,4855,74,34,40,595,273,322
2050,123,De Witt County,24879,13533,11346,11541,6052,5489,1721,1120,601,10939,6050,4889,75,35,40,603,276,327
2010,125,Dickens County,2444,1383,1061,1590,823,767,92,78,14,708,448,260,18,11,7,36,23,13
2011,125,Dickens County,2388,1356,1032,1536,800,736,93,79,14,705,443,262,18,11,7,36,23,13
2012,125,Dickens County,2345,1336,1009,1495,782,713,93,79,14,703,441,262,18,11,7,36,23,13
2013,125,Dickens County,2311,1318,993,1461,766,695,93,79,14,703,439,264,18,11,7,36,23,13
2014,125,Dickens County,2283,1307,976,1433,756,677,93,79,14,703,438,265,18,11,7,36,23,13
2015,125,Dickens County,2258,1296,962,1410,747,663,92,78,14,702,438,264,18,11,7,36,22,14
2016,125,Dickens County,2234,1287,947,1382,735,647,94,80,14,703,438,265,18,11,7,37,23,14
2017,125,Dickens County,2223,1285,938,1366,730,636,94,80,14,707,441,266,18,11,7,38,23,15
2018,125,Dickens County,2204,1276,928,1346,720,626,94,80,14,708,441,267,18,11,7,38,24,14
2019,125,Dickens County,2188,1268,920,1326,709,617,95,81,14,710,443,267,18,11,7,39,24,15
2020,125,Dickens County,2174,1266,908,1310,703,607,96,82,14,710,445,265,18,11,7,40,25,15
2021,125,Dickens County,2149,1252,897,1286,689,597,95,81,14,710,447,263,18,11,7,40,24,16
2022,125,Dickens County,2126,1243,883,1263,678,585,95,81,14,709,448,261,18,11,7,41,25,16
2023,125,Dickens County,2101,1237,864,1240,671,569,94,80,14,708,451,257,18,11,7,41,24,17
2024,125,Dickens County,2082,1232,850,1221,663,558,94,80,14,709,454,255,18,11,7,40,24,16
2025,125,Dickens County,2066,1224,842,1200,653,547,94,80,14,713,456,257,18,11,7,41,24,17
2026,125,Dickens County,2053,1223,830,1183,648,535,94,80,14,716,459,257,18,11,7,42,25,17
2027,125,Dickens County,2044,1220,824,1172,645,527,95,81,14,716,458,258,18,11,7,43,25,18
2028,125,Dickens County,2028,1213,815,1155,636,519,95,81,14,717,459,258,18,11,7,43,26,17
2029,125,Dickens County,2014,1208,806,1141,631,510,94,80,14,717,460,257,18,11,7,44,26,18
2030,125,Dickens County,2002,1202,800,1128,624,504,94,80,14,717,460,257,18,11,7,45,27,18
2031,125,Dickens County,1985,1192,793,1111,614,497,94,80,14,715,460,255,18,11,7,47,27,20
2032,125,Dickens County,1974,1191,783,1098,609,489,93,79,14,717,464,253,18,11,7,48,28,20
2033,125,Dickens County,1956,1183,773,1084,603,481,91,78,13,714,463,251,18,11,7,49,28,21
2034,125,Dickens County,1941,1175,766,1071,597,474,91,78,13,711,460,251,18,11,7,50,29,21
2035,125,Dickens County,1929,1172,757,1056,592,464,92,79,13,712,461,251,18,11,7,51,29,22
2036,125,Dickens County,1913,1166,747,1040,586,454,92,79,13,711,460,251,18,11,7,52,30,22
2037,125,Dickens County,1899,1163,736,1027,582,445,92,79,13,709,461,248,18,11,7,53,30,23
2038,125,Dickens County,1882,1157,725,1011,576,435,91,78,13,708,461,247,18,11,7,54,31,23
2039,125,Dickens County,1865,1149,716,995,568,427,91,78,13,707,462,245,18,11,7,54,30,24
2040,125,Dickens County,1848,1142,706,982,563,419,91,78,13,702,459,243,18,11,7,55,31,24
2041,125,Dickens County,1831,1135,696,968,557,411,91,78,13,699,459,240,18,11,7,55,30,25
2042,125,Dickens County,1817,1128,689,957,552,405,91,78,13,696,457,239,18,11,7,55,30,25
2043,125,Dickens County,1798,1118,680,941,543,398,90,77,13,693,457,236,18,11,7,56,30,26
2044,125,Dickens County,1776,1108,668,924,534,390,90,77,13,691,458,233,17,10,7,54,29,25
2045,125,Dickens County,1758,1099,659,906,524,382,90,77,13,690,459,231,17,10,7,55,29,26
2046,125,Dickens County,1737,1086,651,889,514,375,90,77,13,685,455,230,17,10,7,56,30,26
2047,125,Dickens County,1720,1077,643,874,506,368,89,76,13,683,455,228,17,10,7,57,30,27
2048,125,Dickens County,1704,1069,635,863,501,362,89,76,13,678,452,226,17,10,7,57,30,27
2049,125,Dickens County,1694,1066,628,854,496,358,88,76,12,677,454,223,17,10,7,58,30,28
2050,125,Dickens County,1677,1056,621,844,491,353,87,75,12,671,450,221,17,10,7,58,30,28
2010,127,Dimmit County,9996,4839,5157,1217,620,597,81,44,37,8616,4138,4478,51,20,31,31,17,14
2011,127,Dimmit County,10121,4909,5212,1228,627,601,83,45,38,8726,4200,4526,52,20,32,32,17,15
2012,127,Dimmit County,10267,4987,5280,1241,634,607,85,46,39,8855,4268,4587,53,21,32,33,18,15
2013,127,Dimmit County,10420,5069,5351,1254,642,612,87,47,40,8992,4342,4650,54,21,33,33,17,16
2014,127,Dimmit County,10598,5166,5432,1270,651,619,89,48,41,9150,4427,4723,55,22,33,34,18,16
2015,127,Dimmit County,10769,5262,5507,1284,661,623,91,49,42,9303,4512,4791,56,22,34,35,18,17
2016,127,Dimmit County,10955,5365,5590,1300,671,629,93,50,43,9470,4603,4867,57,23,34,35,18,17
2017,127,Dimmit County,11140,5475,5665,1314,680,634,95,51,44,9637,4703,4934,58,23,35,36,18,18
2018,127,Dimmit County,11335,5589,5746,1329,689,640,97,52,45,9813,4805,5008,59,24,35,37,19,18
2019,127,Dimmit County,11533,5704,5829,1343,699,644,99,53,46,9993,4909,5084,60,24,36,38,19,19
2020,127,Dimmit County,11743,5824,5919,1355,704,651,101,54,47,10188,5022,5166,61,25,36,38,19,19
2021,127,Dimmit County,11974,5954,6020,1368,712,656,103,55,48,10403,5143,5260,62,25,37,38,19,19
2022,127,Dimmit County,12197,6083,6114,1378,715,663,105,56,49,10612,5266,5346,63,26,37,39,20,19
2023,127,Dimmit County,12426,6217,6209,1388,721,667,107,57,50,10827,5393,5434,64,26,38,40,20,20
2024,127,Dimmit County,12652,6348,6304,1398,724,674,108,58,50,11041,5518,5523,65,27,38,40,21,19
2025,127,Dimmit County,12886,6481,6405,1405,728,677,110,59,51,11264,5646,5618,66,27,39,41,21,20
2026,127,Dimmit County,13120,6616,6504,1410,730,680,111,60,51,11489,5776,5713,67,28,39,43,22,21
2027,127,Dimmit County,13362,6751,6611,1418,733,685,113,61,52,11718,5906,5812,68,28,40,45,23,22
2028,127,Dimmit County,13600,6886,6714,1422,736,686,115,62,53,11947,6035,5912,69,29,40,47,24,23
2029,127,Dimmit County,13837,7017,6820,1428,738,690,117,63,54,12174,6162,6012,69,29,40,49,25,24
2030,127,Dimmit County,14065,7146,6919,1429,737,692,119,64,55,12396,6289,6107,70,30,40,51,26,25
2031,127,Dimmit County,14302,7276,7026,1431,737,694,121,65,56,12626,6417,6209,71,30,41,53,27,26
2032,127,Dimmit County,14534,7397,7137,1431,735,696,123,66,57,12854,6538,6316,72,31,41,54,27,27
2033,127,Dimmit County,14771,7534,7237,1434,737,697,126,67,59,13082,6671,6411,73,31,42,56,28,28
2034,127,Dimmit County,14992,7659,7333,1434,740,694,129,69,60,13297,6789,6508,74,32,42,58,29,29
2035,127,Dimmit County,15224,7795,7429,1434,742,692,132,70,62,13523,6921,6602,75,32,43,60,30,30
2036,127,Dimmit County,15461,7928,7533,1437,743,694,135,72,63,13751,7049,6702,76,33,43,62,31,31
2037,127,Dimmit County,15694,8066,7628,1439,745,694,136,72,64,13980,7185,6795,75,32,43,64,32,32
2038,127,Dimmit County,15931,8196,7735,1440,745,695,139,74,65,14210,7311,6899,76,33,43,66,33,33
2039,127,Dimmit County,16171,8337,7834,1441,745,696,142,75,67,14445,7451,6994,76,33,43,67,33,34
2040,127,Dimmit County,16413,8484,7929,1439,742,697,145,77,68,14683,7597,7086,77,34,43,69,34,35
2041,127,Dimmit County,16665,8619,8046,1448,746,702,148,78,70,14920,7726,7194,78,34,44,71,35,36
2042,127,Dimmit County,16903,8755,8148,1445,743,702,151,80,71,15156,7861,7295,79,35,44,72,36,36
2043,127,Dimmit County,17146,8890,8256,1453,746,707,153,81,72,15386,7992,7394,80,35,45,74,36,38
2044,127,Dimmit County,17410,9042,8368,1455,747,708,155,82,73,15642,8139,7503,81,36,45,77,38,39
2045,127,Dimmit County,17682,9193,8489,1459,748,711,158,83,75,15904,8287,7617,82,36,46,79,39,40
2046,127,Dimmit County,17951,9343,8608,1465,750,715,160,85,75,16161,8430,7731,83,37,46,82,41,41
2047,127,Dimmit County,18223,9493,8730,1470,751,719,160,83,77,16425,8581,7844,84,37,47,84,41,43
2048,127,Dimmit County,18499,9651,8848,1475,757,718,162,84,78,16690,8729,7961,85,38,47,87,43,44
2049,127,Dimmit County,18780,9807,8973,1483,758,725,164,84,80,16958,8884,8074,86,38,48,89,43,46
2050,127,Dimmit County,19067,9971,9096,1496,765,731,165,85,80,17228,9037,8191,86,39,47,92,45,47
2010,129,Donley County,3677,1825,1852,3136,1566,1570,163,75,88,309,157,152,9,5,4,60,22,38
2011,129,Donley County,3623,1793,1830,3070,1529,1541,166,76,90,317,161,156,9,5,4,61,22,39
2012,129,Donley County,3582,1770,1812,3017,1498,1519,169,78,91,325,166,159,9,5,4,62,23,39
2013,129,Donley County,3562,1756,1806,2984,1478,1506,172,79,93,334,171,163,9,5,4,63,23,40
2014,129,Donley County,3542,1739,1803,2950,1454,1496,175,81,94,343,175,168,9,5,4,65,24,41
2015,129,Donley County,3524,1729,1795,2917,1435,1482,179,83,96,352,181,171,9,5,4,67,25,42
2016,129,Donley County,3509,1715,1794,2884,1413,1471,186,85,101,361,186,175,9,5,4,69,26,43
2017,129,Donley County,3488,1699,1789,2846,1389,1457,190,87,103,372,191,181,9,5,4,71,27,44
2018,129,Donley County,3461,1684,1777,2803,1365,1438,195,90,105,381,196,185,9,5,4,73,28,45
2019,129,Donley County,3440,1674,1766,2767,1346,1421,199,93,106,391,202,189,9,5,4,74,28,46
2020,129,Donley County,3410,1657,1753,2722,1321,1401,203,95,108,400,207,193,9,5,4,76,29,47
2021,129,Donley County,3386,1642,1744,2683,1298,1385,207,97,110,409,212,197,9,5,4,78,30,48
2022,129,Donley County,3357,1623,1734,2641,1272,1369,209,98,111,418,217,201,9,5,4,80,31,49
2023,129,Donley County,3325,1606,1719,2594,1247,1347,213,100,113,427,222,205,9,5,4,82,32,50
2024,129,Donley County,3301,1593,1708,2555,1226,1329,217,102,115,436,227,209,9,5,4,84,33,51
2025,129,Donley County,3272,1577,1695,2511,1202,1309,221,104,117,445,232,213,9,5,4,86,34,52
2026,129,Donley County,3245,1561,1684,2471,1180,1291,225,106,119,453,236,217,9,5,4,87,34,53
2027,129,Donley County,3211,1540,1671,2422,1151,1271,229,108,121,462,241,221,9,5,4,89,35,54
2028,129,Donley County,3179,1522,1657,2375,1125,1250,233,110,123,471,246,225,9,5,4,91,36,55
2029,129,Donley County,3150,1503,1647,2335,1099,1236,235,111,124,480,251,229,9,5,4,91,37,54
2030,129,Donley County,3118,1486,1632,2292,1076,1216,237,112,125,487,255,232,9,5,4,93,38,55
2031,129,Donley County,3086,1468,1618,2251,1056,1195,239,112,127,494,257,237,9,5,4,93,38,55
2032,129,Donley County,3061,1457,1604,2210,1036,1174,242,114,128,505,263,242,9,5,4,95,39,56
2033,129,Donley County,3034,1446,1588,2171,1019,1152,243,115,128,514,267,247,9,5,4,97,40,57
2034,129,Donley County,3008,1436,1572,2131,1002,1129,246,117,129,524,272,252,9,5,4,98,40,58
2035,129,Donley County,2989,1430,1559,2099,989,1110,248,118,130,532,276,256,9,5,4,101,42,59
2036,129,Donley County,2961,1417,1544,2060,971,1089,249,119,130,541,280,261,9,5,4,102,42,60
2037,129,Donley County,2934,1410,1524,2021,958,1063,250,119,131,550,285,265,9,5,4,104,43,61
2038,129,Donley County,2913,1403,1510,1989,944,1045,250,120,130,559,289,270,9,5,4,106,45,61
2039,129,Donley County,2890,1392,1498,1953,927,1026,253,121,132,568,294,274,9,5,4,107,45,62
2040,129,Donley County,2866,1384,1482,1915,912,1003,255,122,133,578,299,279,9,5,4,109,46,63
2041,129,Donley County,2827,1366,1461,1871,893,978,257,123,134,580,299,281,9,5,4,110,46,64
2042,129,Donley County,2803,1355,1448,1833,875,958,260,125,135,589,303,286,9,5,4,112,47,65
2043,129,Donley County,2781,1345,1436,1802,861,941,263,126,137,595,306,289,9,5,4,112,47,65
2044,129,Donley County,2753,1332,1421,1765,843,922,265,126,139,601,310,291,9,5,4,113,48,65
2045,129,Donley County,2715,1317,1398,1734,831,903,266,125,141,592,307,285,9,5,4,114,49,65
2046,129,Donley County,2684,1299,1385,1702,814,888,269,126,143,590,304,286,9,5,4,114,50,64
2047,129,Donley County,2652,1282,1370,1668,800,868,270,125,145,590,302,288,9,5,4,115,50,65
2048,129,Donley County,2631,1274,1357,1639,787,852,270,126,144,596,305,291,9,5,4,117,51,66
2049,129,Donley County,2607,1265,1342,1607,773,834,272,128,144,601,308,293,9,5,4,118,51,67
2050,129,Donley County,2589,1261,1328,1582,763,819,272,129,143,606,312,294,9,5,4,120,52,68
2010,131,Duval County,11782,6077,5705,1206,687,519,86,81,5,10424,5279,5145,17,8,9,49,22,27
2011,131,Duval County,11783,6079,5704,1209,686,523,87,81,6,10420,5282,5138,17,8,9,50,22,28
2012,131,Duval County,11794,6083,5711,1214,687,527,88,82,6,10424,5283,5141,17,8,9,51,23,28
2013,131,Duval County,11809,6092,5717,1224,693,531,88,81,7,10428,5287,5141,17,8,9,52,23,29
2014,131,Duval County,11819,6099,5720,1234,698,536,89,82,7,10426,5287,5139,17,8,9,53,24,29
2015,131,Duval County,11824,6101,5723,1244,700,544,90,82,8,10419,5287,5132,17,8,9,54,24,30
2016,131,Duval County,11836,6111,5725,1262,709,553,89,81,8,10413,5288,5125,17,8,9,55,25,30
2017,131,Duval County,11822,6102,5720,1269,710,559,88,79,9,10392,5280,5112,17,8,9,56,25,31
2018,131,Duval County,11814,6102,5712,1280,715,565,89,80,9,10371,5273,5098,17,8,9,57,26,31
2019,131,Duval County,11803,6093,5710,1289,720,569,90,80,10,10349,5259,5090,17,8,9,58,26,32
2020,131,Duval County,11796,6084,5712,1291,718,573,90,80,10,10339,5251,5088,17,8,9,59,27,32
2021,131,Duval County,11771,6068,5703,1301,720,581,90,79,11,10304,5234,5070,17,8,9,59,27,32
2022,131,Duval County,11727,6041,5686,1300,717,583,89,78,11,10261,5210,5051,17,8,9,60,28,32
2023,131,Duval County,11698,6020,5678,1305,719,586,89,77,12,10226,5188,5038,17,8,9,61,28,33
2024,131,Duval County,11658,6006,5652,1307,720,587,89,77,12,10183,5172,5011,17,8,9,62,29,33
2025,131,Duval County,11627,5990,5637,1313,724,589,89,76,13,10145,5153,4992,17,8,9,63,29,34
2026,131,Duval County,11569,5966,5603,1314,727,587,89,76,13,10084,5125,4959,17,8,9,65,30,35
2027,131,Duval County,11533,5953,5580,1311,725,586,89,75,14,10049,5114,4935,17,8,9,67,31,36
2028,131,Duval County,11478,5926,5552,1315,726,589,89,75,14,9988,5085,4903,17,8,9,69,32,37
2029,131,Duval County,11417,5898,5519,1312,726,586,89,74,15,9929,5057,4872,17,8,9,70,33,37
2030,131,Duval County,11363,5875,5488,1313,726,587,90,75,15,9872,5032,4840,17,8,9,71,34,37
2031,131,Duval County,11302,5846,5456,1308,724,584,91,75,16,9812,5004,4808,17,8,9,74,35,39
2032,131,Duval County,11239,5817,5422,1310,725,585,91,75,16,9745,4973,4772,17,8,9,76,36,40
2033,131,Duval County,11186,5791,5395,1312,726,586,92,75,17,9687,4945,4742,17,8,9,78,37,41
2034,131,Duval County,11120,5759,5361,1313,726,587,93,76,17,9617,4911,4706,17,8,9,80,38,42
2035,131,Duval County,11056,5728,5328,1314,726,588,94,76,18,9549,4879,4670,17,8,9,82,39,43
2036,131,Duval County,10988,5699,5289,1321,730,591,95,77,18,9472,4844,4628,17,8,9,83,40,43
2037,131,Duval County,10913,5664,5249,1320,731,589,96,77,19,9396,4807,4589,17,8,9,84,41,43
2038,131,Duval County,10839,5624,5215,1319,728,591,97,78,19,9321,4769,4552,17,8,9,85,41,44
2039,131,Duval County,10774,5591,5183,1321,729,592,98,78,20,9252,4735,4517,17,8,9,86,41,45
2040,131,Duval County,10699,5557,5142,1322,728,594,99,79,20,9175,4700,4475,16,8,8,87,42,45
2041,131,Duval County,10627,5530,5097,1323,728,595,100,79,21,9099,4671,4428,15,8,7,90,44,46
2042,131,Duval County,10559,5498,5061,1326,730,596,101,80,21,9027,4637,4390,15,8,7,90,43,47
2043,131,Duval County,10483,5465,5018,1327,729,598,102,80,22,8947,4604,4343,15,8,7,92,44,48
2044,131,Duval County,10426,5437,4989,1332,732,600,103,81,22,8884,4572,4312,15,8,7,92,44,48
2045,131,Duval County,10353,5397,4956,1335,734,601,104,81,23,8808,4531,4277,15,8,7,91,43,48
2046,131,Duval County,10276,5362,4914,1333,736,597,105,82,23,8729,4490,4239,15,8,7,94,46,48
2047,131,Duval County,10202,5327,4875,1335,738,597,104,80,24,8656,4457,4199,14,8,6,93,44,49
2048,131,Duval County,10128,5296,4832,1338,740,598,104,80,24,8575,4421,4154,14,8,6,97,47,50
2049,131,Duval County,10053,5255,4798,1340,740,600,104,79,25,8499,4383,4116,14,8,6,96,45,51
2050,131,Duval County,9970,5218,4752,1339,739,600,105,79,26,8413,4345,4068,14,8,6,99,47,52
2010,133,Eastland County,18583,9071,9512,15271,7342,7929,318,190,128,2673,1380,1293,62,27,35,259,132,127
2011,133,Eastland County,18530,9078,9452,15142,7305,7837,317,189,128,2740,1420,1320,64,28,36,267,136,131
2012,133,Eastland County,18485,9092,9393,15018,7269,7749,315,188,127,2812,1466,1346,65,29,36,275,140,135
2013,133,Eastland County,18458,9118,9340,14907,7244,7663,316,187,129,2886,1514,1372,66,29,37,283,144,139
2014,133,Eastland County,18445,9148,9297,14796,7215,7581,318,189,129,2973,1566,1407,67,30,37,291,148,143
2015,133,Eastland County,18411,9169,9242,14669,7177,7492,320,189,131,3055,1620,1435,69,31,38,298,152,146
2016,133,Eastland County,18379,9184,9195,14546,7135,7411,322,190,132,3136,1672,1464,69,31,38,306,156,150
2017,133,Eastland County,18357,9204,9153,14427,7094,7333,326,192,134,3217,1725,1492,71,32,39,316,161,155
2018,133,Eastland County,18307,9215,9092,14286,7044,7242,331,196,135,3294,1778,1516,72,33,39,324,164,160
2019,133,Eastland County,18261,9212,9049,14144,6982,7162,336,199,137,3377,1831,1546,73,33,40,331,167,164
2020,133,Eastland County,18205,9209,8996,14002,6921,7081,337,201,136,3453,1882,1571,74,34,40,339,171,168
2021,133,Eastland County,18149,9204,8945,13852,6854,6998,342,203,139,3534,1937,1597,75,34,41,346,176,170
2022,133,Eastland County,18087,9202,8885,13697,6793,6904,345,205,140,3612,1988,1624,76,35,41,357,181,176
2023,133,Eastland County,18022,9192,8830,13531,6720,6811,350,207,143,3697,2045,1652,77,35,42,367,185,182
2024,133,Eastland County,17956,9189,8767,13368,6657,6711,353,208,145,3781,2099,1682,78,36,42,376,189,187
2025,133,Eastland County,17891,9185,8706,13206,6592,6614,357,210,147,3864,2154,1710,79,36,43,385,193,192
2026,133,Eastland County,17816,9180,8636,13038,6525,6513,362,213,149,3945,2209,1736,80,37,43,391,196,195
2027,133,Eastland County,17745,9168,8577,12880,6456,6424,366,215,151,4023,2261,1762,81,37,44,395,199,196
2028,133,Eastland County,17648,9141,8507,12703,6377,6326,368,217,151,4096,2308,1788,82,38,44,399,201,198
2029,133,Eastland County,17542,9117,8425,12515,6297,6218,370,218,152,4173,2360,1813,83,38,45,401,204,197
2030,133,Eastland County,17448,9105,8343,12334,6226,6108,372,220,152,4252,2414,1838,84,39,45,406,206,200
2031,133,Eastland County,17334,9084,8250,12135,6148,5987,374,220,154,4328,2468,1860,85,39,46,412,209,203
2032,133,Eastland County,17221,9056,8165,11937,6059,5878,379,223,156,4403,2521,1882,86,40,46,416,213,203
2033,133,Eastland County,17097,9013,8084,11743,5969,5774,381,225,156,4466,2565,1901,87,40,47,420,214,206
2034,133,Eastland County,16986,8983,8003,11555,5893,5662,382,225,157,4536,2608,1928,87,41,46,426,216,210
2035,133,Eastland County,16872,8952,7920,11371,5814,5557,385,227,158,4606,2658,1948,87,41,46,423,212,211
2036,133,Eastland County,16760,8919,7841,11176,5727,5449,386,227,159,4681,2707,1974,87,42,45,430,216,214
2037,133,Eastland County,16635,8882,7753,10984,5643,5341,387,228,159,4748,2753,1995,87,42,45,429,216,213
2038,133,Eastland County,16527,8856,7671,10797,5562,5235,388,228,160,4824,2808,2016,87,42,45,431,216,215
2039,133,Eastland County,16408,8813,7595,10610,5473,5137,391,229,162,4883,2851,2032,88,42,46,436,218,218
2040,133,Eastland County,16294,8782,7512,10428,5395,5033,394,231,163,4945,2895,2050,89,43,46,438,218,220
2041,133,Eastland County,16195,8757,7438,10251,5314,4937,396,233,163,5015,2946,2069,90,43,47,443,221,222
2042,133,Eastland County,16084,8710,7374,10074,5227,4847,399,234,165,5078,2987,2091,88,42,46,445,220,225
2043,133,Eastland County,15979,8678,7301,9909,5154,4755,400,235,165,5136,3027,2109,87,42,45,447,220,227
2044,133,Eastland County,15868,8644,7224,9734,5074,4660,401,235,166,5196,3072,2124,87,43,44,450,220,230
2045,133,Eastland County,15778,8615,7163,9578,5003,4575,403,236,167,5254,3111,2143,88,43,45,455,222,233
2046,133,Eastland County,15675,8583,7092,9415,4928,4487,404,236,168,5310,3155,2155,88,43,45,458,221,237
2047,133,Eastland County,15566,8553,7013,9255,4850,4405,405,236,169,5354,3200,2154,89,43,46,463,224,239
2048,133,Eastland County,15468,8515,6953,9103,4775,4328,404,234,170,5408,3238,2170,88,44,44,465,224,241
2049,133,Eastland County,15383,8487,6896,8954,4705,4249,404,234,170,5472,3282,2190,89,45,44,464,221,243
2050,133,Eastland County,15304,8462,6842,8810,4637,4173,403,233,170,5536,3327,2209,89,45,44,466,220,246
2010,135,Ector County,137130,67686,69444,56306,27536,28770,5596,2781,2815,72331,35957,36374,1004,472,532,1893,940,953
2011,135,Ector County,141074,69993,71081,56264,27637,28627,5816,2909,2907,75960,37974,37986,1088,509,579,1946,964,982
2012,135,Ector County,145199,72414,72785,56220,27733,28487,6053,3047,3006,79744,40092,39652,1176,549,627,2006,993,1013
2013,135,Ector County,149560,74958,74602,56216,27839,28377,6298,3194,3104,83702,42310,41392,1276,592,684,2068,1023,1045
2014,135,Ector County,154070,77602,76468,56215,27953,28262,6524,3328,3196,87819,44628,43191,1375,633,742,2137,1060,1077
2015,135,Ector County,158752,80358,78394,56194,28058,28136,6775,3479,3296,92116,47057,45059,1474,675,799,2193,1089,1104
2016,135,Ector County,163571,83207,80364,56147,28147,28000,7023,3629,3394,96565,49590,46975,1578,721,857,2258,1120,1138
2017,135,Ector County,168588,86169,82419,56094,28231,27863,7266,3773,3493,101218,52244,48974,1686,767,919,2324,1154,1170
2018,135,Ector County,173794,89252,84542,56019,28294,27725,7521,3931,3590,106069,55025,51044,1797,818,979,2388,1184,1204
2019,135,Ector County,179206,92472,86734,55955,28373,27582,7774,4086,3688,111113,57927,53186,1907,864,1043,2457,1222,1235
2020,135,Ector County,184838,95832,89006,55888,28439,27449,8034,4249,3785,116369,60975,55394,2022,915,1107,2525,1254,1271
2021,135,Ector County,190710,99346,91364,55815,28505,27310,8303,4421,3882,121861,64168,57693,2148,968,1180,2583,1284,1299
2022,135,Ector County,196829,102999,93830,55739,28568,27171,8575,4587,3988,127578,67500,60078,2271,1019,1252,2666,1325,1341
2023,135,Ector County,203187,106819,96368,55660,28631,27029,8851,4764,4087,133523,70985,62538,2416,1078,1338,2737,1361,1376
2024,135,Ector County,209817,110795,99022,55599,28699,26900,9137,4946,4191,139700,74610,65090,2571,1142,1429,2810,1398,1412
2025,135,Ector County,216705,114951,101754,55504,28755,26749,9432,5140,4292,146135,78405,67730,2744,1213,1531,2890,1438,1452
2026,135,Ector County,223877,119279,104598,55429,28809,26620,9728,5337,4391,152826,82362,70464,2936,1300,1636,2958,1471,1487
2027,135,Ector County,231312,123786,107526,55349,28868,26481,10028,5538,4490,159759,86479,73280,3132,1383,1749,3044,1518,1526
2028,135,Ector County,239023,128442,110581,55281,28923,26358,10338,5745,4593,166950,90753,76197,3336,1470,1866,3118,1551,1567
2029,135,Ector County,247059,133296,113763,55225,28977,26248,10667,5969,4698,174398,95190,79208,3561,1564,1997,3208,1596,1612
2030,135,Ector County,255395,138347,117048,55170,29042,26128,10998,6188,4810,182134,99813,82321,3798,1666,2132,3295,1638,1657
2031,135,Ector County,264045,143605,120440,55138,29119,26019,11328,6415,4913,190126,104603,85523,4057,1778,2279,3396,1690,1706
2032,135,Ector County,273019,149054,123965,55127,29204,25923,11668,6646,5022,198392,109569,88823,4327,1890,2437,3505,1745,1760
2033,135,Ector County,282305,154697,127608,55116,29282,25834,12018,6889,5129,206941,114713,92228,4621,2016,2605,3609,1797,1812
2034,135,Ector County,291951,160555,131396,55136,29377,25759,12376,7128,5248,215757,120035,95722,4954,2158,2796,3728,1857,1871
2035,135,Ector County,301910,166616,135294,55157,29476,25681,12738,7375,5363,224875,125550,99325,5303,2306,2997,3837,1909,1928
2036,135,Ector County,312201,172883,139318,55185,29573,25612,13101,7623,5478,234279,131246,103033,5682,2471,3211,3954,1970,1984
2037,135,Ector County,322846,179357,143489,55242,29683,25559,13480,7880,5600,243968,137122,106846,6080,2643,3437,4076,2029,2047
2038,135,Ector County,333847,186051,147796,55297,29789,25508,13872,8143,5729,253964,143205,110759,6508,2822,3686,4206,2092,2114
2039,135,Ector County,345190,192966,152224,55361,29910,25451,14268,8409,5859,264254,149468,114786,6969,3022,3947,4338,2157,2181
2040,135,Ector County,356876,200083,156793,55443,30021,25422,14673,8682,5991,274859,155941,118918,7442,3223,4219,4459,2216,2243
2041,135,Ector County,368941,207431,161510,55528,30141,25387,15086,8959,6127,285789,162617,123172,7942,3434,4508,4596,2280,2316
2042,135,Ector County,381353,215001,166352,55637,30269,25368,15488,9235,6253,297030,169498,127532,8475,3660,4815,4723,2339,2384
2043,135,Ector County,394128,222787,171341,55731,30391,25340,15907,9522,6385,308581,176571,132010,9046,3899,5147,4863,2404,2459
2044,135,Ector County,407314,230821,176493,55859,30522,25337,16327,9806,6521,320474,183860,136614,9646,4159,5487,5008,2474,2534
2045,135,Ector County,420851,239073,181778,55976,30641,25335,16750,10104,6646,332681,191350,141331,10289,4440,5849,5155,2538,2617
2046,135,Ector County,434763,247560,187203,56091,30762,25329,17188,10411,6777,345208,199045,146163,10963,4732,6231,5313,2610,2703
2047,135,Ector County,449081,256278,192803,56216,30883,25333,17619,10718,6901,358090,206954,151136,11685,5043,6642,5471,2680,2791
2048,135,Ector County,463787,265219,198568,56340,30993,25347,18062,11028,7034,371308,215078,156230,12447,5375,7072,5630,2745,2885
2049,135,Ector County,478876,274404,204472,56469,31118,25351,18500,11347,7153,384857,223410,161447,13256,5717,7539,5794,2812,2982
2050,135,Ector County,494413,283852,210561,56604,31230,25374,18954,11674,7280,398769,231968,166801,14114,6090,8024,5972,2890,3082
2010,137,Edwards County,2002,1021,981,947,473,474,10,7,3,1027,533,494,3,1,2,15,7,8
2011,137,Edwards County,1991,1016,975,931,464,467,10,7,3,1032,537,495,3,1,2,15,7,8
2012,137,Edwards County,1988,1017,971,920,460,460,10,7,3,1040,542,498,3,1,2,15,7,8
2013,137,Edwards County,1988,1019,969,909,456,453,10,7,3,1051,548,503,3,1,2,15,7,8
2014,137,Edwards County,1995,1027,968,905,457,448,11,8,3,1061,554,507,3,1,2,15,7,8
2015,137,Edwards County,1997,1027,970,897,453,444,12,9,3,1070,557,513,3,1,2,15,7,8
2016,137,Edwards County,2002,1031,971,889,450,439,14,11,3,1081,562,519,3,1,2,15,7,8
2017,137,Edwards County,2009,1037,972,882,448,434,16,13,3,1093,568,525,3,1,2,15,7,8
2018,137,Edwards County,2012,1040,972,873,445,428,19,16,3,1102,571,531,3,1,2,15,7,8
2019,137,Edwards County,2004,1031,973,861,438,423,15,12,3,1110,573,537,3,1,2,15,7,8
2020,137,Edwards County,1991,1019,972,844,427,417,12,9,3,1117,575,542,3,1,2,15,7,8
2021,137,Edwards County,1979,1007,972,828,415,413,10,7,3,1123,577,546,3,1,2,15,7,8
2022,137,Edwards County,1965,995,970,808,401,407,9,6,3,1130,580,550,3,1,2,15,7,8
2023,137,Edwards County,1953,987,966,791,391,400,9,6,3,1135,582,553,3,1,2,15,7,8
2024,137,Edwards County,1947,981,966,777,382,395,9,6,3,1143,585,558,3,1,2,15,7,8
2025,137,Edwards County,1937,976,961,763,375,388,9,6,3,1147,587,560,3,1,2,15,7,8
2026,137,Edwards County,1936,976,960,757,373,384,9,6,3,1152,589,563,3,1,2,15,7,8
2027,137,Edwards County,1933,976,957,751,371,380,9,6,3,1155,591,564,3,1,2,15,7,8
2028,137,Edwards County,1927,974,953,741,368,373,9,6,3,1159,592,567,3,1,2,15,7,8
2029,137,Edwards County,1921,974,947,734,368,366,9,6,3,1160,592,568,3,1,2,15,7,8
2030,137,Edwards County,1909,968,941,723,364,359,9,6,3,1159,590,569,3,1,2,15,7,8
2031,137,Edwards County,1895,961,934,712,361,351,8,5,3,1157,587,570,3,1,2,15,7,8
2032,137,Edwards County,1885,954,931,704,356,348,8,5,3,1155,585,570,3,1,2,15,7,8
2033,137,Edwards County,1871,946,925,693,351,342,8,5,3,1152,582,570,3,1,2,15,7,8
2034,137,Edwards County,1860,936,924,684,344,340,8,5,3,1150,579,571,3,1,2,15,7,8
2035,137,Edwards County,1846,925,921,673,337,336,9,6,3,1146,574,572,3,1,2,15,7,8
2036,137,Edwards County,1831,913,918,659,328,331,9,6,3,1145,571,574,3,1,2,15,7,8
2037,137,Edwards County,1812,904,908,648,321,327,9,6,3,1137,569,568,3,1,2,15,7,8
2038,137,Edwards County,1791,890,901,639,316,323,9,6,3,1125,560,565,3,1,2,15,7,8
2039,137,Edwards County,1781,885,896,633,313,320,9,6,3,1121,558,563,3,1,2,15,7,8
2040,137,Edwards County,1761,877,884,624,308,316,9,6,3,1110,555,555,3,1,2,15,7,8
2041,137,Edwards County,1744,867,877,617,305,312,9,6,3,1100,548,552,3,1,2,15,7,8
2042,137,Edwards County,1732,859,873,612,302,310,9,6,3,1093,543,550,3,1,2,15,7,8
2043,137,Edwards County,1721,852,869,606,299,307,9,6,3,1088,539,549,3,1,2,15,7,8
2044,137,Edwards County,1711,845,866,600,296,304,9,6,3,1085,536,549,3,1,2,14,6,8
2045,137,Edwards County,1701,839,862,596,295,301,9,6,3,1079,531,548,3,1,2,14,6,8
2046,137,Edwards County,1684,825,859,595,294,301,9,6,3,1064,518,546,3,1,2,13,6,7
2047,137,Edwards County,1669,815,854,591,292,299,9,6,3,1053,510,543,3,1,2,13,6,7
2048,137,Edwards County,1658,807,851,587,291,296,9,6,3,1047,504,543,3,1,2,12,5,7
2049,137,Edwards County,1647,802,845,581,289,292,9,6,3,1043,501,542,2,1,1,12,5,7
2050,137,Edwards County,1640,794,846,579,289,290,9,6,3,1038,493,545,2,1,1,12,5,7
2010,139,Ellis County,149610,73870,75740,97987,47816,50171,13161,6360,6801,35161,18157,17004,811,327,484,2490,1210,1280
2011,139,Ellis County,152291,75165,77126,98953,48277,50676,13573,6544,7029,36369,18757,17612,827,336,491,2569,1251,1318
2012,139,Ellis County,155008,76466,78542,99887,48719,51168,14003,6739,7264,37614,19365,18249,843,344,499,2661,1299,1362
2013,139,Ellis County,157767,77781,79986,100810,49148,51662,14450,6938,7512,38887,19991,18896,862,354,508,2758,1350,1408
2014,139,Ellis County,160531,79088,81443,101706,49562,52144,14902,7136,7766,40185,20627,19558,879,364,515,2859,1399,1460
2015,139,Ellis County,163301,80391,82910,102568,49955,52613,15364,7344,8020,41506,21270,20236,898,374,524,2965,1448,1517
2016,139,Ellis County,166102,81711,84391,103414,50344,53070,15852,7561,8291,42855,21920,20935,913,384,529,3068,1502,1566
2017,139,Ellis County,168945,83049,85896,104246,50726,53520,16338,7768,8570,44244,22597,21647,930,392,538,3187,1566,1621
2018,139,Ellis County,171815,84391,87424,105054,51086,53968,16853,7995,8858,45657,23280,22377,947,402,545,3304,1628,1676
2019,139,Ellis County,174748,85755,88993,105874,51452,54422,17385,8223,9162,47105,23983,23122,963,411,552,3421,1686,1735
2020,139,Ellis County,177721,87132,90589,106670,51805,54865,17930,8461,9469,48593,24694,23899,972,414,558,3556,1758,1798
2021,139,Ellis County,180749,88552,92197,107479,52163,55316,18486,8707,9779,50105,25428,24677,992,424,568,3687,1830,1857
2022,139,Ellis County,183840,89982,93858,108291,52522,55769,19064,8953,10111,51656,26173,25483,1001,431,570,3828,1903,1925
2023,139,Ellis County,186998,91464,95534,109086,52877,56209,19664,9220,10444,53249,26939,26310,1016,441,575,3983,1987,1996
2024,139,Ellis County,190177,92943,97234,109864,53228,56636,20283,9491,10792,54864,27709,27155,1028,450,578,4138,2065,2073
2025,139,Ellis County,193381,94426,98955,110624,53562,57062,20909,9769,11140,56513,28493,28020,1040,457,583,4295,2145,2150
2026,139,Ellis County,196615,95914,100701,111347,53873,57474,21562,10051,11511,58182,29293,28889,1055,467,588,4469,2230,2239
2027,139,Ellis County,199873,97415,102458,112055,54174,57881,22235,10352,11883,59874,30099,29775,1068,474,594,4641,2316,2325
2028,139,Ellis County,203112,98914,104198,112718,54454,58264,22903,10647,12256,61591,30924,30667,1084,484,600,4816,2405,2411
2029,139,Ellis County,206327,100396,105931,113328,54710,58618,23598,10948,12650,63327,31756,31571,1096,494,602,4978,2488,2490
2030,139,Ellis County,209555,101885,107670,113908,54950,58958,24306,11264,13042,65078,32591,32487,1106,499,607,5157,2581,2576
2031,139,Ellis County,212744,103357,109387,114431,55171,59260,25010,11575,13435,66843,33433,33410,1121,507,614,5339,2671,2668
2032,139,Ellis County,215892,104822,111070,114922,55380,59542,25721,11888,13833,68616,34282,34334,1126,513,613,5507,2759,2748
2033,139,Ellis County,219006,106269,112737,115352,55561,59791,26444,12209,14235,70399,35136,35263,1136,518,618,5675,2845,2830
2034,139,Ellis County,222079,107703,114376,115723,55720,60003,27169,12538,14631,72191,35987,36204,1147,528,619,5849,2930,2919
2035,139,Ellis County,225124,109116,116008,116042,55853,60189,27901,12866,15035,74000,36846,37154,1157,535,622,6024,3016,3008
2036,139,Ellis County,228131,110505,117626,116321,55972,60349,28634,13192,15442,75816,37714,38102,1159,536,623,6201,3091,3110
2037,139,Ellis County,231101,111866,119235,116540,56060,60480,29367,13515,15852,77649,38573,39076,1172,544,628,6373,3174,3199
2038,139,Ellis County,234048,113224,120824,116708,56136,60572,30104,13839,16265,79506,39450,40056,1182,550,632,6548,3249,3299
2039,139,Ellis County,236937,114565,122372,116835,56189,60646,30834,14169,16665,81356,40322,41034,1194,561,633,6718,3324,3394
2040,139,Ellis County,239796,115862,123934,116919,56221,60698,31564,14488,17076,83219,41195,42024,1205,568,637,6889,3390,3499
2041,139,Ellis County,242639,117162,125477,116955,56233,60722,32308,14816,17492,85103,42081,43022,1209,575,634,7064,3457,3607
2042,139,Ellis County,245447,118447,127000,116957,56229,60728,33056,15149,17907,86994,42967,44027,1217,581,636,7223,3521,3702
2043,139,Ellis County,248253,119732,128521,116938,56223,60715,33800,15478,18322,88891,43854,45037,1225,590,635,7399,3587,3812
2044,139,Ellis County,251020,121006,130014,116867,56192,60675,34550,15819,18731,90807,44750,46057,1232,596,636,7564,3649,3915
2045,139,Ellis County,253815,122283,131532,116795,56164,60631,35305,16153,19152,92732,45651,47081,1239,603,636,7744,3712,4032
2046,139,Ellis County,256606,123557,133049,116692,56125,60567,36068,16494,19574,94683,46556,48127,1251,614,637,7912,3768,4144
2047,139,Ellis County,259417,124845,134572,116591,56094,60497,36830,16831,19999,96648,47471,49177,1254,617,637,8094,3832,4262
2048,139,Ellis County,262246,126132,136114,116474,56052,60422,37605,17175,20430,98626,48386,50240,1263,624,639,8278,3895,4383
2049,139,Ellis County,265106,127439,137667,116358,56012,60346,38390,17521,20869,100616,49311,51305,1271,630,641,8471,3965,4506
2050,139,Ellis County,267977,128761,139216,116243,55980,60263,39179,17870,21309,102612,50234,52378,1278,637,641,8665,4040,4625
2010,141,El Paso County,800647,387876,412771,105246,55990,49256,20649,12015,8634,658134,311906,346228,7551,3252,4299,9067,4713,4354
2011,141,El Paso County,808637,392278,416359,106203,56495,49708,21534,12556,8978,663499,314851,348648,7851,3411,4440,9550,4965,4585
2012,141,El Paso County,816533,396625,419908,107163,56979,50184,22441,13108,9333,668730,317746,350984,8163,3576,4587,10036,5216,4820
2013,141,El Paso County,824296,400940,423356,108078,57438,50640,23368,13677,9691,673818,320590,353228,8507,3763,4744,10525,5472,5053
2014,141,El Paso County,831947,405203,426744,108936,57863,51073,24362,14279,10083,678736,323356,355380,8865,3960,4905,11048,5745,5303
2015,141,El Paso County,839544,409485,430059,109798,58298,51500,25398,14909,10489,683484,326066,357418,9264,4174,5090,11600,6038,5562
2016,141,El Paso County,847032,413758,433274,110633,58717,51916,26517,15590,10927,688026,328704,359322,9702,4414,5288,12154,6333,5821
2017,141,El Paso County,854477,418057,436420,111505,59172,52333,27690,16312,11378,692384,331262,361122,10171,4670,5501,12727,6641,6086
2018,141,El Paso County,861801,422323,439478,112349,59619,52730,28927,17073,11854,696545,333737,362808,10658,4939,5719,13322,6955,6367
2019,141,El Paso County,869031,426552,442479,113184,60048,53136,30256,17887,12369,700488,336121,364367,11178,5221,5957,13925,7275,6650
2020,141,El Paso County,876105,430714,445391,113960,60445,53515,31669,18752,12917,704189,338390,365799,11749,5524,6225,14538,7603,6935
2021,141,El Paso County,883138,434882,448256,114737,60848,53889,33153,19665,13488,707709,340577,367132,12358,5851,6507,15181,7941,7240
2022,141,El Paso County,889999,438956,451043,115469,61219,54250,34727,20632,14095,710938,342612,368326,13003,6196,6807,15862,8297,7565
2023,141,El Paso County,896643,442964,453679,116184,61583,54601,36361,21640,14721,713861,344510,369351,13680,6563,7117,16557,8668,7889
2024,141,El Paso County,903091,446866,456225,116865,61921,54944,38076,22699,15377,716465,346242,370223,14418,6962,7456,17267,9042,8225
2025,141,El Paso County,909317,450667,458650,117518,62238,55280,39881,23819,16062,718720,347794,370926,15196,7382,7814,18002,9434,8568
2026,141,El Paso County,915267,454351,460916,118135,62540,55595,41740,24979,16761,720631,349178,371453,16009,7824,8185,18752,9830,8922
2027,141,El Paso County,920990,457928,463062,118725,62821,55904,43701,26205,17496,722181,350374,371807,16866,8292,8574,19517,10236,9281
2028,141,El Paso County,926496,461405,465091,119304,63098,56206,45738,27483,18255,723362,351378,371984,17788,8796,8992,20304,10650,9654
2029,141,El Paso County,931694,464743,466951,119846,63359,56487,47853,28810,19043,724132,352173,371959,18756,9330,9426,21107,11071,10036
2030,141,El Paso County,936605,467964,468641,120363,63605,56758,50052,30202,19850,724482,352754,371728,19761,9886,9875,21947,11517,10430
2031,141,El Paso County,941382,471128,470254,120882,63857,57025,52345,31656,20689,724526,353172,371354,20802,10470,10332,22827,11973,10854
2032,141,El Paso County,946057,474249,471808,121410,64107,57303,54747,33180,21567,724268,353434,370834,21909,11086,10823,23723,12442,11281
2033,141,El Paso County,950658,477366,473292,121953,64375,57578,57277,34784,22493,723713,353556,370157,23060,11729,11331,24655,12922,11733
2034,141,El Paso County,955246,480484,474762,122522,64650,57872,59926,36469,23457,722903,353537,369366,24284,12414,11870,25611,13414,12197
2035,141,El Paso County,959814,483604,476210,123127,64939,58188,62721,38243,24478,721822,353387,368435,25558,13130,12428,26586,13905,12681
2036,141,El Paso County,964366,486746,477620,123723,65217,58506,65640,40100,25540,720489,353114,367375,26915,13892,13023,27599,14423,13176
2037,141,El Paso County,968982,489950,479032,124337,65506,58831,68721,42064,26657,718937,352734,366203,28342,14699,13643,28645,14947,13698
2038,141,El Paso County,973659,493200,480459,124968,65804,59164,71959,44124,27835,717197,352260,364937,29838,15537,14301,29697,15475,14222
2039,141,El Paso County,978495,496563,481932,125634,66120,59514,75374,46299,29075,715241,351685,363556,31444,16436,15008,30802,16023,14779
2040,141,El Paso County,983457,500007,483450,126306,66439,59867,78983,48595,30388,713107,351024,362083,33134,17381,15753,31927,16568,15359
2041,141,El Paso County,988578,503568,485010,126997,66766,60231,82772,51010,31762,710771,350269,360502,34956,18391,16565,33082,17132,15950
2042,141,El Paso County,993865,507238,486627,127693,67098,60595,86755,53548,33207,708253,349425,358828,36879,19461,17418,34285,17706,16579
2043,141,El Paso County,999328,511032,488296,128410,67443,60967,90940,56223,34717,705539,348490,357049,38937,20599,18338,35502,18277,17225
2044,141,El Paso County,1005010,514957,490053,129135,67788,61347,95347,59033,36314,702631,347462,355169,41132,21810,19322,36765,18864,17901
2045,141,El Paso County,1010890,519048,491842,129872,68148,61724,99948,61978,37970,699520,346333,353187,43484,23119,20365,38066,19470,18596
2046,141,El Paso County,1017017,523279,493738,130610,68502,62108,104781,65077,39704,696239,345130,351109,45990,24493,21497,39397,20077,19320
2047,141,El Paso County,1023371,527682,495689,131346,68863,62483,109822,68320,41502,692771,343830,348941,48652,25955,22697,40780,20714,20066
2048,141,El Paso County,1029981,532240,497741,132079,69226,62853,115108,71722,43386,689111,342430,346681,51469,27497,23972,42214,21365,20849
2049,141,El Paso County,1036817,536942,499875,132808,69586,63222,120627,75282,45345,685273,340943,344330,54441,29112,25329,43668,22019,21649
2050,141,El Paso County,1043982,541855,502127,133548,69954,63594,126390,79005,47385,681241,339359,341882,57607,30828,26779,45196,22709,22487
2010,143,Erath County,37890,18605,19285,29382,14155,15227,431,263,168,7279,3783,3496,240,123,117,558,281,277
2011,143,Erath County,38182,18784,19398,29497,14232,15265,432,264,168,7436,3874,3562,244,125,119,573,289,284
2012,143,Erath County,38485,18955,19530,29598,14293,15305,437,268,169,7616,3972,3644,246,126,120,588,296,292
2013,143,Erath County,38792,19138,19654,29702,14361,15341,437,268,169,7800,4076,3724,250,128,122,603,305,298
2014,143,Erath County,39123,19329,19794,29807,14427,15380,440,270,170,8001,4189,3812,255,131,124,620,312,308
2015,143,Erath County,39471,19523,19948,29921,14488,15433,437,268,169,8216,4313,3903,260,132,128,637,322,315
2016,143,Erath County,39847,19731,20116,30053,14561,15492,444,271,173,8433,4435,3998,263,134,129,654,330,324
2017,143,Erath County,40231,19943,20288,30188,14638,15550,449,273,176,8655,4555,4100,268,137,131,671,340,331
2018,143,Erath County,40662,20174,20488,30359,14727,15632,457,277,180,8881,4680,4201,273,140,133,692,350,342
2019,143,Erath County,41086,20401,20685,30528,14815,15713,465,280,185,9108,4808,4300,277,142,135,708,356,352
2020,143,Erath County,41526,20639,20887,30713,14914,15799,473,286,187,9332,4929,4403,281,144,137,727,366,361
2021,143,Erath County,41950,20872,21078,30873,15003,15870,479,289,190,9567,5058,4509,286,147,139,745,375,370
2022,143,Erath County,42362,21095,21267,31024,15087,15937,487,294,193,9797,5182,4615,290,149,141,764,383,381
2023,143,Erath County,42774,21313,21461,31178,15167,16011,493,298,195,10028,5305,4723,292,149,143,783,394,389
2024,143,Erath County,43181,21523,21658,31313,15231,16082,505,304,201,10260,5429,4831,296,152,144,807,407,400
2025,143,Erath County,43588,21742,21846,31447,15305,16142,513,309,204,10507,5560,4947,298,153,145,823,415,408
2026,143,Erath County,43986,21948,22038,31563,15362,16201,523,313,210,10755,5693,5062,301,155,146,844,425,419
2027,143,Erath County,44374,22166,22208,31663,15424,16239,532,318,214,11012,5831,5181,306,158,148,861,435,426
2028,143,Erath County,44743,22362,22381,31754,15472,16282,541,323,218,11264,5967,5297,310,160,150,874,440,434
2029,143,Erath County,45126,22566,22560,31857,15530,16327,547,326,221,11517,6100,5417,314,161,153,891,449,442
2030,143,Erath County,45509,22766,22743,31963,15582,16381,555,330,225,11760,6229,5531,321,166,155,910,459,451
2031,143,Erath County,45885,22950,22935,32061,15635,16426,564,335,229,12007,6349,5658,325,168,157,928,463,465
2032,143,Erath County,46244,23140,23104,32149,15684,16465,570,339,231,12249,6469,5780,329,172,157,947,476,471
2033,143,Erath County,46600,23317,23283,32244,15735,16509,578,343,235,12483,6584,5899,332,173,159,963,482,481
2034,143,Erath County,46944,23485,23459,32327,15780,16547,583,345,238,12714,6694,6020,337,175,162,983,491,492
2035,143,Erath County,47273,23654,23619,32387,15815,16572,592,350,242,12956,6815,6141,342,177,165,996,497,499
2036,143,Erath County,47571,23815,23756,32443,15851,16592,598,353,245,13179,6931,6248,342,178,164,1009,502,507
2037,143,Erath County,47870,23958,23912,32479,15870,16609,606,357,249,13413,7042,6371,342,177,165,1030,512,518
2038,143,Erath County,48135,24100,24035,32499,15887,16612,614,361,253,13636,7157,6479,343,178,165,1043,517,526
2039,143,Erath County,48422,24252,24170,32537,15916,16621,620,362,258,13859,7270,6589,344,179,165,1062,525,537
2040,143,Erath County,48696,24396,24300,32557,15934,16623,626,366,260,14094,7388,6706,345,180,165,1074,528,546
2041,143,Erath County,48966,24540,24426,32572,15956,16616,634,370,264,14325,7499,6826,345,180,165,1090,535,555
2042,143,Erath County,49244,24685,24559,32596,15977,16619,640,374,266,14557,7619,6938,342,177,165,1109,538,571
2043,143,Erath County,49499,24816,24683,32595,15986,16609,648,377,271,14781,7729,7052,346,178,168,1129,546,583
2044,143,Erath County,49756,24951,24805,32611,16009,16602,654,381,273,14999,7836,7163,348,180,168,1144,545,599
2045,143,Erath County,50003,25080,24923,32606,16015,16591,658,383,275,15214,7944,7270,348,180,168,1177,558,619
2046,143,Erath County,50269,25221,25048,32620,16031,16589,666,386,280,15428,8055,7373,347,181,166,1208,568,640
2047,143,Erath County,50530,25369,25161,32619,16046,16573,672,386,286,15639,8168,7471,345,180,165,1255,589,666
2048,143,Erath County,50790,25505,25285,32620,16055,16565,679,389,290,15855,8278,7577,345,182,163,1291,601,690
2049,143,Erath County,51035,25640,25395,32621,16065,16556,685,392,293,16058,8387,7671,343,179,164,1328,617,711
2050,143,Erath County,51307,25789,25518,32624,16074,16550,692,395,297,16279,8507,7772,347,181,166,1365,632,733
2010,145,Falls County,17866,8494,9372,9381,4463,4918,4463,1921,2542,3716,1956,1760,46,18,28,260,136,124
2011,145,Falls County,17718,8429,9289,9284,4426,4858,4378,1887,2491,3744,1959,1785,47,18,29,265,139,126
2012,145,Falls County,17595,8385,9210,9195,4391,4804,4303,1865,2438,3780,1969,1811,48,19,29,269,141,128
2013,145,Falls County,17479,8332,9147,9102,4350,4752,4236,1843,2393,3819,1977,1842,49,19,30,273,143,130
2014,145,Falls County,17347,8281,9066,9005,4309,4696,4156,1819,2337,3857,1986,1871,50,20,30,279,147,132
2015,145,Falls County,17223,8229,8994,8914,4272,4642,4083,1793,2290,3891,1994,1897,51,20,31,284,150,134
2016,145,Falls County,17092,8162,8930,8821,4225,4596,4009,1766,2243,3921,1997,1924,52,21,31,289,153,136
2017,145,Falls County,16972,8107,8865,8732,4189,4543,3935,1739,2196,3957,2002,1955,53,21,32,295,156,139
2018,145,Falls County,16835,8037,8798,8632,4144,4488,3862,1708,2154,3987,2005,1982,54,22,32,300,158,142
2019,145,Falls County,16712,7965,8747,8532,4096,4436,3800,1676,2124,4018,2009,2009,55,22,33,307,162,145
2020,145,Falls County,16603,7905,8698,8439,4052,4387,3748,1651,2097,4049,2016,2033,56,23,33,311,163,148
2021,145,Falls County,16493,7839,8654,8345,4007,4338,3695,1622,2073,4079,2021,2058,57,23,34,317,166,151
2022,145,Falls County,16390,7790,8600,8251,3968,4283,3649,1602,2047,4111,2030,2081,58,24,34,321,166,155
2023,145,Falls County,16285,7727,8558,8152,3920,4232,3607,1576,2031,4142,2039,2103,59,24,35,325,168,157
2024,145,Falls County,16183,7678,8505,8059,3879,4180,3566,1555,2011,4167,2047,2120,60,25,35,331,172,159
2025,145,Falls County,16095,7626,8469,7970,3838,4132,3530,1533,1997,4195,2053,2142,61,25,36,339,177,162
2026,145,Falls County,15992,7563,8429,7876,3794,4082,3497,1511,1986,4213,2052,2161,62,26,36,344,180,164
2027,145,Falls County,15908,7514,8394,7798,3762,4036,3462,1485,1977,4238,2059,2179,63,26,37,347,182,165
2028,145,Falls County,15818,7460,8358,7720,3727,3993,3428,1460,1968,4254,2062,2192,64,27,37,352,184,168
2029,145,Falls County,15757,7425,8332,7651,3697,3954,3397,1440,1957,4284,2072,2212,65,27,38,360,189,171
2030,145,Falls County,15662,7372,8290,7568,3662,3906,3364,1415,1949,4302,2077,2225,66,28,38,362,190,172
2031,145,Falls County,15581,7325,8256,7483,3624,3859,3349,1403,1946,4316,2079,2237,67,28,39,366,191,175
2032,145,Falls County,15502,7288,8214,7401,3591,3810,3331,1396,1935,4328,2077,2251,68,29,39,374,195,179
2033,145,Falls County,15400,7227,8173,7310,3551,3759,3310,1380,1930,4333,2071,2262,69,29,40,378,196,182
2034,145,Falls County,15322,7186,8136,7235,3516,3719,3292,1371,1921,4340,2068,2272,69,30,39,386,201,185
2035,145,Falls County,15225,7130,8095,7148,3476,3672,3271,1360,1911,4345,2062,2283,70,30,40,391,202,189
2036,145,Falls County,15135,7085,8050,7070,3443,3627,3258,1354,1904,4343,2055,2288,71,31,40,393,202,191
2037,145,Falls County,15038,7026,8012,6993,3404,3589,3241,1342,1899,4333,2045,2288,72,31,41,399,204,195
2038,145,Falls County,14953,6985,7968,6909,3367,3542,3234,1339,1895,4335,2043,2292,71,31,40,404,205,199
2039,145,Falls County,14846,6931,7915,6820,3326,3494,3209,1330,1879,4337,2036,2301,72,31,41,408,208,200
2040,145,Falls County,14738,6882,7856,6744,3293,3451,3188,1320,1868,4320,2027,2293,72,32,40,414,210,204
2041,145,Falls County,14645,6837,7808,6668,3258,3410,3170,1314,1856,4319,2023,2296,71,32,39,417,210,207
2042,145,Falls County,14557,6790,7767,6601,3230,3371,3140,1297,1843,4323,2018,2305,72,33,39,421,212,209
2043,145,Falls County,14459,6734,7725,6522,3194,3328,3118,1283,1835,4324,2011,2313,71,33,38,424,213,211
2044,145,Falls County,14361,6679,7682,6447,3163,3284,3095,1269,1826,4320,2001,2319,72,34,38,427,212,215
2045,145,Falls County,14265,6629,7636,6379,3132,3247,3074,1260,1814,4308,1989,2319,73,34,39,431,214,217
2046,145,Falls County,14174,6580,7594,6301,3096,3205,3061,1253,1808,4304,1983,2321,73,35,38,435,213,222
2047,145,Falls County,14078,6527,7551,6218,3059,3159,3043,1243,1800,4302,1974,2328,73,34,39,442,217,225
2048,145,Falls County,14002,6487,7515,6160,3035,3125,3022,1232,1790,4302,1966,2336,73,35,38,445,219,226
2049,145,Falls County,13919,6442,7477,6096,3006,3090,3002,1225,1777,4302,1961,2341,74,35,39,445,215,230
2050,145,Falls County,13820,6396,7424,6029,2970,3059,2974,1219,1755,4290,1949,2341,74,36,38,453,222,231
2010,147,Fannin County,33915,17988,15927,27433,13941,13492,2273,1556,717,3226,2010,1216,122,54,68,861,427,434
2011,147,Fannin County,33954,18019,15935,27358,13918,13440,2280,1562,718,3315,2049,1266,124,55,69,877,435,442
2012,147,Fannin County,34015,18055,15960,27291,13891,13400,2298,1575,723,3408,2090,1318,126,56,70,892,443,449
2013,147,Fannin County,34075,18089,15986,27219,13866,13353,2314,1585,729,3506,2130,1376,128,57,71,908,451,457
2014,147,Fannin County,34147,18123,16024,27152,13841,13311,2328,1593,735,3615,2174,1441,130,58,72,922,457,465
2015,147,Fannin County,34231,18161,16070,27099,13823,13276,2337,1596,741,3724,2218,1506,132,59,73,939,465,474
2016,147,Fannin County,34293,18188,16105,27029,13802,13227,2339,1591,748,3836,2262,1574,134,60,74,955,473,482
2017,147,Fannin County,34370,18227,16143,26958,13779,13179,2351,1597,754,3951,2309,1642,136,61,75,974,481,493
2018,147,Fannin County,34459,18265,16194,26900,13760,13140,2364,1602,762,4066,2354,1712,138,62,76,991,487,504
2019,147,Fannin County,34523,18296,16227,26825,13733,13092,2371,1607,764,4182,2398,1784,140,63,77,1005,495,510
2020,147,Fannin County,34597,18330,16267,26758,13710,13048,2371,1606,765,4301,2446,1855,142,64,78,1025,504,521
2021,147,Fannin County,34671,18367,16304,26671,13678,12993,2385,1614,771,4425,2493,1932,144,65,79,1046,517,529
2022,147,Fannin County,34720,18382,16338,26575,13634,12941,2387,1612,775,4545,2542,2003,147,67,80,1066,527,539
2023,147,Fannin County,34750,18393,16357,26464,13587,12877,2389,1612,777,4666,2590,2076,149,68,81,1082,536,546
2024,147,Fannin County,34777,18398,16379,26341,13531,12810,2394,1613,781,4793,2641,2152,151,70,81,1098,543,555
2025,147,Fannin County,34777,18391,16386,26207,13474,12733,2388,1607,781,4916,2689,2227,153,71,82,1113,550,563
2026,147,Fannin County,34788,18394,16394,26072,13413,12659,2391,1611,780,5039,2736,2303,155,73,82,1131,561,570
2027,147,Fannin County,34784,18389,16395,25912,13344,12568,2402,1619,783,5163,2782,2381,157,74,83,1150,570,580
2028,147,Fannin County,34755,18361,16394,25749,13267,12482,2401,1618,783,5286,2826,2460,157,74,83,1162,576,586
2029,147,Fannin County,34734,18349,16385,25579,13191,12388,2400,1618,782,5418,2880,2538,159,75,84,1178,585,593
2030,147,Fannin County,34688,18318,16370,25395,13110,12285,2399,1618,781,5546,2924,2622,160,76,84,1188,590,598
2031,147,Fannin County,34655,18292,16363,25198,13020,12178,2398,1616,782,5689,2979,2710,162,77,85,1208,600,608
2032,147,Fannin County,34598,18260,16338,24997,12931,12066,2398,1618,780,5825,3030,2795,163,78,85,1215,603,612
2033,147,Fannin County,34549,18224,16325,24777,12827,11950,2399,1620,779,5974,3086,2888,165,79,86,1234,612,622
2034,147,Fannin County,34485,18185,16300,24545,12720,11825,2397,1623,774,6125,3142,2983,165,80,85,1253,620,633
2035,147,Fannin County,34411,18140,16271,24308,12614,11694,2401,1626,775,6270,3194,3076,166,80,86,1266,626,640
2036,147,Fannin County,34338,18088,16250,24071,12501,11570,2403,1630,773,6421,3245,3176,166,80,86,1277,632,645
2037,147,Fannin County,34255,18039,16216,23809,12382,11427,2410,1637,773,6576,3300,3276,168,81,87,1292,639,653
2038,147,Fannin County,34175,17984,16191,23563,12271,11292,2413,1638,775,6728,3351,3377,169,83,86,1302,641,661
2039,147,Fannin County,34073,17923,16150,23300,12152,11148,2417,1641,776,6880,3406,3474,171,84,87,1305,640,665
2040,147,Fannin County,33970,17860,16110,23038,12031,11007,2415,1639,776,7031,3464,3567,173,85,88,1313,641,672
2041,147,Fannin County,33862,17785,16077,22776,11913,10863,2409,1635,774,7180,3510,3670,176,87,89,1321,640,681
2042,147,Fannin County,33741,17715,16026,22506,11793,10713,2409,1635,774,7324,3560,3764,178,88,90,1324,639,685
2043,147,Fannin County,33653,17646,16007,22243,11667,10576,2404,1630,774,7495,3620,3875,177,87,90,1334,642,692
2044,147,Fannin County,33526,17575,15951,21969,11543,10426,2402,1630,772,7649,3684,3965,178,88,90,1328,630,698
2045,147,Fannin County,33425,17504,15921,21710,11418,10292,2389,1621,768,7813,3743,4070,178,88,90,1335,634,701
2046,147,Fannin County,33313,17431,15882,21451,11297,10154,2385,1617,768,7964,3797,4167,178,88,90,1335,632,703
2047,147,Fannin County,33211,17360,15851,21193,11176,10017,2382,1618,764,8126,3855,4271,176,87,89,1334,624,710
2048,147,Fannin County,33124,17308,15816,20947,11066,9881,2377,1616,761,8281,3912,4369,177,87,90,1342,627,715
2049,147,Fannin County,33026,17234,15792,20685,10942,9743,2378,1618,760,8443,3964,4479,176,86,90,1344,624,720
2050,147,Fannin County,32934,17178,15756,20431,10826,9605,2380,1621,759,8600,4018,4582,176,87,89,1347,626,721
2010,149,Fayette County,24554,12081,12473,18038,8796,9242,1599,762,837,4585,2367,2218,61,24,37,271,132,139
2011,149,Fayette County,24678,12121,12557,18044,8787,9257,1610,769,841,4684,2405,2279,62,24,38,278,136,142
2012,149,Fayette County,24802,12164,12638,18034,8769,9265,1620,776,844,4799,2454,2345,63,25,38,286,140,146
2013,149,Fayette County,24934,12212,12722,18022,8752,9270,1640,788,852,4914,2503,2411,64,25,39,294,144,150
2014,149,Fayette County,25067,12260,12807,18019,8735,9284,1655,797,858,5025,2553,2472,65,26,39,303,149,154
2015,149,Fayette County,25219,12311,12908,18022,8716,9306,1677,810,867,5142,2605,2537,66,26,40,312,154,158
2016,149,Fayette County,25383,12367,13016,18037,8702,9335,1692,818,874,5265,2662,2603,67,27,40,322,158,164
2017,149,Fayette County,25545,12426,13119,18054,8691,9363,1706,828,878,5383,2716,2667,68,27,41,334,164,170
2018,149,Fayette County,25722,12496,13226,18073,8686,9387,1723,838,885,5508,2772,2736,69,28,41,349,172,177
2019,149,Fayette County,25900,12556,13344,18107,8678,9429,1735,848,887,5626,2823,2803,70,28,42,362,179,183
2020,149,Fayette County,26086,12620,13466,18145,8678,9467,1750,856,894,5745,2871,2874,71,29,42,375,186,189
2021,149,Fayette County,26272,12688,13584,18176,8681,9495,1764,864,900,5871,2920,2951,72,29,43,389,194,195
2022,149,Fayette County,26451,12748,13703,18212,8675,9537,1775,872,903,5989,2970,3019,72,30,42,403,201,202
2023,149,Fayette County,26642,12817,13825,18245,8678,9567,1790,883,907,6117,3018,3099,73,30,43,417,208,209
2024,149,Fayette County,26834,12884,13950,18286,8680,9606,1804,889,915,6238,3068,3170,74,31,43,432,216,216
2025,149,Fayette County,26998,12933,14065,18308,8672,9636,1818,896,922,6353,3111,3242,75,31,44,444,223,221
2026,149,Fayette County,27160,12982,14178,18332,8665,9667,1827,901,926,6468,3154,3314,76,32,44,457,230,227
2027,149,Fayette County,27320,13035,14285,18344,8656,9688,1843,911,932,6585,3199,3386,77,32,45,471,237,234
2028,149,Fayette County,27472,13081,14391,18350,8645,9705,1854,915,939,6707,3245,3462,78,33,45,483,243,240
2029,149,Fayette County,27623,13125,14498,18366,8640,9726,1859,916,943,6827,3288,3539,79,33,46,492,248,244
2030,149,Fayette County,27748,13157,14591,18360,8628,9732,1864,916,948,6944,3328,3616,80,34,46,500,251,249
2031,149,Fayette County,27886,13194,14692,18354,8613,9741,1876,919,957,7062,3370,3692,82,35,47,512,257,255
2032,149,Fayette County,28016,13237,14779,18337,8597,9740,1889,925,964,7181,3415,3766,84,36,48,525,264,261
2033,149,Fayette County,28140,13270,14870,18329,8584,9745,1887,921,966,7299,3458,3841,86,37,49,539,270,269
2034,149,Fayette County,28254,13305,14949,18307,8570,9737,1888,921,967,7419,3500,3919,88,38,50,552,276,276
2035,149,Fayette County,28354,13328,15026,18271,8543,9728,1889,922,967,7543,3542,4001,89,39,50,562,282,280
2036,149,Fayette County,28448,13360,15088,18242,8527,9715,1887,922,965,7654,3585,4069,91,40,51,574,286,288
2037,149,Fayette County,28540,13383,15157,18211,8506,9705,1876,914,962,7772,3629,4143,92,41,51,589,293,296
2038,149,Fayette County,28633,13411,15222,18190,8494,9696,1865,907,958,7880,3667,4213,94,42,52,604,301,303
2039,149,Fayette County,28749,13450,15299,18173,8485,9688,1868,910,958,7995,3705,4290,96,43,53,617,307,310
2040,149,Fayette County,28831,13467,15364,18140,8467,9673,1862,908,954,8104,3736,4368,98,44,54,627,312,315
2041,149,Fayette County,28923,13500,15423,18118,8458,9660,1856,906,950,8214,3775,4439,98,45,53,637,316,321
2042,149,Fayette County,29058,13548,15510,18115,8460,9655,1852,902,950,8338,3816,4522,99,46,53,654,324,330
2043,149,Fayette County,29159,13590,15569,18100,8454,9646,1845,899,946,8455,3864,4591,101,47,54,658,326,332
2044,149,Fayette County,29285,13636,15649,18095,8460,9635,1847,901,946,8568,3895,4673,101,48,53,674,332,342
2045,149,Fayette County,29421,13685,15736,18102,8465,9637,1840,896,944,8692,3940,4752,103,49,54,684,335,349
2046,149,Fayette County,29547,13748,15799,18102,8482,9620,1826,892,934,8813,3980,4833,104,49,55,702,345,357
2047,149,Fayette County,29681,13797,15884,18118,8494,9624,1820,888,932,8922,4014,4908,106,50,56,715,351,364
2048,149,Fayette County,29843,13869,15974,18135,8517,9618,1819,888,931,9058,4058,5000,107,50,57,724,356,368
2049,149,Fayette County,29993,13933,16060,18164,8538,9626,1816,890,926,9170,4094,5076,109,51,58,734,360,374
2050,149,Fayette County,30148,14003,16145,18190,8565,9625,1806,886,920,9289,4130,5159,110,52,58,753,370,383
2010,151,Fisher County,3974,1958,2016,2797,1367,1430,124,55,69,999,507,492,7,3,4,47,26,21
2011,151,Fisher County,3962,1955,2007,2764,1353,1411,126,56,70,1017,517,500,7,3,4,48,26,22
2012,151,Fisher County,3951,1952,1999,2735,1340,1395,128,57,71,1032,525,507,7,3,4,49,27,22
2013,151,Fisher County,3946,1956,1990,2710,1333,1377,129,58,71,1050,535,515,7,3,4,50,27,23
2014,151,Fisher County,3952,1965,1987,2694,1330,1364,131,59,72,1069,545,524,7,3,4,51,28,23
2015,151,Fisher County,3963,1974,1989,2680,1327,1353,134,60,74,1090,556,534,7,3,4,52,28,24
2016,151,Fisher County,3969,1979,1990,2661,1318,1343,136,61,75,1112,568,544,7,3,4,53,29,24
2017,151,Fisher County,3979,1985,1994,2645,1313,1332,138,62,76,1135,578,557,7,3,4,54,29,25
2018,151,Fisher County,3985,1986,1999,2625,1302,1323,140,63,77,1159,589,570,7,3,4,54,29,25
2019,151,Fisher County,3983,1980,2003,2599,1286,1313,142,64,78,1180,598,582,7,3,4,55,29,26
2020,151,Fisher County,3985,1979,2006,2573,1270,1303,144,65,79,1205,611,594,7,3,4,56,30,26
2021,151,Fisher County,3980,1976,2004,2544,1255,1289,146,66,80,1227,622,605,7,3,4,56,30,26
2022,151,Fisher County,3979,1977,2002,2518,1239,1279,149,68,81,1249,636,613,7,3,4,56,31,25
2023,151,Fisher County,3980,1977,2003,2492,1226,1266,151,69,82,1273,648,625,7,3,4,57,31,26
2024,151,Fisher County,3979,1978,2001,2465,1212,1253,153,70,83,1296,661,635,7,3,4,58,32,26
2025,151,Fisher County,3978,1980,1998,2437,1198,1239,154,71,83,1321,676,645,7,3,4,59,32,27
2026,151,Fisher County,3980,1984,1996,2414,1186,1228,155,72,83,1344,690,654,7,3,4,60,33,27
2027,151,Fisher County,3976,1982,1994,2385,1170,1215,156,73,83,1367,703,664,7,3,4,61,33,28
2028,151,Fisher County,3973,1988,1985,2360,1162,1198,157,74,83,1387,715,672,7,3,4,62,34,28
2029,151,Fisher County,3967,1988,1979,2331,1148,1183,158,75,83,1408,728,680,7,3,4,63,34,29
2030,151,Fisher County,3951,1985,1966,2297,1133,1164,158,76,82,1426,739,687,7,3,4,63,34,29
2031,151,Fisher County,3945,1984,1961,2264,1116,1148,159,76,83,1450,755,695,7,3,4,65,34,31
2032,151,Fisher County,3926,1977,1949,2230,1100,1130,159,77,82,1465,762,703,7,3,4,65,35,30
2033,151,Fisher County,3906,1968,1938,2194,1083,1111,158,76,82,1481,771,710,7,3,4,66,35,31
2034,151,Fisher County,3891,1958,1933,2160,1063,1097,159,76,83,1497,779,718,7,3,4,68,37,31
2035,151,Fisher County,3877,1948,1929,2126,1045,1081,160,77,83,1517,788,729,7,3,4,67,35,32
2036,151,Fisher County,3856,1936,1920,2092,1029,1063,160,77,83,1530,792,738,7,3,4,67,35,32
2037,151,Fisher County,3840,1922,1918,2054,1006,1048,162,78,84,1550,800,750,7,3,4,67,35,32
2038,151,Fisher County,3826,1914,1912,2023,992,1031,163,79,84,1565,805,760,7,3,4,68,35,33
2039,151,Fisher County,3815,1911,1904,1992,979,1013,163,79,84,1582,813,769,7,3,4,71,37,34
2040,151,Fisher County,3808,1907,1901,1958,962,996,164,80,84,1606,824,782,7,3,4,73,38,35
2041,151,Fisher County,3798,1904,1894,1925,947,978,163,79,84,1629,836,793,7,3,4,74,39,35
2042,151,Fisher County,3782,1899,1883,1888,929,959,163,79,84,1650,849,801,7,3,4,74,39,35
2043,151,Fisher County,3774,1900,1874,1856,914,942,163,79,84,1674,865,809,7,3,4,74,39,35
2044,151,Fisher County,3765,1897,1868,1817,894,923,163,79,84,1703,882,821,7,3,4,75,39,36
2045,151,Fisher County,3746,1892,1854,1778,873,905,162,80,82,1721,896,825,7,3,4,78,40,38
2046,151,Fisher County,3731,1883,1848,1748,857,891,163,80,83,1735,903,832,7,3,4,78,40,38
2047,151,Fisher County,3727,1885,1842,1723,843,880,162,80,82,1757,919,838,7,3,4,78,40,38
2048,151,Fisher County,3710,1881,1829,1691,830,861,161,79,82,1772,929,843,7,3,4,79,40,39
2049,151,Fisher County,3701,1879,1822,1659,814,845,160,79,81,1795,943,852,7,3,4,80,40,40
2050,151,Fisher County,3693,1875,1818,1631,799,832,160,80,80,1814,953,861,7,3,4,81,40,41
2010,153,Floyd County,6446,3176,3270,2777,1332,1445,211,106,105,3410,1716,1694,11,5,6,37,17,20
2011,153,Floyd County,6331,3124,3207,2665,1283,1382,213,107,106,3404,1712,1692,11,5,6,38,17,21
2012,153,Floyd County,6239,3088,3151,2569,1245,1324,215,108,107,3405,1712,1693,11,5,6,39,18,21
2013,153,Floyd County,6159,3060,3099,2478,1212,1266,217,109,108,3413,1716,1697,11,5,6,40,18,22
2014,153,Floyd County,6090,3034,3056,2397,1180,1217,219,110,109,3422,1720,1702,11,5,6,41,19,22
2015,153,Floyd County,6031,3007,3024,2329,1149,1180,221,111,110,3428,1723,1705,11,5,6,42,19,23
2016,153,Floyd County,5980,2988,2992,2269,1124,1145,223,112,111,3434,1727,1707,11,5,6,43,20,23
2017,153,Floyd County,5928,2965,2963,2212,1100,1112,224,113,111,3437,1727,1710,11,5,6,44,20,24
2018,153,Floyd County,5886,2946,2940,2155,1074,1081,226,114,112,3449,1732,1717,11,5,6,45,21,24
2019,153,Floyd County,5834,2923,2911,2096,1046,1050,226,114,112,3455,1737,1718,11,5,6,46,21,25
2020,153,Floyd County,5786,2902,2884,2044,1023,1021,228,115,113,3456,1737,1719,11,5,6,47,22,25
2021,153,Floyd County,5743,2882,2861,1990,995,995,229,116,113,3465,1744,1721,11,5,6,48,22,26
2022,153,Floyd County,5687,2857,2830,1936,968,968,231,117,114,3460,1744,1716,11,5,6,49,23,26
2023,153,Floyd County,5645,2842,2803,1895,952,943,233,118,115,3456,1744,1712,11,5,6,50,23,27
2024,153,Floyd County,5595,2821,2774,1845,928,917,233,119,114,3456,1745,1711,11,5,6,50,24,26
2025,153,Floyd County,5548,2801,2747,1799,907,892,232,119,113,3455,1746,1709,11,5,6,51,24,27
2026,153,Floyd County,5502,2780,2722,1759,888,871,233,120,113,3447,1742,1705,11,5,6,52,25,27
2027,153,Floyd County,5464,2761,2703,1720,867,853,235,121,114,3445,1743,1702,11,5,6,53,25,28
2028,153,Floyd County,5421,2740,2681,1679,846,833,236,123,113,3441,1740,1701,11,5,6,54,26,28
2029,153,Floyd County,5379,2716,2663,1644,828,816,238,124,114,3431,1733,1698,11,5,6,55,26,29
2030,153,Floyd County,5330,2697,2633,1605,811,794,240,126,114,3418,1728,1690,11,5,6,56,27,29
2031,153,Floyd County,5277,2670,2607,1569,794,775,242,127,115,3398,1717,1681,11,5,6,57,27,30
2032,153,Floyd County,5222,2648,2574,1535,778,757,243,128,115,3376,1709,1667,11,5,6,57,28,29
2033,153,Floyd County,5160,2613,2547,1501,759,742,243,127,116,3347,1694,1653,11,5,6,58,28,30
2034,153,Floyd County,5105,2586,2519,1470,742,728,243,127,116,3322,1683,1639,11,5,6,59,29,30
2035,153,Floyd County,5044,2550,2494,1437,724,713,244,127,117,3292,1665,1627,11,5,6,60,29,31
2036,153,Floyd County,4995,2523,2472,1405,704,701,244,127,117,3274,1657,1617,11,5,6,61,30,31
2037,153,Floyd County,4950,2500,2450,1378,687,691,244,127,117,3256,1651,1605,11,5,6,61,30,31
2038,153,Floyd County,4901,2476,2425,1351,674,677,245,128,117,3232,1638,1594,11,5,6,62,31,31
2039,153,Floyd County,4844,2447,2397,1321,657,664,245,128,117,3205,1626,1579,11,5,6,62,31,31
2040,153,Floyd County,4793,2422,2371,1292,640,652,245,128,117,3182,1617,1565,11,5,6,63,32,31
2041,153,Floyd County,4726,2385,2341,1264,624,640,243,127,116,3145,1597,1548,11,5,6,63,32,31
2042,153,Floyd County,4677,2360,2317,1241,611,630,244,128,116,3118,1584,1534,11,5,6,63,32,31
2043,153,Floyd County,4613,2330,2283,1222,602,620,244,128,116,3074,1565,1509,11,5,6,62,30,32
2044,153,Floyd County,4551,2298,2253,1195,587,608,244,128,116,3038,1547,1491,11,5,6,63,31,32
2045,153,Floyd County,4495,2266,2229,1171,573,598,242,126,116,3007,1531,1476,11,5,6,64,31,33
2046,153,Floyd County,4444,2241,2203,1155,568,587,240,124,116,2973,1512,1461,11,5,6,65,32,33
2047,153,Floyd County,4388,2211,2177,1135,559,576,236,121,115,2941,1495,1446,11,5,6,65,31,34
2048,153,Floyd County,4344,2190,2154,1120,555,565,235,120,115,2912,1478,1434,11,5,6,66,32,34
2049,153,Floyd County,4282,2156,2126,1101,547,554,234,120,114,2871,1454,1417,11,5,6,65,30,35
2050,153,Floyd County,4220,2122,2098,1082,540,542,232,119,113,2831,1428,1403,11,5,6,64,30,34
2010,155,Foard County,1336,637,699,1087,516,571,53,23,30,187,94,93,4,1,3,5,3,2
2011,155,Foard County,1313,629,684,1061,505,556,54,23,31,189,97,92,4,1,3,5,3,2
2012,155,Foard County,1297,625,672,1040,497,543,55,24,31,193,100,93,4,1,3,5,3,2
2013,155,Foard County,1285,619,666,1022,488,534,56,24,32,198,103,95,4,1,3,5,3,2
2014,155,Foard County,1274,615,659,1004,480,524,57,25,32,204,106,98,4,1,3,5,3,2
2015,155,Foard County,1270,614,656,993,476,517,58,25,33,210,109,101,4,1,3,5,3,2
2016,155,Foard County,1265,613,652,982,471,511,59,26,33,215,112,103,4,1,3,5,3,2
2017,155,Foard County,1256,609,647,967,464,503,60,26,34,220,115,105,4,1,3,5,3,2
2018,155,Foard County,1248,606,642,953,457,496,61,27,34,225,118,107,4,1,3,5,3,2
2019,155,Foard County,1240,601,639,938,448,490,63,28,35,230,121,109,4,1,3,5,3,2
2020,155,Foard County,1240,602,638,931,445,486,65,29,36,235,124,111,4,1,3,5,3,2
2021,155,Foard County,1238,602,636,924,441,483,66,30,36,239,127,112,4,1,3,5,3,2
2022,155,Foard County,1232,599,633,912,434,478,68,31,37,243,130,113,4,1,3,5,3,2
2023,155,Foard County,1234,601,633,908,433,475,69,31,38,248,133,115,4,1,3,5,3,2
2024,155,Foard County,1231,602,629,899,430,469,70,32,38,253,136,117,4,1,3,5,3,2
2025,155,Foard County,1223,600,623,885,425,460,71,32,39,258,139,119,4,1,3,5,3,2
2026,155,Foard County,1219,600,619,876,421,455,72,33,39,262,142,120,4,1,3,5,3,2
2027,155,Foard County,1220,601,619,873,420,453,73,33,40,265,144,121,4,1,3,5,3,2
2028,155,Foard County,1210,598,612,859,414,445,74,34,40,268,146,122,4,1,3,5,3,2
2029,155,Foard County,1206,596,610,850,409,441,75,34,41,272,149,123,4,1,3,5,3,2
2030,155,Foard County,1201,594,607,841,404,437,76,35,41,275,151,124,4,1,3,5,3,2
2031,155,Foard County,1194,589,605,830,397,433,77,35,42,279,153,126,4,1,3,4,3,1
2032,155,Foard County,1190,587,603,820,392,428,78,36,42,283,155,128,4,1,3,5,3,2
2033,155,Foard County,1188,586,602,814,389,425,78,36,42,287,157,130,4,1,3,5,3,2
2034,155,Foard County,1181,583,598,802,382,420,78,37,41,292,160,132,4,1,3,5,3,2
2035,155,Foard County,1179,583,596,795,379,416,78,37,41,297,163,134,4,1,3,5,3,2
2036,155,Foard County,1177,585,592,790,378,412,78,38,40,300,165,135,4,1,3,5,3,2
2037,155,Foard County,1179,587,592,787,377,410,79,38,41,304,168,136,4,1,3,5,3,2
2038,155,Foard County,1177,588,589,781,375,406,80,39,41,307,170,137,4,1,3,5,3,2
2039,155,Foard County,1173,587,586,773,372,401,81,39,42,310,172,138,4,1,3,5,3,2
2040,155,Foard County,1171,585,586,767,367,400,81,40,41,314,174,140,4,1,3,5,3,2
2041,155,Foard County,1171,584,587,761,364,397,82,40,42,318,176,142,4,1,3,6,3,3
2042,155,Foard County,1173,586,587,755,361,394,83,41,42,324,179,145,4,1,3,7,4,3
2043,155,Foard County,1173,584,589,746,356,390,84,41,43,331,182,149,4,1,3,8,4,4
2044,155,Foard County,1173,584,589,738,352,386,85,42,43,338,185,153,4,1,3,8,4,4
2045,155,Foard County,1176,583,593,732,348,384,86,42,44,345,188,157,4,1,3,9,4,5
2046,155,Foard County,1179,586,593,726,347,379,87,43,44,352,190,162,4,1,3,10,5,5
2047,155,Foard County,1180,583,597,721,344,377,85,40,45,360,193,167,4,1,3,10,5,5
2048,155,Foard County,1181,583,598,714,341,373,86,41,45,367,195,172,4,1,3,10,5,5
2049,155,Foard County,1182,582,600,707,338,369,87,41,46,374,197,177,4,1,3,10,5,5
2050,155,Foard County,1181,580,601,701,334,367,87,42,45,379,198,181,4,1,3,10,5,5
2010,157,Fort Bend County,585375,287368,298007,211680,105559,106121,123267,57949,65318,138967,69283,69684,98762,48373,50389,12699,6204,6495
2011,157,Fort Bend County,607304,298151,309153,217589,108572,109017,126739,59544,67195,144926,72193,72733,104562,51243,53319,13488,6599,6889
2012,157,Fort Bend County,629815,309204,320611,223548,111612,111936,130262,61150,69112,151041,75176,75865,110653,54254,56399,14311,7012,7299
2013,157,Fort Bend County,653094,320669,332425,229574,114684,114890,133849,62795,71054,157374,78275,79099,117114,57465,59649,15183,7450,7733
2014,157,Fort Bend County,677117,332464,344653,235662,117773,117889,137505,64468,73037,163909,81468,82441,123941,60851,63090,16100,7904,8196
2015,157,Fort Bend County,701964,344676,357288,241835,120902,120933,141227,66164,75063,170660,84768,85892,131163,64441,66722,17079,8401,8678
2016,157,Fort Bend County,727662,357284,370378,248093,124065,124028,145034,67900,77134,177605,88154,89451,138804,68246,70558,18126,8919,9207
2017,157,Fort Bend County,754240,370355,383885,254448,127285,127163,148922,69671,79251,184766,91644,93122,146875,72277,74598,19229,9478,9751
2018,157,Fort Bend County,781830,383910,397920,260902,130546,130356,152917,71489,81428,192140,95240,96900,155467,76569,78898,20404,10066,10338
2019,157,Fort Bend County,810461,397977,412484,267466,133848,133618,156992,73347,83645,199787,98961,100826,164562,81135,83427,21654,10686,10968
2020,157,Fort Bend County,840214,412584,427630,274177,137238,136939,161167,75245,85922,207700,102803,104897,174181,85945,88236,22989,11353,11636
2021,157,Fort Bend County,871141,427802,443339,281060,140709,140351,165443,77193,88250,215890,106781,109109,184347,91052,93295,24401,12067,12334
2022,157,Fort Bend County,903246,443595,459651,288107,144277,143830,169794,79163,90631,224343,110874,113469,195087,96454,98633,25915,12827,13088
2023,157,Fort Bend County,936536,459998,476538,295313,147910,147403,174225,81187,93038,233062,115090,117972,206412,102173,104239,27524,13638,13886
2024,157,Fort Bend County,971022,477002,494020,302678,151614,151064,178738,83248,95490,242063,119450,122613,218317,108199,110118,29226,14491,14735
2025,157,Fort Bend County,1006723,494629,512094,310194,155386,154808,183313,85339,97974,251342,123939,127403,230836,114555,116281,31038,15410,15628
2026,157,Fort Bend County,1043581,512816,530765,317874,159246,158628,187925,87444,100481,260898,128548,132350,243933,121202,122731,32951,16376,16575
2027,157,Fort Bend County,1081592,531602,549990,325671,163158,162513,192578,89573,103005,270715,133285,137430,257659,128196,129463,34969,17390,17579
2028,157,Fort Bend County,1120718,550929,569789,333547,167108,166439,197260,91720,105540,280814,138154,142660,272023,135505,136518,37074,18442,18632
2029,157,Fort Bend County,1160966,570822,590144,341548,171118,170430,201958,93875,108083,291162,143131,148031,286999,143134,143865,39299,19564,19735
2030,157,Fort Bend County,1202270,591243,611027,349633,175182,174451,206651,96027,110624,301750,148220,153530,302631,151091,151540,41605,20723,20882
2031,157,Fort Bend County,1244551,612165,632386,357739,179259,178480,211332,98175,113157,312593,153425,159168,318853,159367,159486,44034,21939,22095
2032,157,Fort Bend County,1287814,633574,654240,365876,183360,182516,215965,100306,115659,323691,158749,164942,335728,167965,167763,46554,23194,23360
2033,157,Fort Bend County,1332030,655489,676541,373998,187460,186538,220560,102429,118131,335028,164186,170842,353267,176907,176360,49177,24507,24670
2034,157,Fort Bend County,1377147,677849,699298,382067,191545,190522,225120,104537,120583,346585,169716,176869,371459,186183,185276,51916,25868,26048
2035,157,Fort Bend County,1423177,700682,722495,390101,195610,194491,229628,106629,122999,358384,175367,183017,390314,195805,194509,54750,27271,27479
2036,157,Fort Bend County,1470159,723994,746165,398084,199666,198418,234091,108708,125383,370405,181117,189288,409886,205790,204096,57693,28713,28980
2037,157,Fort Bend County,1518076,747802,770274,405988,203692,202296,238516,110777,127739,382672,186990,195682,430172,216148,214024,60728,30195,30533
2038,157,Fort Bend County,1566958,772070,794888,413793,207676,206117,242892,112830,130062,395183,192969,202214,451215,226873,224342,63875,31722,32153
2039,157,Fort Bend County,1616864,796855,820009,421501,211624,209877,247245,114885,132360,407933,199049,208884,473065,238017,235048,67120,33280,33840
2040,157,Fort Bend County,1667816,822160,845656,429115,215541,213574,251550,116920,134630,420930,205251,215679,495740,249571,246169,70481,34877,35604
2041,157,Fort Bend County,1719882,848064,871818,436633,219427,217206,255817,118951,136866,434173,211576,222597,519298,261589,257709,73961,36521,37440
2042,157,Fort Bend County,1773132,874528,898604,444087,223300,220787,260054,120974,139080,447681,218010,229671,543770,274055,269715,77540,38189,39351
2043,157,Fort Bend County,1827650,901672,925978,451488,227164,224324,264271,123002,141269,461420,224563,236857,569216,287033,282183,81255,39910,41345
2044,157,Fort Bend County,1883556,929512,954044,458842,231026,227816,268465,125032,143433,475442,231244,244198,595694,300523,295171,85113,41687,43426
2045,157,Fort Bend County,1940966,958125,982841,466190,234910,231280,272654,127064,145590,489741,238061,251680,623277,314582,308695,89104,43508,45596
2046,157,Fort Bend County,2000033,987592,1012441,473568,238837,234731,276842,129106,147736,504315,245006,259309,652045,329250,322795,93263,45393,47870
2047,157,Fort Bend County,2060882,1017994,1042888,481003,242819,238184,281021,131155,149866,519196,252095,267101,682060,344567,337493,97602,47358,50244
2048,157,Fort Bend County,2123553,1049315,1074238,488503,246859,241644,285202,133211,151991,534360,259320,275040,713363,360531,352832,102125,49394,52731
2049,157,Fort Bend County,2188214,1081667,1106547,496130,250980,245150,289366,135273,154093,549848,266705,283143,746023,377197,368826,106847,51512,55335
2050,157,Fort Bend County,2254963,1115066,1139897,503882,255188,248694,293547,137346,156201,565637,274223,291414,780101,394582,385519,111796,53727,58069
2010,159,Franklin County,10605,5215,5390,8601,4186,4415,411,199,212,1333,721,612,49,17,32,211,92,119
2011,159,Franklin County,10617,5230,5387,8579,4183,4396,417,202,215,1359,734,625,50,17,33,212,94,118
2012,159,Franklin County,10643,5249,5394,8567,4183,4384,423,205,218,1387,746,641,51,18,33,215,97,118
2013,159,Franklin County,10668,5269,5399,8551,4183,4368,427,208,219,1419,760,659,52,18,34,219,100,119
2014,159,Franklin County,10700,5296,5404,8540,4187,4353,433,211,222,1453,776,677,53,19,34,221,103,118
2015,159,Franklin County,10730,5318,5412,8523,4189,4334,439,214,225,1489,790,699,54,19,35,225,106,119
2016,159,Franklin County,10763,5338,5425,8509,4187,4322,446,217,229,1524,805,719,55,20,35,229,109,120
2017,159,Franklin County,10802,5368,5434,8497,4193,4304,453,221,232,1563,823,740,56,20,36,233,111,122
2018,159,Franklin County,10847,5398,5449,8489,4195,4294,459,224,235,1604,845,759,57,21,36,238,113,125
2019,159,Franklin County,10885,5420,5465,8476,4193,4283,464,227,237,1643,863,780,58,21,37,244,116,128
2020,159,Franklin County,10924,5451,5473,8466,4198,4268,469,231,238,1683,882,801,59,22,37,247,118,129
2021,159,Franklin County,10954,5475,5479,8444,4195,4249,476,235,241,1724,902,822,60,22,38,250,121,129
2022,159,Franklin County,10977,5490,5487,8416,4182,4234,484,240,244,1763,921,842,61,23,38,253,124,129
2023,159,Franklin County,10996,5505,5491,8386,4174,4212,492,244,248,1797,937,860,62,23,39,259,127,132
2024,159,Franklin County,11012,5520,5492,8358,4165,4193,497,246,251,1831,956,875,63,24,39,263,129,134
2025,159,Franklin County,11032,5539,5493,8331,4161,4170,504,250,254,1865,972,893,64,24,40,268,132,136
2026,159,Franklin County,11049,5548,5501,8300,4149,4151,511,254,257,1900,986,914,65,25,40,273,134,139
2027,159,Franklin County,11064,5551,5513,8267,4132,4135,515,256,259,1939,1003,936,66,25,41,277,135,142
2028,159,Franklin County,11100,5572,5528,8252,4128,4124,520,258,262,1979,1022,957,67,26,41,282,138,144
2029,159,Franklin County,11118,5578,5540,8219,4117,4102,526,261,265,2019,1034,985,67,26,41,287,140,147
2030,159,Franklin County,11137,5594,5543,8187,4108,4079,528,262,266,2059,1053,1006,69,27,42,294,144,150
2031,159,Franklin County,11164,5611,5553,8160,4100,4060,534,264,270,2098,1071,1027,71,28,43,301,148,153
2032,159,Franklin County,11190,5635,5555,8137,4096,4041,537,267,270,2139,1092,1047,73,29,44,304,151,153
2033,159,Franklin County,11206,5647,5559,8108,4086,4022,538,268,270,2176,1109,1067,75,30,45,309,154,155
2034,159,Franklin County,11218,5660,5558,8071,4073,3998,542,271,271,2214,1127,1087,77,31,46,314,158,156
2035,159,Franklin County,11224,5675,5549,8039,4067,3972,546,274,272,2243,1142,1101,79,32,47,317,160,157
2036,159,Franklin County,11233,5688,5545,8000,4059,3941,549,276,273,2282,1158,1124,81,33,48,321,162,159
2037,159,Franklin County,11265,5713,5552,7986,4062,3924,552,278,274,2319,1173,1146,83,34,49,325,166,159
2038,159,Franklin County,11293,5733,5560,7959,4057,3902,556,281,275,2364,1192,1172,85,35,50,329,168,161
2039,159,Franklin County,11305,5741,5564,7928,4050,3878,559,283,276,2399,1202,1197,86,35,51,333,171,162
2040,159,Franklin County,11314,5746,5568,7895,4039,3856,559,283,276,2439,1214,1225,86,36,50,335,174,161
2041,159,Franklin County,11337,5758,5579,7873,4034,3839,560,284,276,2478,1226,1252,87,36,51,339,178,161
2042,159,Franklin County,11363,5771,5592,7860,4035,3825,563,285,278,2511,1234,1277,87,37,50,342,180,162
2043,159,Franklin County,11399,5788,5611,7851,4036,3815,566,286,280,2551,1248,1303,88,37,51,343,181,162
2044,159,Franklin County,11425,5800,5625,7840,4034,3806,569,288,281,2584,1260,1324,89,38,51,343,180,163
2045,159,Franklin County,11448,5805,5643,7823,4027,3796,572,290,282,2618,1268,1350,90,38,52,345,182,163
2046,159,Franklin County,11460,5809,5651,7803,4023,3780,570,291,279,2650,1274,1376,90,38,52,347,183,164
2047,159,Franklin County,11480,5815,5665,7790,4019,3771,569,290,279,2683,1286,1397,90,38,52,348,182,166
2048,159,Franklin County,11508,5827,5681,7777,4012,3765,566,289,277,2727,1305,1422,91,39,52,347,182,165
2049,159,Franklin County,11535,5847,5688,7770,4014,3756,567,292,275,2759,1319,1440,92,39,53,347,183,164
2050,159,Franklin County,11553,5852,5701,7757,4009,3748,567,291,276,2791,1331,1460,92,40,52,346,181,165
2010,161,Freestone County,19816,10437,9379,13656,6937,6719,3164,1748,1416,2694,1591,1103,50,22,28,252,139,113
2011,161,Freestone County,19806,10416,9390,13606,6901,6705,3138,1732,1406,2752,1618,1134,51,22,29,259,143,116
2012,161,Freestone County,19813,10407,9406,13559,6867,6692,3124,1724,1400,2811,1646,1165,52,23,29,267,147,120
2013,161,Freestone County,19823,10403,9420,13501,6830,6671,3117,1719,1398,2877,1680,1197,53,23,30,275,151,124
2014,161,Freestone County,19830,10387,9443,13446,6789,6657,3105,1710,1395,2943,1710,1233,54,24,30,282,154,128
2015,161,Freestone County,19847,10375,9472,13401,6751,6650,3094,1700,1394,3007,1742,1265,55,24,31,290,158,132
2016,161,Freestone County,19863,10383,9480,13353,6728,6625,3083,1692,1391,3073,1776,1297,56,25,31,298,162,136
2017,161,Freestone County,19863,10382,9481,13299,6699,6600,3059,1681,1378,3139,1809,1330,57,25,32,309,168,141
2018,161,Freestone County,19872,10378,9494,13247,6665,6582,3046,1674,1372,3203,1841,1362,58,26,32,318,172,146
2019,161,Freestone County,19879,10376,9503,13188,6629,6559,3031,1666,1365,3272,1876,1396,59,26,33,329,179,150
2020,161,Freestone County,19860,10364,9496,13107,6588,6519,3015,1653,1362,3340,1912,1428,60,27,33,338,184,154
2021,161,Freestone County,19865,10349,9516,13041,6544,6497,3006,1643,1363,3408,1944,1464,61,27,34,349,191,158
2022,161,Freestone County,19860,10341,9519,12963,6496,6467,2996,1638,1358,3478,1980,1498,62,28,34,361,199,162
2023,161,Freestone County,19844,10324,9520,12875,6445,6430,2983,1633,1350,3553,2016,1537,63,28,35,370,202,168
2024,161,Freestone County,19838,10312,9526,12801,6400,6401,2961,1622,1339,3630,2053,1577,64,29,35,382,208,174
2025,161,Freestone County,19821,10289,9532,12722,6348,6374,2940,1611,1329,3698,2085,1613,65,29,36,396,216,180
2026,161,Freestone County,19793,10266,9527,12632,6289,6343,2918,1607,1311,3771,2119,1652,66,30,36,406,221,185
2027,161,Freestone County,19755,10230,9525,12538,6230,6308,2897,1597,1300,3836,2147,1689,67,30,37,417,226,191
2028,161,Freestone County,19716,10198,9518,12452,6176,6276,2872,1588,1284,3901,2175,1726,68,31,37,423,228,195
2029,161,Freestone County,19675,10169,9506,12360,6120,6240,2852,1583,1269,3966,2203,1763,69,31,38,428,232,196
2030,161,Freestone County,19616,10125,9491,12254,6062,6192,2833,1574,1259,4025,2223,1802,70,32,38,434,234,200
2031,161,Freestone County,19553,10075,9478,12138,5994,6144,2813,1563,1250,4090,2249,1841,71,32,39,441,237,204
2032,161,Freestone County,19475,10019,9456,12014,5920,6094,2796,1556,1240,4146,2270,1876,72,33,39,447,240,207
2033,161,Freestone County,19386,9961,9425,11891,5851,6040,2768,1546,1222,4204,2291,1913,72,33,39,451,240,211
2034,161,Freestone County,19303,9899,9404,11765,5773,5992,2744,1536,1208,4260,2311,1949,73,34,39,461,245,216
2035,161,Freestone County,19200,9831,9369,11624,5693,5931,2721,1524,1197,4313,2332,1981,73,33,40,469,249,220
2036,161,Freestone County,19110,9769,9341,11498,5622,5876,2696,1512,1184,4369,2351,2018,74,34,40,473,250,223
2037,161,Freestone County,19006,9709,9297,11358,5549,5809,2671,1501,1170,4424,2370,2054,75,34,41,478,255,223
2038,161,Freestone County,18901,9641,9260,11226,5473,5753,2648,1492,1156,4466,2383,2083,76,35,41,485,258,227
2039,161,Freestone County,18795,9570,9225,11091,5397,5694,2621,1480,1141,4519,2402,2117,77,35,42,487,256,231
2040,161,Freestone County,18701,9510,9191,10967,5329,5638,2596,1472,1124,4567,2414,2153,78,36,42,493,259,234
2041,161,Freestone County,18597,9439,9158,10844,5257,5587,2574,1462,1112,4604,2423,2181,77,36,41,498,261,237
2042,161,Freestone County,18495,9370,9125,10727,5192,5535,2543,1447,1096,4641,2430,2211,77,36,41,507,265,242
2043,161,Freestone County,18400,9294,9106,10604,5119,5485,2518,1435,1083,4687,2439,2248,78,36,42,513,265,248
2044,161,Freestone County,18315,9234,9081,10493,5054,5439,2496,1425,1071,4725,2448,2277,78,36,42,523,271,252
2045,161,Freestone County,18221,9168,9053,10376,4990,5386,2477,1413,1064,4760,2457,2303,79,36,43,529,272,257
2046,161,Freestone County,18116,9099,9017,10261,4921,5340,2449,1400,1049,4787,2462,2325,76,35,41,543,281,262
2047,161,Freestone County,18023,9032,8991,10151,4862,5289,2428,1389,1039,4822,2466,2356,76,35,41,546,280,266
2048,161,Freestone County,17938,8959,8979,10048,4798,5250,2409,1374,1035,4853,2470,2383,76,36,40,552,281,271
2049,161,Freestone County,17860,8899,8961,9947,4739,5208,2387,1362,1025,4887,2476,2411,75,35,40,564,287,277
2050,161,Freestone County,17774,8832,8942,9853,4690,5163,2358,1345,1013,4922,2477,2445,76,36,40,565,284,281
2010,163,Frio County,17217,10032,7185,2796,1500,1296,524,492,32,13401,7630,5771,362,337,25,134,73,61
2011,163,Frio County,17465,10200,7265,2807,1508,1299,527,494,33,13631,7785,5846,364,339,25,136,74,62
2012,163,Frio County,17726,10372,7354,2816,1516,1300,529,496,33,13878,7945,5933,365,340,25,138,75,63
2013,163,Frio County,18006,10556,7450,2826,1525,1301,534,500,34,14138,8112,6026,368,343,25,140,76,64
2014,163,Frio County,18282,10728,7554,2839,1531,1308,536,502,34,14398,8276,6122,366,341,25,143,78,65
2015,163,Frio County,18565,10910,7655,2841,1532,1309,537,502,35,14675,8455,6220,368,343,25,144,78,66
2016,163,Frio County,18850,11092,7758,2849,1534,1315,537,501,36,14949,8634,6315,370,345,25,145,78,67
2017,163,Frio County,19130,11275,7855,2850,1534,1316,539,502,37,15223,8815,6408,370,345,25,148,79,69
2018,163,Frio County,19421,11466,7955,2857,1537,1320,538,500,38,15503,9001,6502,371,346,25,152,82,70
2019,163,Frio County,19718,11662,8056,2857,1538,1319,541,502,39,15796,9195,6601,369,344,25,155,83,72
2020,163,Frio County,20024,11872,8152,2860,1539,1321,544,504,40,16092,9399,6693,370,345,25,158,85,73
2021,163,Frio County,20327,12078,8249,2857,1538,1319,544,503,41,16401,9611,6790,367,342,25,158,84,74
2022,163,Frio County,20639,12291,8348,2853,1534,1319,547,505,42,16712,9825,6887,365,340,25,162,87,75
2023,163,Frio County,20964,12512,8452,2847,1530,1317,547,504,43,17035,10045,6990,370,345,25,165,88,77
2024,163,Frio County,21269,12728,8541,2835,1526,1309,546,502,44,17352,10267,7085,369,344,25,167,89,78
2025,163,Frio County,21596,12947,8649,2836,1525,1311,551,506,45,17674,10485,7189,366,341,25,169,90,79
2026,163,Frio County,21912,13163,8749,2835,1524,1311,554,508,46,17982,10695,7287,369,344,25,172,92,80
2027,163,Frio County,22224,13379,8845,2828,1521,1307,554,507,47,18298,10915,7383,369,343,26,175,93,82
2028,163,Frio County,22544,13603,8941,2822,1517,1305,556,508,48,18619,11140,7479,369,343,26,178,95,83
2029,163,Frio County,22855,13820,9035,2809,1512,1297,557,508,49,18939,11362,7577,369,342,27,181,96,85
2030,163,Frio County,23163,14045,9118,2802,1508,1294,559,509,50,19242,11581,7661,376,349,27,184,98,86
2031,163,Frio County,23480,14271,9209,2789,1500,1289,562,511,51,19565,11812,7753,377,349,28,187,99,88
2032,163,Frio County,23776,14487,9289,2779,1495,1284,564,512,52,19861,12025,7836,383,355,28,189,100,89
2033,163,Frio County,24076,14710,9366,2776,1496,1280,566,513,53,20160,12246,7914,383,354,29,191,101,90
2034,163,Frio County,24374,14931,9443,2765,1490,1275,570,516,54,20458,12464,7994,387,358,29,194,103,91
2035,163,Frio County,24665,15140,9525,2759,1486,1273,570,515,55,20755,12681,8074,387,357,30,194,101,93
2036,163,Frio County,24950,15359,9591,2745,1480,1265,571,515,56,21047,12901,8146,388,358,30,199,105,94
2037,163,Frio County,25243,15581,9662,2733,1474,1259,573,516,57,21345,13125,8220,392,362,30,200,104,96
2038,163,Frio County,25533,15793,9740,2721,1468,1253,573,515,58,21642,13340,8302,395,365,30,202,105,97
2039,163,Frio County,25821,16013,9808,2711,1464,1247,576,517,59,21931,13556,8375,395,366,29,208,110,98
2040,163,Frio County,26091,16225,9866,2696,1457,1239,579,519,60,22210,13772,8438,399,370,29,207,107,100
2041,163,Frio County,26393,16448,9945,2688,1453,1235,581,519,62,22511,13994,8517,401,372,29,212,110,102
2042,163,Frio County,26670,16651,10019,2681,1449,1232,580,517,63,22793,14202,8591,401,372,29,215,111,104
2043,163,Frio County,26951,16866,10085,2675,1444,1231,585,520,65,23074,14420,8654,402,373,29,215,109,106
2044,163,Frio County,27224,17075,10149,2665,1441,1224,583,518,65,23357,14633,8724,403,374,29,216,109,107
2045,163,Frio County,27501,17289,10212,2652,1436,1216,583,516,67,23641,14849,8792,401,372,29,224,116,108
2046,163,Frio County,27783,17509,10274,2649,1436,1213,586,518,68,23921,15067,8854,405,376,29,222,112,110
2047,163,Frio County,28051,17712,10339,2648,1437,1211,585,515,70,24191,15273,8918,403,374,29,224,113,111
2048,163,Frio County,28309,17908,10401,2630,1428,1202,585,514,71,24468,15481,8987,404,375,29,222,110,112
2049,163,Frio County,28565,18106,10459,2623,1427,1196,586,514,72,24728,15680,9048,403,374,29,225,111,114
2050,163,Frio County,28832,18306,10526,2620,1427,1193,585,513,72,24996,15878,9118,403,374,29,228,114,114
2010,165,Gaines County,17526,8798,8728,10628,5252,5376,261,132,129,6413,3294,3119,37,21,16,187,99,88
2011,165,Gaines County,17933,9022,8911,10726,5307,5419,266,135,131,6709,3456,3253,38,21,17,194,103,91
2012,165,Gaines County,18371,9264,9107,10832,5371,5461,270,138,132,7028,3626,3402,39,22,17,202,107,95
2013,165,Gaines County,18813,9507,9306,10938,5431,5507,275,141,134,7350,3802,3548,40,22,18,210,111,99
2014,165,Gaines County,19269,9754,9515,11040,5489,5551,281,144,137,7689,3983,3706,41,23,18,218,115,103
2015,165,Gaines County,19735,10017,9718,11139,5553,5586,286,147,139,8040,4173,3867,42,23,19,228,121,107
2016,165,Gaines County,20194,10270,9924,11238,5609,5629,290,150,140,8386,4361,4025,43,24,19,237,126,111
2017,165,Gaines County,20667,10532,10135,11335,5663,5672,297,153,144,8744,4561,4183,44,24,20,247,131,116
2018,165,Gaines County,21130,10792,10338,11417,5710,5707,303,156,147,9105,4762,4343,45,25,20,260,139,121
2019,165,Gaines County,21620,11061,10559,11501,5757,5744,309,159,150,9494,4975,4519,46,25,21,270,145,125
2020,165,Gaines County,22121,11332,10789,11580,5797,5783,315,162,153,9897,5197,4700,47,26,21,282,150,132
2021,165,Gaines County,22628,11608,11020,11663,5846,5817,321,165,156,10302,5414,4888,48,26,22,294,157,137
2022,165,Gaines County,23150,11900,11250,11737,5893,5844,327,168,159,10729,5649,5080,49,27,22,308,163,145
2023,165,Gaines County,23668,12182,11486,11805,5937,5868,332,170,162,11160,5879,5281,50,27,23,321,169,152
2024,165,Gaines County,24199,12467,11732,11878,5975,5903,338,173,165,11600,6116,5484,51,28,23,332,175,157
2025,165,Gaines County,24767,12788,11979,11949,6017,5932,343,176,167,12075,6382,5693,52,28,24,348,185,163
2026,165,Gaines County,25344,13114,12230,12019,6062,5957,349,179,170,12563,6653,5910,53,29,24,360,191,169
2027,165,Gaines County,25951,13451,12500,12099,6111,5988,352,181,171,13075,6934,6141,54,29,25,371,196,175
2028,165,Gaines County,26584,13797,12787,12188,6160,6028,357,184,173,13601,7221,6380,55,30,25,383,202,181
2029,165,Gaines County,27216,14145,13071,12271,6207,6064,362,188,174,14137,7514,6623,56,30,26,390,206,184
2030,165,Gaines County,27880,14502,13378,12355,6250,6105,367,191,176,14699,7819,6880,57,31,26,402,211,191
2031,165,Gaines County,28564,14880,13684,12436,6298,6138,371,194,177,15285,8139,7146,58,31,27,414,218,196
2032,165,Gaines County,29267,15265,14002,12513,6346,6167,375,197,178,15898,8468,7430,59,32,27,422,222,200
2033,165,Gaines County,29971,15652,14319,12571,6385,6186,381,201,180,16528,8809,7719,60,32,28,431,225,206
2034,165,Gaines County,30687,16051,14636,12620,6419,6201,385,203,182,17181,9166,8015,61,33,28,440,230,210
2035,165,Gaines County,31452,16475,14977,12679,6460,6219,390,205,185,17869,9540,8329,62,33,29,452,237,215
2036,165,Gaines County,32217,16894,15323,12729,6494,6235,396,208,188,18567,9915,8652,63,34,29,462,243,219
2037,165,Gaines County,33010,17332,15678,12782,6525,6257,402,211,191,19285,10310,8975,64,34,30,477,252,225
2038,165,Gaines County,33802,17770,16032,12818,6550,6268,407,214,193,20025,10713,9312,65,35,30,487,258,229
2039,165,Gaines County,34623,18218,16405,12846,6568,6278,413,217,196,20798,11134,9664,66,35,31,500,264,236
2040,165,Gaines County,35455,18674,16781,12876,6588,6288,420,221,199,21584,11564,10020,67,36,31,508,265,243
2041,165,Gaines County,36330,19152,17178,12909,6608,6301,426,224,202,22407,12013,10394,68,36,32,520,271,249
2042,165,Gaines County,37197,19626,17571,12934,6625,6309,431,226,205,23233,12464,10769,68,36,32,531,275,256
2043,165,Gaines County,38103,20115,17988,12967,6645,6322,437,230,207,24091,12928,11163,69,36,33,539,276,263
2044,165,Gaines County,39015,20611,18404,12989,6661,6328,443,233,210,24964,13401,11563,70,37,33,549,279,270
2045,165,Gaines County,39951,21120,18831,13009,6673,6336,450,237,213,25861,13890,11971,71,37,34,560,283,277
2046,165,Gaines County,40906,21646,19260,13019,6681,6338,456,242,214,26783,14393,12390,73,38,35,575,292,283
2047,165,Gaines County,41883,22175,19708,13036,6687,6349,459,242,217,27726,14909,12817,75,39,36,587,298,289
2048,165,Gaines County,42904,22731,20173,13046,6693,6353,466,246,220,28715,15448,13267,77,40,37,600,304,296
2049,165,Gaines County,43954,23298,20656,13066,6704,6362,468,249,219,29725,15992,13733,79,41,38,616,312,304
2050,165,Gaines County,45004,23875,21129,13065,6711,6354,474,252,222,30757,16554,14203,81,42,39,627,316,311
2010,167,Galveston County,291309,144234,147075,172652,85855,86797,39229,18508,20721,65270,33005,32265,8515,4043,4472,5643,2823,2820
2011,167,Galveston County,297262,147128,150134,175132,87032,88100,39731,18747,20984,67583,34161,33422,8935,4246,4689,5881,2942,2939
2012,167,Galveston County,303340,150083,153257,177640,88224,89416,40237,18976,21261,69955,35352,34603,9366,4452,4914,6142,3079,3063
2013,167,Galveston County,309566,153092,156474,180191,89430,90761,40774,19227,21547,72392,36565,35827,9817,4670,5147,6392,3200,3192
2014,167,Galveston County,315897,156165,159732,182746,90645,92101,41308,19472,21836,74894,37815,37079,10296,4905,5391,6653,3328,3325
2015,167,Galveston County,322288,159256,163032,185296,91847,93449,41841,19719,22122,77453,39090,38363,10776,5136,5640,6922,3464,3458
2016,167,Galveston County,328721,162366,166355,187804,93025,94779,42388,19974,22414,80074,40396,39678,11269,5374,5895,7186,3597,3589
2017,167,Galveston County,335194,165489,169705,190267,94184,96083,42923,20220,22703,82755,41730,41025,11784,5618,6166,7465,3737,3728
2018,167,Galveston County,341726,168625,173101,192727,95332,97395,43433,20451,22982,85496,43092,42404,12328,5878,6450,7742,3872,3870
2019,167,Galveston County,348426,171845,176581,195214,96491,98723,43972,20705,23267,88307,44480,43827,12888,6145,6743,8045,4024,4021
2020,167,Galveston County,355178,175102,180076,197698,97658,100040,44498,20958,23540,91179,45900,45279,13458,6415,7043,8345,4171,4174
2021,167,Galveston County,362084,178413,183671,200217,98842,101375,45027,21211,23816,94127,47342,46785,14054,6689,7365,8659,4329,4330
2022,167,Galveston County,369074,181765,187309,202724,100011,102713,45562,21459,24103,97148,48832,48316,14672,6982,7690,8968,4481,4487
2023,167,Galveston County,376138,185149,190989,205208,101163,104045,46109,21717,24392,100221,50343,49878,15301,7281,8020,9299,4645,4654
2024,167,Galveston County,383274,188557,194717,207715,102331,105384,46640,21960,24680,103369,51893,51476,15930,7573,8357,9620,4800,4820
2025,167,Galveston County,390450,191997,198453,210189,103481,106708,47150,22199,24951,106559,53464,53095,16593,7884,8709,9959,4969,4990
2026,167,Galveston County,397691,195452,202239,212645,104618,108027,47661,22432,25229,109813,55060,54753,17273,8206,9067,10299,5136,5163
2027,167,Galveston County,404932,198921,206011,215051,105735,109316,48139,22657,25482,113120,56682,56438,17974,8539,9435,10648,5308,5340
2028,167,Galveston County,412267,202424,209843,217440,106840,110600,48631,22892,25739,116497,58341,58156,18693,8873,9820,11006,5478,5528
2029,167,Galveston County,419588,205938,213650,219764,107917,111847,49098,23115,25983,119931,60028,59903,19422,9222,10200,11373,5656,5717
2030,167,Galveston County,426951,209491,217460,222050,108977,113073,49569,23352,26217,123421,61747,61674,20166,9573,10593,11745,5842,5903
2031,167,Galveston County,434285,213017,221268,224269,110003,114266,50029,23574,26455,126950,63486,63464,20912,9927,10985,12125,6027,6098
2032,167,Galveston County,441604,216541,225063,226431,111007,115424,50459,23781,26678,130525,65250,65275,21681,10294,11387,12508,6209,6299
2033,167,Galveston County,448940,220075,228865,228513,111983,116530,50877,23986,26891,134178,67048,67130,22466,10657,11809,12906,6401,6505
2034,167,Galveston County,456295,223634,232661,230549,112939,117610,51273,24183,27090,137864,68864,69000,23293,11051,12242,13316,6597,6719
2035,167,Galveston County,463659,227202,236457,232526,113867,118659,51661,24375,27286,141613,70712,70901,24135,11457,12678,13724,6791,6933
2036,167,Galveston County,471021,230755,240266,234439,114769,119670,52040,24559,27481,145397,72571,72826,25000,11868,13132,14145,6988,7157
2037,167,Galveston County,478387,234326,244061,236297,115651,120646,52376,24726,27650,149254,74472,74782,25886,12292,13594,14574,7185,7389
2038,167,Galveston County,485770,237907,247863,238091,116507,121584,52717,24893,27824,153165,76403,76762,26799,12727,14072,14998,7377,7621
2039,167,Galveston County,493173,241489,251684,239843,117347,122496,53042,25054,27988,157135,78359,78776,27727,13167,14560,15426,7562,7864
2040,167,Galveston County,500599,245074,255525,241549,118168,123381,53351,25204,28147,161140,80327,80813,28699,13621,15078,15860,7754,8106
2041,167,Galveston County,508104,248710,259394,243231,118988,124243,53661,25355,28306,165217,82338,82879,29699,14091,15608,16296,7938,8358
2042,167,Galveston County,515643,252364,263279,244885,119801,125084,53949,25503,28446,169351,84372,84979,30717,14561,16156,16741,8127,8614
2043,167,Galveston County,523214,256041,267173,246491,120604,125887,54230,25640,28590,173525,86427,87098,31784,15057,16727,17184,8313,8871
2044,167,Galveston County,530905,259800,271105,248097,121411,126686,54508,25786,28722,177759,88514,89245,32898,15586,17312,17643,8503,9140
2045,167,Galveston County,538642,263570,275072,249674,122213,127461,54771,25916,28855,182053,90634,91419,34047,16122,17925,18097,8685,9412
2046,167,Galveston County,546502,267414,279088,251263,123030,128233,55030,26050,28980,186397,92779,93618,35237,16677,18560,18575,8878,9697
2047,167,Galveston County,554408,271279,283129,252843,123845,128998,55279,26179,29100,190795,94949,95846,36453,17250,19203,19038,9056,9982
2048,167,Galveston County,562429,275186,287243,254414,124663,129751,55528,26301,29227,195246,97142,98104,37716,17838,19878,19525,9242,10283
2049,167,Galveston County,570540,279146,291394,256000,125495,130505,55753,26418,29335,199742,99357,100385,39008,18443,20565,20037,9433,10604
2050,167,Galveston County,578719,283143,295576,257571,126320,131251,55979,26536,29443,204291,101591,102700,40330,19068,21262,20548,9628,10920
2010,169,Garza County,6461,4092,2369,2962,1653,1309,392,272,120,3046,2144,902,8,2,6,53,21,32
2011,169,Garza County,6480,4106,2374,2935,1642,1293,396,274,122,3086,2166,920,8,2,6,55,22,33
2012,169,Garza County,6509,4127,2382,2918,1638,1280,399,275,124,3127,2189,938,8,2,6,57,23,34
2013,169,Garza County,6541,4148,2393,2900,1631,1269,404,278,126,3170,2213,957,8,2,6,59,24,35
2014,169,Garza County,6580,4169,2411,2892,1628,1264,408,280,128,3211,2234,977,8,2,6,61,25,36
2015,169,Garza County,6615,4187,2428,2875,1618,1257,412,281,131,3257,2260,997,8,2,6,63,26,37
2016,169,Garza County,6659,4212,2447,2863,1613,1250,419,285,134,3304,2285,1019,8,2,6,65,27,38
2017,169,Garza County,6691,4230,2461,2850,1606,1244,420,285,135,3346,2309,1037,8,2,6,67,28,39
2018,169,Garza County,6725,4249,2476,2833,1598,1235,425,288,137,3390,2332,1058,8,2,6,69,29,40
2019,169,Garza County,6756,4257,2499,2817,1585,1232,430,290,140,3430,2350,1080,8,2,6,71,30,41
2020,169,Garza County,6784,4274,2510,2800,1578,1222,432,290,142,3471,2373,1098,8,2,6,73,31,42
2021,169,Garza County,6820,4292,2528,2788,1570,1218,435,292,143,3514,2396,1118,8,2,6,75,32,43
2022,169,Garza County,6850,4309,2541,2772,1562,1210,440,295,145,3553,2417,1136,8,2,6,77,33,44
2023,169,Garza County,6882,4324,2558,2757,1554,1203,445,297,148,3593,2437,1156,8,2,6,79,34,45
2024,169,Garza County,6917,4344,2573,2745,1550,1195,449,299,150,3634,2458,1176,8,2,6,81,35,46
2025,169,Garza County,6959,4368,2591,2738,1546,1192,453,301,152,3677,2483,1194,8,2,6,83,36,47
2026,169,Garza County,6988,4381,2607,2720,1535,1185,457,303,154,3718,2504,1214,8,2,6,85,37,48
2027,169,Garza County,7029,4406,2623,2718,1536,1182,459,303,156,3757,2527,1230,8,2,6,87,38,49
2028,169,Garza County,7076,4435,2641,2713,1532,1181,462,306,156,3803,2555,1248,8,2,6,90,40,50
2029,169,Garza County,7113,4455,2658,2703,1528,1175,462,304,158,3847,2580,1267,8,2,6,93,41,52
2030,169,Garza County,7159,4487,2672,2697,1527,1170,466,308,158,3892,2607,1285,8,2,6,96,43,53
2031,169,Garza County,7208,4516,2692,2694,1527,1167,468,309,159,3939,2634,1305,8,2,6,99,44,55
2032,169,Garza County,7242,4542,2700,2684,1524,1160,472,313,159,3976,2657,1319,8,2,6,102,46,56
2033,169,Garza County,7281,4567,2714,2678,1522,1156,475,314,161,4016,2682,1334,8,2,6,104,47,57
2034,169,Garza County,7318,4595,2723,2669,1517,1152,474,313,161,4059,2714,1345,8,2,6,108,49,59
2035,169,Garza County,7355,4622,2733,2657,1510,1147,477,317,160,4102,2743,1359,8,2,6,111,50,61
2036,169,Garza County,7406,4658,2748,2657,1510,1147,480,319,161,4147,2775,1372,8,2,6,114,52,62
2037,169,Garza County,7447,4687,2760,2652,1511,1141,481,319,162,4189,2802,1387,8,2,6,117,53,64
2038,169,Garza County,7486,4715,2771,2643,1509,1134,484,320,164,4231,2829,1402,8,2,6,120,55,65
2039,169,Garza County,7521,4739,2782,2642,1510,1132,488,322,166,4260,2849,1411,8,2,6,123,56,67
2040,169,Garza County,7557,4762,2795,2640,1511,1129,489,321,168,4296,2871,1425,7,2,5,125,57,68
2041,169,Garza County,7601,4792,2809,2636,1509,1127,490,322,168,4340,2901,1439,7,2,5,128,58,70
2042,169,Garza County,7648,4828,2820,2641,1514,1127,492,323,169,4379,2930,1449,7,2,5,129,59,70
2043,169,Garza County,7685,4858,2827,2643,1516,1127,492,322,170,4414,2961,1453,7,2,5,129,57,72
2044,169,Garza County,7726,4896,2830,2642,1518,1124,494,323,171,4451,2994,1457,7,2,5,132,59,73
2045,169,Garza County,7765,4922,2843,2643,1519,1124,497,324,173,4487,3020,1467,7,2,5,131,57,74
2046,169,Garza County,7799,4953,2846,2640,1522,1118,497,323,174,4519,3045,1474,7,2,5,136,61,75
2047,169,Garza County,7832,4979,2853,2635,1520,1115,496,321,175,4558,3077,1481,7,2,5,136,59,77
2048,169,Garza County,7864,5001,2863,2630,1520,1110,494,318,176,4592,3098,1494,7,2,5,141,63,78
2049,169,Garza County,7898,5027,2871,2627,1521,1106,494,318,176,4630,3125,1505,7,2,5,140,61,79
2050,169,Garza County,7924,5052,2872,2617,1517,1100,494,320,174,4662,3149,1513,7,2,5,144,64,80
2010,171,Gillespie County,24837,11968,12869,19472,9182,10290,47,22,25,4969,2600,2369,88,39,49,261,125,136
2011,171,Gillespie County,24948,12042,12906,19433,9178,10255,49,23,26,5109,2673,2436,90,40,50,267,128,139
2012,171,Gillespie County,25054,12100,12954,19380,9157,10223,52,25,27,5257,2746,2511,92,41,51,273,131,142
2013,171,Gillespie County,25153,12155,12998,19318,9136,10182,55,26,29,5407,2817,2590,94,42,52,279,134,145
2014,171,Gillespie County,25273,12220,13053,19269,9117,10152,58,28,30,5565,2895,2670,96,43,53,285,137,148
2015,171,Gillespie County,25393,12274,13119,19226,9094,10132,61,29,32,5719,2967,2752,98,44,54,289,140,149
2016,171,Gillespie County,25547,12356,13191,19206,9091,10115,64,31,33,5882,3046,2836,100,45,55,295,143,152
2017,171,Gillespie County,25682,12416,13266,19172,9071,10101,67,32,35,6041,3122,2919,102,46,56,300,145,155
2018,171,Gillespie County,25848,12484,13364,19163,9053,10110,70,34,36,6204,3201,3003,104,47,57,307,149,158
2019,171,Gillespie County,26019,12565,13454,19158,9045,10113,73,35,38,6365,3281,3084,106,48,58,317,156,161
2020,171,Gillespie County,26191,12637,13554,19150,9032,10118,76,37,39,6533,3361,3172,108,49,59,324,158,166
2021,171,Gillespie County,26361,12715,13646,19139,9021,10118,79,38,41,6700,3442,3258,110,50,60,333,164,169
2022,171,Gillespie County,26535,12794,13741,19139,9011,10128,82,40,42,6860,3523,3337,112,51,61,342,169,173
2023,171,Gillespie County,26721,12884,13837,19146,9010,10136,85,41,44,7024,3607,3417,114,52,62,352,174,178
2024,171,Gillespie County,26902,12968,13934,19149,9004,10145,88,43,45,7187,3690,3497,116,53,63,362,178,184
2025,171,Gillespie County,27061,13048,14013,19134,8995,10139,91,44,47,7344,3770,3574,118,54,64,374,185,189
2026,171,Gillespie County,27227,13128,14099,19125,8987,10138,94,46,48,7504,3851,3653,120,55,65,384,189,195
2027,171,Gillespie County,27354,13196,14158,19079,8970,10109,97,47,50,7661,3929,3732,122,56,66,395,194,201
2028,171,Gillespie County,27489,13265,14224,19048,8955,10093,100,49,51,7814,4006,3808,124,57,67,403,198,205
2029,171,Gillespie County,27606,13320,14286,19004,8932,10072,103,50,53,7963,4080,3883,125,57,68,411,201,210
2030,171,Gillespie County,27717,13380,14337,18948,8906,10042,106,52,54,8117,4158,3959,127,58,69,419,206,213
2031,171,Gillespie County,27824,13447,14377,18890,8885,10005,109,53,56,8270,4240,4030,128,59,69,427,210,217
2032,171,Gillespie County,27913,13501,14412,18810,8851,9959,112,55,57,8428,4322,4106,130,60,70,433,213,220
2033,171,Gillespie County,27968,13532,14436,18716,8808,9908,115,56,59,8568,4393,4175,131,61,70,438,214,224
2034,171,Gillespie County,28015,13565,14450,18612,8758,9854,119,58,61,8705,4469,4236,132,62,70,447,218,229
2035,171,Gillespie County,28051,13592,14459,18496,8710,9786,123,60,63,8848,4541,4307,131,61,70,453,220,233
2036,171,Gillespie County,28077,13616,14461,18369,8654,9715,127,62,65,8988,4613,4375,132,62,70,461,225,236
2037,171,Gillespie County,28090,13632,14458,18224,8590,9634,131,64,67,9134,4687,4447,133,62,71,468,229,239
2038,171,Gillespie County,28109,13647,14462,18093,8529,9564,135,66,69,9275,4759,4516,134,63,71,472,230,242
2039,171,Gillespie County,28126,13658,14468,17952,8465,9487,139,68,71,9424,4832,4592,135,63,72,476,230,246
2040,171,Gillespie County,28135,13667,14468,17810,8395,9415,142,70,72,9573,4909,4664,134,64,70,476,229,247
2041,171,Gillespie County,28132,13678,14454,17671,8338,9333,146,72,74,9699,4973,4726,135,64,71,481,231,250
2042,171,Gillespie County,28179,13709,14470,17559,8286,9273,150,74,76,9845,5049,4796,135,64,71,490,236,254
2043,171,Gillespie County,28185,13722,14463,17422,8230,9192,154,76,78,9973,5109,4864,137,65,72,499,242,257
2044,171,Gillespie County,28241,13756,14485,17328,8191,9137,158,78,80,10108,5175,4933,139,66,73,508,246,262
2045,171,Gillespie County,28294,13795,14499,17228,8161,9067,162,81,81,10246,5235,5011,139,66,73,519,252,267
2046,171,Gillespie County,28368,13845,14523,17137,8131,9006,167,84,83,10398,5306,5092,140,67,73,526,257,269
2047,171,Gillespie County,28433,13891,14542,17064,8107,8957,171,86,85,10521,5370,5151,142,68,74,535,260,275
2048,171,Gillespie County,28526,13948,14578,16983,8080,8903,175,88,87,10681,5448,5233,144,69,75,543,263,280
2049,171,Gillespie County,28616,14009,14607,16941,8071,8870,178,90,88,10803,5514,5289,145,69,76,549,265,284
2050,171,Gillespie County,28729,14082,14647,16890,8061,8829,182,92,90,10951,5587,5364,147,70,77,559,272,287
2010,173,Glasscock County,1226,649,577,825,436,389,15,8,7,378,201,177,1,0,1,7,4,3
2011,173,Glasscock County,1236,655,581,828,438,390,15,8,7,385,205,180,1,0,1,7,4,3
2012,173,Glasscock County,1247,662,585,832,441,391,15,8,7,392,209,183,1,0,1,7,4,3
2013,173,Glasscock County,1261,670,591,839,445,394,15,8,7,399,213,186,1,0,1,7,4,3
2014,173,Glasscock County,1273,676,597,844,447,397,15,8,7,406,217,189,1,0,1,7,4,3
2015,173,Glasscock County,1290,683,607,853,450,403,15,8,7,414,221,193,1,0,1,7,4,3
2016,173,Glasscock County,1306,693,613,860,455,405,16,9,7,422,225,197,1,0,1,7,4,3
2017,173,Glasscock County,1318,697,621,862,455,407,17,9,8,430,229,201,1,0,1,8,4,4
2018,173,Glasscock County,1336,708,628,871,461,410,18,10,8,438,233,205,1,0,1,8,4,4
2019,173,Glasscock County,1349,714,635,874,463,411,19,10,9,446,237,209,1,0,1,9,4,5
2020,173,Glasscock County,1365,721,644,879,463,416,20,11,9,455,242,213,1,0,1,10,5,5
2021,173,Glasscock County,1380,728,652,883,465,418,21,11,10,464,247,217,1,0,1,11,5,6
2022,173,Glasscock County,1394,737,657,886,467,419,22,12,10,473,252,221,1,0,1,12,6,6
2023,173,Glasscock County,1412,747,665,894,472,422,22,12,10,482,257,225,1,0,1,13,6,7
2024,173,Glasscock County,1424,752,672,896,471,425,22,12,10,491,262,229,1,0,1,14,7,7
2025,173,Glasscock County,1437,760,677,899,474,425,22,12,10,500,267,233,1,0,1,15,7,8
2026,173,Glasscock County,1452,769,683,903,477,426,22,12,10,510,272,238,1,0,1,16,8,8
2027,173,Glasscock County,1467,777,690,907,480,427,22,12,10,520,277,243,1,0,1,17,8,9
2028,173,Glasscock County,1481,784,697,910,481,429,22,12,10,530,282,248,1,0,1,18,9,9
2029,173,Glasscock County,1492,791,701,910,483,427,22,12,10,540,287,253,1,0,1,19,9,10
2030,173,Glasscock County,1505,796,709,913,483,430,22,12,10,549,291,258,1,0,1,20,10,10
2031,173,Glasscock County,1516,799,717,915,483,432,22,12,10,558,295,263,1,0,1,20,9,11
2032,173,Glasscock County,1526,804,722,916,483,433,22,12,10,566,299,267,1,0,1,21,10,11
2033,173,Glasscock County,1527,803,724,910,480,430,22,12,10,572,301,271,1,0,1,22,10,12
2034,173,Glasscock County,1529,804,725,904,477,427,22,12,10,580,305,275,1,0,1,22,10,12
2035,173,Glasscock County,1538,809,729,903,477,426,22,12,10,589,310,279,1,0,1,23,10,13
2036,173,Glasscock County,1543,812,731,898,474,424,22,12,10,598,315,283,1,0,1,24,11,13
2037,173,Glasscock County,1547,814,733,892,471,421,22,12,10,607,320,287,1,0,1,25,11,14
2038,173,Glasscock County,1549,814,735,885,466,419,22,12,10,615,324,291,1,0,1,26,12,14
2039,173,Glasscock County,1549,812,737,876,460,416,22,12,10,623,328,295,1,0,1,27,12,15
2040,173,Glasscock County,1555,814,741,872,457,415,22,12,10,632,332,300,1,0,1,28,13,15
2041,173,Glasscock County,1556,811,745,865,453,412,23,12,11,638,333,305,1,0,1,29,13,16
2042,173,Glasscock County,1557,811,746,859,451,408,24,13,11,643,333,310,1,0,1,30,14,16
2043,173,Glasscock County,1558,811,747,854,450,404,25,13,12,648,335,313,1,0,1,30,13,17
2044,173,Glasscock County,1555,811,744,844,445,399,25,13,12,654,339,315,1,0,1,31,14,17
2045,173,Glasscock County,1534,800,734,839,442,397,25,13,12,637,331,306,1,0,1,32,14,18
2046,173,Glasscock County,1531,800,731,830,439,391,25,13,12,642,333,309,1,0,1,33,15,18
2047,173,Glasscock County,1517,791,726,820,434,386,25,13,12,637,329,308,1,0,1,34,15,19
2048,173,Glasscock County,1513,790,723,812,431,381,25,13,12,640,330,310,1,0,1,35,16,19
2049,173,Glasscock County,1501,784,717,802,428,374,25,13,12,637,327,310,1,0,1,36,16,20
2050,173,Glasscock County,1485,777,708,794,425,369,25,13,12,628,322,306,1,0,1,37,17,20
2010,175,Goliad County,7210,3596,3614,4337,2160,2177,310,147,163,2462,1233,1229,11,6,5,90,50,40
2011,175,Goliad County,7253,3619,3634,4326,2153,2173,313,148,165,2511,1261,1250,11,6,5,92,51,41
2012,175,Goliad County,7303,3650,3653,4320,2151,2169,316,150,166,2562,1291,1271,11,6,5,94,52,42
2013,175,Goliad County,7359,3675,3684,4318,2147,2171,317,151,166,2617,1318,1299,11,6,5,96,53,43
2014,175,Goliad County,7420,3704,3716,4319,2145,2174,321,153,168,2671,1346,1325,11,6,5,98,54,44
2015,175,Goliad County,7485,3734,3751,4321,2144,2177,324,154,170,2729,1375,1354,11,6,5,100,55,45
2016,175,Goliad County,7521,3752,3769,4309,2141,2168,326,155,171,2775,1396,1379,11,6,5,100,54,46
2017,175,Goliad County,7575,3779,3796,4303,2140,2163,328,156,172,2830,1421,1409,11,6,5,103,56,47
2018,175,Goliad County,7622,3802,3820,4298,2137,2161,330,157,173,2879,1446,1433,11,6,5,104,56,48
2019,175,Goliad County,7672,3827,3845,4285,2133,2152,334,160,174,2936,1471,1465,11,6,5,106,57,49
2020,175,Goliad County,7717,3850,3867,4266,2123,2143,336,162,174,2996,1501,1495,11,6,5,108,58,50
2021,175,Goliad County,7768,3874,3894,4252,2115,2137,337,163,174,3058,1531,1527,11,6,5,110,59,51
2022,175,Goliad County,7825,3901,3924,4244,2111,2133,339,164,175,3119,1560,1559,11,6,5,112,60,52
2023,175,Goliad County,7886,3935,3951,4230,2104,2126,340,165,175,3191,1599,1592,11,6,5,114,61,53
2024,175,Goliad County,7953,3978,3975,4220,2100,2120,341,167,174,3265,1643,1622,11,6,5,116,62,54
2025,175,Goliad County,8023,4017,4006,4204,2091,2113,344,169,175,3345,1688,1657,11,6,5,119,63,56
2026,175,Goliad County,8082,4049,4033,4184,2079,2105,346,170,176,3420,1730,1690,11,6,5,121,64,57
2027,175,Goliad County,8144,4084,4060,4168,2069,2099,348,171,177,3493,1773,1720,11,6,5,124,65,59
2028,175,Goliad County,8194,4110,4084,4144,2055,2089,347,170,177,3565,1812,1753,11,6,5,127,67,60
2029,175,Goliad County,8241,4134,4107,4118,2041,2077,349,171,178,3633,1848,1785,11,6,5,130,68,62
2030,175,Goliad County,8290,4157,4133,4096,2027,2069,348,170,178,3702,1884,1818,11,6,5,133,70,63
2031,175,Goliad County,8330,4176,4154,4064,2009,2055,349,170,179,3770,1920,1850,11,6,5,136,71,65
2032,175,Goliad County,8367,4197,4170,4030,1990,2040,352,172,180,3835,1956,1879,11,6,5,139,73,66
2033,175,Goliad County,8397,4213,4184,3982,1969,2013,354,173,181,3908,1991,1917,11,6,5,142,74,68
2034,175,Goliad County,8424,4229,4195,3940,1949,1991,354,172,182,3975,2026,1949,11,6,5,144,76,68
2035,175,Goliad County,8468,4254,4214,3903,1931,1972,356,174,182,4051,2066,1985,11,6,5,147,77,70
2036,175,Goliad County,8493,4269,4224,3855,1909,1946,357,175,182,4120,2100,2020,11,6,5,150,79,71
2037,175,Goliad County,8521,4280,4241,3814,1888,1926,358,175,183,4186,2131,2055,11,6,5,152,80,72
2038,175,Goliad County,8545,4297,4248,3769,1866,1903,356,174,182,4254,2169,2085,11,6,5,155,82,73
2039,175,Goliad County,8579,4311,4268,3725,1843,1882,358,175,183,4327,2204,2123,11,6,5,158,83,75
2040,175,Goliad County,8597,4323,4274,3666,1814,1852,357,175,182,4406,2245,2161,10,6,4,158,83,75
2041,175,Goliad County,8625,4344,4281,3617,1793,1824,356,175,181,4482,2287,2195,10,6,4,160,83,77
2042,175,Goliad County,8638,4353,4285,3568,1774,1794,356,174,182,4544,2315,2229,10,6,4,160,84,76
2043,175,Goliad County,8664,4367,4297,3517,1750,1767,355,173,182,4621,2355,2266,10,6,4,161,83,78
2044,175,Goliad County,8692,4381,4311,3472,1728,1744,355,173,182,4692,2389,2303,10,6,4,163,85,78
2045,175,Goliad County,8718,4382,4336,3424,1701,1723,352,171,181,4768,2419,2349,10,6,4,164,85,79
2046,175,Goliad County,8749,4393,4356,3377,1676,1701,351,170,181,4844,2454,2390,10,6,4,167,87,80
2047,175,Goliad County,8767,4405,4362,3323,1650,1673,346,168,178,4920,2495,2425,10,6,4,168,86,82
2048,175,Goliad County,8812,4432,4380,3285,1634,1651,345,168,177,5002,2537,2465,10,6,4,170,87,83
2049,175,Goliad County,8845,4435,4410,3246,1611,1635,342,167,175,5077,2566,2511,10,6,4,170,85,85
2050,175,Goliad County,8880,4455,4425,3208,1595,1613,338,166,172,5153,2603,2550,10,6,4,171,85,86
2010,177,Gonzales County,19807,9959,9848,8836,4294,4542,1353,699,654,9353,4848,4505,73,31,42,192,87,105
2011,177,Gonzales County,19965,10042,9923,8816,4288,4528,1345,698,647,9532,4934,4598,75,32,43,197,90,107
2012,177,Gonzales County,20141,10125,10016,8799,4282,4517,1345,700,645,9718,5017,4701,77,33,44,202,93,109
2013,177,Gonzales County,20306,10209,10097,8774,4271,4503,1355,710,645,9890,5098,4792,79,34,45,208,96,112
2014,177,Gonzales County,20473,10284,10189,8755,4263,4492,1354,710,644,10070,5178,4892,81,35,46,213,98,115
2015,177,Gonzales County,20651,10367,10284,8736,4254,4482,1357,712,645,10257,5265,4992,82,35,47,219,101,118
2016,177,Gonzales County,20796,10430,10366,8704,4236,4468,1363,714,649,10422,5341,5081,83,36,47,224,103,121
2017,177,Gonzales County,20936,10501,10435,8674,4226,4448,1363,715,648,10587,5419,5168,83,36,47,229,105,124
2018,177,Gonzales County,21075,10567,10508,8641,4212,4429,1364,717,647,10753,5494,5259,84,37,47,233,107,126
2019,177,Gonzales County,21216,10640,10576,8615,4200,4415,1356,717,639,10921,5575,5346,85,37,48,239,111,128
2020,177,Gonzales County,21347,10699,10648,8585,4185,4400,1354,718,636,11076,5643,5433,86,38,48,246,115,131
2021,177,Gonzales County,21488,10767,10721,8562,4176,4386,1352,719,633,11236,5716,5520,87,38,49,251,118,133
2022,177,Gonzales County,21636,10843,10793,8531,4164,4367,1359,727,632,11400,5791,5609,88,39,49,258,122,136
2023,177,Gonzales County,21790,10924,10866,8505,4154,4351,1360,734,626,11571,5871,5700,89,39,50,265,126,139
2024,177,Gonzales County,21936,10985,10951,8481,4143,4338,1363,737,626,11729,5935,5794,90,40,50,273,130,143
2025,177,Gonzales County,22083,11055,11028,8450,4127,4323,1363,739,624,11898,6015,5883,91,40,51,281,134,147
2026,177,Gonzales County,22224,11119,11105,8418,4111,4307,1361,738,623,12065,6092,5973,92,41,51,288,137,151
2027,177,Gonzales County,22363,11172,11191,8379,4088,4291,1358,737,621,12238,6166,6072,93,41,52,295,140,155
2028,177,Gonzales County,22480,11218,11262,8340,4065,4275,1344,732,612,12399,6235,6164,94,42,52,303,144,159
2029,177,Gonzales County,22606,11277,11329,8303,4048,4255,1337,730,607,12562,6310,6252,94,41,53,310,148,162
2030,177,Gonzales County,22724,11335,11389,8255,4030,4225,1328,728,600,12728,6384,6344,95,42,53,318,151,167
2031,177,Gonzales County,22829,11386,11443,8207,4008,4199,1319,726,593,12883,6457,6426,96,42,54,324,153,171
2032,177,Gonzales County,22941,11438,11503,8156,3984,4172,1315,729,586,13043,6527,6516,97,43,54,330,155,175
2033,177,Gonzales County,23043,11485,11558,8103,3959,4144,1303,727,576,13200,6595,6605,98,43,55,339,161,178
2034,177,Gonzales County,23143,11533,11610,8049,3933,4116,1299,727,572,13351,6665,6686,99,44,55,345,164,181
2035,177,Gonzales County,23233,11565,11668,7986,3898,4088,1289,724,565,13508,6733,6775,99,43,56,351,167,184
2036,177,Gonzales County,23326,11603,11723,7939,3874,4065,1282,720,562,13649,6797,6852,100,44,56,356,168,188
2037,177,Gonzales County,23423,11645,11778,7891,3854,4037,1278,721,557,13788,6853,6935,102,45,57,364,172,192
2038,177,Gonzales County,23496,11673,11823,7831,3822,4009,1269,717,552,13922,6913,7009,103,46,57,371,175,196
2039,177,Gonzales County,23586,11708,11878,7783,3800,3983,1263,715,548,14056,6967,7089,105,47,58,379,179,200
2040,177,Gonzales County,23652,11741,11911,7728,3778,3950,1256,714,542,14178,7020,7158,106,48,58,384,181,203
2041,177,Gonzales County,23736,11783,11953,7674,3758,3916,1251,714,537,14312,7077,7235,105,47,58,394,187,207
2042,177,Gonzales County,23791,11807,11984,7627,3738,3889,1245,716,529,14417,7117,7300,105,48,57,397,188,209
2043,177,Gonzales County,23878,11846,12032,7583,3724,3859,1239,715,524,14549,7170,7379,106,48,58,401,189,212
2044,177,Gonzales County,23945,11873,12072,7545,3704,3841,1228,713,515,14657,7214,7443,108,49,59,407,193,214
2045,177,Gonzales County,24020,11907,12113,7510,3693,3817,1217,709,508,14771,7260,7511,107,48,59,415,197,218
2046,177,Gonzales County,24088,11939,12149,7480,3684,3796,1202,704,498,14876,7302,7574,109,49,60,421,200,221
2047,177,Gonzales County,24163,11973,12190,7441,3671,3770,1197,701,496,14989,7347,7642,109,50,59,427,204,223
2048,177,Gonzales County,24232,12006,12226,7412,3663,3749,1184,698,486,15090,7387,7703,111,51,60,435,207,228
2049,177,Gonzales County,24302,12033,12269,7374,3647,3727,1177,696,481,15196,7430,7766,112,51,61,443,209,234
2050,177,Gonzales County,24352,12053,12299,7338,3635,3703,1167,690,477,15284,7464,7820,112,52,60,451,212,239
2010,179,Gray County,22535,11703,10832,15564,7701,7863,1055,773,282,5365,2971,2394,83,39,44,468,219,249
2011,179,Gray County,22654,11800,10854,15459,7671,7788,1062,777,285,5571,3088,2483,85,40,45,477,224,253
2012,179,Gray County,22772,11898,10874,15335,7631,7704,1068,782,286,5796,3215,2581,87,41,46,486,229,257
2013,179,Gray County,22924,12014,10910,15239,7604,7635,1079,789,290,6020,3344,2676,89,42,47,497,235,262
2014,179,Gray County,23083,12132,10951,15141,7572,7569,1090,797,293,6253,3480,2773,91,43,48,508,240,268
2015,179,Gray County,23242,12244,10998,15039,7535,7504,1100,802,298,6490,3617,2873,93,44,49,520,246,274
2016,179,Gray County,23434,12375,11059,14947,7506,7441,1114,807,307,6748,3767,2981,94,45,49,531,250,281
2017,179,Gray County,23623,12498,11125,14856,7472,7384,1120,809,311,7005,3913,3092,95,45,50,547,259,288
2018,179,Gray County,23830,12641,11189,14774,7452,7322,1129,814,315,7273,4065,3208,96,46,50,558,264,294
2019,179,Gray County,24040,12775,11265,14686,7427,7259,1139,817,322,7550,4217,3333,97,46,51,568,268,300
2020,179,Gray County,24252,12914,11338,14595,7400,7195,1144,816,328,7833,4374,3459,98,47,51,582,277,305
2021,179,Gray County,24456,13051,11405,14492,7370,7122,1149,817,332,8125,4534,3591,98,47,51,592,283,309
2022,179,Gray County,24694,13204,11490,14412,7351,7061,1157,821,336,8423,4695,3728,98,48,50,604,289,315
2023,179,Gray County,24942,13367,11575,14328,7329,6999,1168,830,338,8730,4864,3866,99,48,51,617,296,321
2024,179,Gray County,25199,13529,11670,14242,7305,6937,1178,834,344,9053,5042,4011,100,49,51,626,299,327
2025,179,Gray County,25483,13709,11774,14166,7285,6881,1188,840,348,9390,5229,4161,101,49,52,638,306,332
2026,179,Gray County,25761,13886,11875,14086,7260,6826,1196,845,351,9730,5421,4309,102,50,52,647,310,337
2027,179,Gray County,26039,14060,11979,13993,7232,6761,1200,847,353,10088,5616,4472,103,50,53,655,315,340
2028,179,Gray County,26347,14264,12083,13908,7212,6696,1209,852,357,10461,5828,4633,104,51,53,665,321,344
2029,179,Gray County,26656,14454,12202,13826,7188,6638,1216,856,360,10836,6034,4802,105,51,54,673,325,348
2030,179,Gray County,26969,14669,12300,13739,7174,6565,1222,859,363,11226,6256,4970,105,52,53,677,328,349
2031,179,Gray County,27289,14869,12420,13648,7151,6497,1223,858,365,11628,6478,5150,106,52,54,684,330,354
2032,179,Gray County,27618,15082,12536,13563,7137,6426,1227,858,369,12025,6696,5329,107,53,54,696,338,358
2033,179,Gray County,27944,15293,12651,13472,7121,6351,1232,859,373,12428,6919,5509,108,53,55,704,341,363
2034,179,Gray County,28268,15505,12763,13379,7100,6279,1236,861,375,12837,7147,5690,108,54,54,708,343,365
2035,179,Gray County,28592,15716,12876,13282,7073,6209,1239,862,377,13247,7377,5870,109,55,54,715,349,366
2036,179,Gray County,28932,15935,12997,13194,7052,6142,1238,860,378,13670,7616,6054,111,56,55,719,351,368
2037,179,Gray County,29284,16157,13127,13099,7027,6072,1237,858,379,14107,7858,6249,113,57,56,728,357,371
2038,179,Gray County,29638,16386,13252,13002,7006,5996,1237,859,378,14550,8104,6446,114,57,57,735,360,375
2039,179,Gray County,30011,16624,13387,12915,6987,5928,1235,858,377,15004,8359,6645,115,58,57,742,362,380
2040,179,Gray County,30399,16875,13524,12831,6970,5861,1236,859,377,15467,8621,6846,116,59,57,749,366,383
2041,179,Gray County,30767,17112,13655,12738,6948,5790,1236,860,376,15923,8877,7046,117,60,57,753,367,386
2042,179,Gray County,31162,17367,13795,12657,6931,5726,1234,858,376,16395,9148,7247,119,61,58,757,369,388
2043,179,Gray County,31535,17602,13933,12558,6908,5650,1230,854,376,16873,9414,7459,120,62,58,754,364,390
2044,179,Gray County,31929,17842,14087,12469,6883,5586,1224,848,376,17350,9679,7671,121,63,58,765,369,396
2045,179,Gray County,32326,18078,14248,12379,6856,5523,1219,843,376,17840,9950,7890,121,62,59,767,367,400
2046,179,Gray County,32740,18333,14407,12292,6837,5455,1212,837,375,18338,10224,8114,121,62,59,777,373,404
2047,179,Gray County,33142,18586,14556,12196,6810,5386,1207,832,375,18839,10508,8331,123,63,60,777,373,404
2048,179,Gray County,33557,18841,14716,12108,6787,5321,1201,827,374,19347,10793,8554,123,63,60,778,371,407
2049,179,Gray County,33995,19110,14885,12025,6760,5265,1194,825,369,19871,11088,8783,124,64,60,781,373,408
2050,179,Gray County,34435,19368,15067,11935,6729,5206,1191,822,369,20399,11379,9020,125,64,61,785,374,411
2010,181,Grayson County,120877,58917,61960,95103,46071,49032,6938,3344,3594,13688,7055,6633,1034,480,554,4114,1967,2147
2011,181,Grayson County,121950,59479,62471,95449,46256,49193,7026,3389,3637,14174,7304,6870,1070,505,565,4231,2025,2206
2012,181,Grayson County,123076,60040,63036,95823,46440,49383,7121,3428,3693,14670,7554,7116,1108,531,577,4354,2087,2267
2013,181,Grayson County,124197,60598,63599,96197,46622,49575,7198,3465,3733,15175,7808,7367,1147,557,590,4480,2146,2334
2014,181,Grayson County,125341,61167,64174,96582,46810,49772,7287,3505,3782,15684,8065,7619,1186,584,602,4602,2203,2399
2015,181,Grayson County,126450,61726,64724,96925,46979,49946,7369,3542,3827,16197,8328,7869,1228,611,617,4731,2266,2465
2016,181,Grayson County,127543,62272,65271,97253,47138,50115,7462,3577,3885,16700,8583,8117,1266,638,628,4862,2336,2526
2017,181,Grayson County,128616,62814,65802,97544,47283,50261,7543,3610,3933,17221,8851,8370,1309,667,642,4999,2403,2596
2018,181,Grayson County,129663,63329,66334,97808,47411,50397,7620,3641,3979,17746,9112,8634,1346,691,655,5143,2474,2669
2019,181,Grayson County,130708,63845,66863,98062,47530,50532,7695,3671,4024,18275,9376,8899,1390,723,667,5286,2545,2741
2020,181,Grayson County,131758,64356,67402,98292,47628,50664,7780,3708,4072,18809,9645,9164,1431,752,679,5446,2623,2823
2021,181,Grayson County,132786,64855,67931,98499,47719,50780,7867,3743,4124,19345,9912,9433,1473,781,692,5602,2700,2902
2022,181,Grayson County,133807,65358,68449,98697,47810,50887,7945,3775,4170,19893,10186,9707,1510,812,698,5762,2775,2987
2023,181,Grayson County,134794,65832,68962,98844,47871,50973,8031,3811,4220,20441,10453,9988,1554,842,712,5924,2855,3069
2024,181,Grayson County,135755,66298,69457,98966,47922,51044,8119,3848,4271,20990,10723,10267,1595,873,722,6085,2932,3153
2025,181,Grayson County,136678,66746,69932,99050,47956,51094,8209,3882,4327,21540,10988,10552,1641,909,732,6238,3011,3227
2026,181,Grayson County,137579,67178,70401,99104,47966,51138,8291,3913,4378,22097,11259,10838,1687,947,740,6400,3093,3307
2027,181,Grayson County,138442,67603,70839,99113,47964,51149,8379,3947,4432,22654,11530,11124,1734,985,749,6562,3177,3385
2028,181,Grayson County,139301,68022,71279,99096,47943,51153,8459,3980,4479,23239,11814,11425,1779,1024,755,6728,3261,3467
2029,181,Grayson County,140126,68415,71711,99036,47891,51145,8546,4017,4529,23825,12099,11726,1825,1064,761,6894,3344,3550
2030,181,Grayson County,140908,68788,72120,98931,47827,51104,8623,4045,4578,24416,12383,12033,1878,1106,772,7060,3427,3633
2031,181,Grayson County,141662,69144,72518,98794,47748,51046,8696,4073,4623,25020,12672,12348,1924,1146,778,7228,3505,3723
2032,181,Grayson County,142402,69497,72905,98623,47650,50973,8769,4102,4667,25632,12968,12664,1976,1189,787,7402,3588,3814
2033,181,Grayson County,143086,69824,73262,98409,47530,50879,8835,4127,4708,26238,13259,12979,2034,1237,797,7570,3671,3899
2034,181,Grayson County,143733,70132,73601,98160,47394,50766,8897,4147,4750,26842,13554,13288,2092,1285,807,7742,3752,3990
2035,181,Grayson County,144322,70413,73909,97850,47228,50622,8955,4168,4787,27464,13860,13604,2142,1330,812,7911,3827,4084
2036,181,Grayson County,144906,70688,74218,97539,47060,50479,9017,4192,4825,28083,14157,13926,2198,1379,819,8069,3900,4169
2037,181,Grayson County,145454,70948,74506,97180,46874,50306,9081,4217,4864,28710,14461,14249,2252,1426,826,8231,3970,4261
2038,181,Grayson County,145979,71200,74779,96809,46688,50121,9138,4237,4901,29336,14764,14572,2315,1479,836,8381,4032,4349
2039,181,Grayson County,146473,71420,75053,96409,46485,49924,9191,4250,4941,29954,15058,14896,2376,1533,843,8543,4094,4449
2040,181,Grayson County,146946,71652,75294,95997,46280,49717,9247,4266,4981,30583,15366,15217,2437,1589,848,8682,4151,4531
2041,181,Grayson County,147396,71865,75531,95571,46068,49503,9308,4285,5023,31194,15664,15530,2498,1646,852,8825,4202,4623
2042,181,Grayson County,147846,72073,75773,95135,45849,49286,9365,4302,5063,31822,15966,15856,2554,1698,856,8970,4258,4712
2043,181,Grayson County,148277,72289,75988,94700,45637,49063,9420,4320,5100,32439,16273,16166,2611,1757,854,9107,4302,4805
2044,181,Grayson County,148670,72476,76194,94254,45418,48836,9485,4346,5139,33024,16552,16472,2671,1815,856,9236,4345,4891
2045,181,Grayson County,149084,72682,76402,93812,45201,48611,9540,4359,5181,33622,16851,16771,2730,1878,852,9380,4393,4987
2046,181,Grayson County,149461,72854,76607,93350,44978,48372,9588,4368,5220,34212,17132,17080,2793,1943,850,9518,4433,5085
2047,181,Grayson County,149875,73061,76814,92900,44762,48138,9658,4394,5264,34797,17419,17378,2856,2006,850,9664,4480,5184
2048,181,Grayson County,150254,73249,77005,92426,44534,47892,9719,4414,5305,35372,17702,17670,2922,2072,850,9815,4527,5288
2049,181,Grayson County,150629,73436,77193,91961,44310,47651,9779,4431,5348,35947,17989,17958,2979,2135,844,9963,4571,5392
2050,181,Grayson County,151025,73634,77391,91492,44091,47401,9842,4449,5393,36527,18271,18256,3049,2204,845,10115,4619,5496
2010,183,Gregg County,121730,59468,62262,74005,35622,38383,24068,11321,12747,20018,10735,9283,1316,657,659,2323,1133,1190
2011,183,Gregg County,122179,59746,62433,73754,35563,38191,24244,11413,12831,20460,10937,9523,1340,670,670,2381,1163,1218
2012,183,Gregg County,122663,60032,62631,73524,35510,38014,24424,11502,12922,20911,11144,9767,1361,682,679,2443,1194,1249
2013,183,Gregg County,123148,60328,62820,73276,35448,37828,24604,11597,13007,21363,11353,10010,1390,697,693,2515,1233,1282
2014,183,Gregg County,123613,60605,63008,73024,35383,37641,24773,11681,13092,21818,11562,10256,1419,711,708,2579,1268,1311
2015,183,Gregg County,124043,60861,63182,72746,35305,37441,24936,11765,13171,22271,11770,10501,1447,723,724,2643,1298,1345
2016,183,Gregg County,124421,61098,63323,72441,35215,37226,25090,11842,13248,22708,11968,10740,1471,738,733,2711,1335,1376
2017,183,Gregg County,124779,61331,63448,72095,35110,36985,25257,11933,13324,23150,12168,10982,1497,751,746,2780,1369,1411
2018,183,Gregg County,125112,61539,63573,71739,34989,36750,25417,12019,13398,23589,12365,11224,1520,763,757,2847,1403,1444
2019,183,Gregg County,125425,61719,63706,71369,34854,36515,25567,12097,13470,24030,12558,11472,1546,777,769,2913,1433,1480
2020,183,Gregg County,125729,61896,63833,70990,34721,36269,25717,12171,13546,24476,12750,11726,1569,788,781,2977,1466,1511
2021,183,Gregg County,126029,62061,63968,70598,34569,36029,25867,12245,13622,24931,12948,11983,1592,801,791,3041,1498,1543
2022,183,Gregg County,126316,62237,64079,70188,34411,35777,26012,12327,13685,25400,13155,12245,1610,811,799,3106,1533,1573
2023,183,Gregg County,126588,62392,64196,69769,34249,35520,26150,12399,13751,25868,13356,12512,1630,820,810,3171,1568,1603
2024,183,Gregg County,126833,62534,64299,69324,34066,35258,26288,12471,13817,26335,13563,12772,1649,831,818,3237,1603,1634
2025,183,Gregg County,127029,62645,64384,68853,33872,34981,26413,12533,13880,26800,13765,13035,1663,837,826,3300,1638,1662
2026,183,Gregg County,127220,62748,64472,68364,33667,34697,26532,12593,13939,27280,13974,13306,1676,845,831,3368,1669,1699
2027,183,Gregg County,127386,62857,64529,67866,33458,34408,26643,12659,13984,27756,14181,13575,1685,853,832,3436,1706,1730
2028,183,Gregg County,127508,62916,64592,67340,33225,34115,26742,12707,14035,28229,14392,13837,1696,858,838,3501,1734,1767
2029,183,Gregg County,127616,62992,64624,66800,32999,33801,26839,12761,14078,28703,14597,14106,1706,865,841,3568,1770,1798
2030,183,Gregg County,127679,63025,64654,66235,32747,33488,26913,12805,14108,29183,14806,14377,1714,870,844,3634,1797,1837
2031,183,Gregg County,127714,63043,64671,65666,32494,33172,26977,12838,14139,29657,15011,14646,1722,875,847,3692,1825,1867
2032,183,Gregg County,127722,63054,64668,65079,32235,32844,27036,12874,14162,30119,15214,14905,1731,878,853,3757,1853,1904
2033,183,Gregg County,127700,63053,64647,64484,31970,32514,27084,12904,14180,30579,15417,15162,1733,878,855,3820,1884,1936
2034,183,Gregg County,127660,63034,64626,63891,31708,32183,27114,12924,14190,31041,15612,15429,1738,881,857,3876,1909,1967
2035,183,Gregg County,127579,62998,64581,63277,31436,31841,27152,12949,14203,31490,15805,15685,1737,879,858,3923,1929,1994
2036,183,Gregg County,127456,62941,64515,62657,31157,31500,27167,12965,14202,31916,15986,15930,1737,879,858,3979,1954,2025
2037,183,Gregg County,127330,62885,64445,62035,30884,31151,27183,12978,14205,32340,16167,16173,1735,877,858,4037,1979,2058
2038,183,Gregg County,127161,62800,64361,61389,30595,30794,27193,12987,14206,32759,16343,16416,1737,878,859,4083,1997,2086
2039,183,Gregg County,126992,62735,64257,60754,30320,30434,27196,13001,14195,33172,16517,16655,1739,882,857,4131,2015,2116
2040,183,Gregg County,126783,62634,64149,60106,30028,30078,27189,13004,14185,33578,16691,16887,1732,876,856,4178,2035,2143
2041,183,Gregg County,126560,62532,64028,59468,29749,29719,27180,13006,14174,33965,16854,17111,1731,876,855,4216,2047,2169
2042,183,Gregg County,126327,62418,63909,58837,29462,29375,27155,12999,14156,34348,17016,17332,1733,881,852,4254,2060,2194
2043,183,Gregg County,126055,62293,63762,58201,29184,29017,27122,12993,14129,34706,17164,17542,1730,880,850,4296,2072,2224
2044,183,Gregg County,125778,62148,63630,57561,28889,28672,27092,12983,14109,35075,17323,17752,1722,872,850,4328,2081,2247
2045,183,Gregg County,125475,62007,63468,56922,28606,28316,27056,12976,14080,35411,17461,17950,1717,871,846,4369,2093,2276
2046,183,Gregg County,125174,61853,63321,56301,28325,27976,26995,12951,14044,35748,17602,18146,1715,869,846,4415,2106,2309
2047,183,Gregg County,124840,61695,63145,55676,28054,27622,26948,12937,14011,36064,17727,18337,1709,867,842,4443,2110,2333
2048,183,Gregg County,124469,61518,62951,55036,27765,27271,26878,12911,13967,36375,17854,18521,1699,868,831,4481,2120,2361
2049,183,Gregg County,124085,61330,62755,54405,27483,26922,26816,12884,13932,36663,17968,18695,1687,864,823,4514,2131,2383
2050,183,Gregg County,123702,61146,62556,53782,27206,26576,26744,12861,13883,36943,18078,18865,1683,861,822,4550,2140,2410
2010,185,Grimes County,26604,14487,12117,16133,8521,7612,4348,2547,1801,5652,3186,2466,61,30,31,410,203,207
2011,185,Grimes County,26816,14613,12203,16179,8558,7621,4352,2548,1804,5804,3269,2535,62,30,32,419,208,211
2012,185,Grimes County,27048,14747,12301,16224,8590,7634,4364,2553,1811,5969,3360,2609,63,31,32,428,213,215
2013,185,Grimes County,27286,14884,12402,16280,8630,7650,4373,2555,1818,6132,3450,2682,64,31,33,437,218,219
2014,185,Grimes County,27526,15013,12513,16332,8665,7667,4387,2554,1833,6294,3539,2755,65,32,33,448,223,225
2015,185,Grimes County,27755,15141,12614,16381,8696,7685,4390,2553,1837,6459,3631,2828,66,32,34,459,229,230
2016,185,Grimes County,27998,15272,12726,16436,8731,7705,4390,2546,1844,6633,3727,2906,67,33,34,472,235,237
2017,185,Grimes County,28230,15398,12832,16476,8758,7718,4390,2539,1851,6810,3824,2986,68,33,35,486,244,242
2018,185,Grimes County,28476,15523,12953,16537,8792,7745,4388,2528,1860,6985,3920,3065,69,34,35,497,249,248
2019,185,Grimes County,28710,15646,13064,16575,8811,7764,4392,2525,1867,7162,4019,3143,70,34,36,511,257,254
2020,185,Grimes County,28928,15762,13166,16603,8830,7773,4395,2522,1873,7336,4113,3223,71,35,36,523,262,261
2021,185,Grimes County,29127,15869,13258,16617,8842,7775,4392,2515,1877,7511,4208,3303,73,36,37,534,268,266
2022,185,Grimes County,29342,15981,13361,16641,8859,7782,4394,2511,1883,7686,4299,3387,74,37,37,547,275,272
2023,185,Grimes County,29552,16090,13462,16648,8865,7783,4402,2511,1891,7868,4397,3471,74,36,38,560,281,279
2024,185,Grimes County,29749,16200,13549,16648,8873,7775,4398,2507,1891,8057,4498,3559,75,37,38,571,285,286
2025,185,Grimes County,29943,16301,13642,16641,8875,7766,4403,2501,1902,8238,4595,3643,76,37,39,585,293,292
2026,185,Grimes County,30123,16395,13728,16614,8860,7754,4414,2502,1912,8421,4695,3726,77,38,39,597,300,297
2027,185,Grimes County,30315,16490,13825,16587,8841,7746,4428,2505,1923,8615,4801,3814,78,38,40,607,305,302
2028,185,Grimes County,30496,16577,13919,16551,8818,7733,4433,2499,1934,8814,4908,3906,79,39,40,619,313,306
2029,185,Grimes County,30644,16663,13981,16493,8790,7703,4427,2496,1931,9018,5019,3999,80,39,41,626,319,307
2030,185,Grimes County,30788,16730,14058,16425,8751,7674,4425,2485,1940,9223,5131,4092,81,40,41,634,323,311
2031,185,Grimes County,30927,16790,14137,16348,8704,7644,4427,2474,1953,9426,5244,4182,82,40,42,644,328,316
2032,185,Grimes County,31045,16846,14199,16253,8652,7601,4425,2460,1965,9628,5357,4271,83,41,42,656,336,320
2033,185,Grimes County,31147,16888,14259,16160,8600,7560,4414,2444,1970,9824,5463,4361,84,41,43,665,340,325
2034,185,Grimes County,31256,16942,14314,16057,8548,7509,4402,2426,1976,10039,5582,4457,85,42,43,673,344,329
2035,185,Grimes County,31343,16973,14370,15947,8491,7456,4381,2402,1979,10248,5687,4561,85,42,43,682,351,331
2036,185,Grimes County,31438,17020,14418,15828,8430,7398,4374,2389,1985,10460,5804,4656,86,43,43,690,354,336
2037,185,Grimes County,31522,17042,14480,15708,8364,7344,4364,2369,1995,10668,5908,4760,87,43,44,695,358,337
2038,185,Grimes County,31595,17066,14529,15581,8300,7281,4351,2351,2000,10871,6010,4861,88,44,44,704,361,343
2039,185,Grimes County,31654,17091,14563,15450,8227,7223,4332,2337,1995,11075,6121,4954,87,43,44,710,363,347
2040,185,Grimes County,31714,17119,14595,15312,8153,7159,4311,2321,1990,11286,6236,5050,87,44,43,718,365,353
2041,185,Grimes County,31785,17148,14637,15187,8087,7100,4286,2304,1982,11500,6347,5153,88,44,44,724,366,358
2042,185,Grimes County,31853,17176,14677,15056,8013,7043,4271,2295,1976,11705,6455,5250,89,45,44,732,368,364
2043,185,Grimes County,31929,17204,14725,14940,7954,6986,4244,2277,1967,11920,6561,5359,90,45,45,735,367,368
2044,185,Grimes County,31970,17227,14743,14809,7889,6920,4216,2258,1958,12113,6667,5446,90,45,45,742,368,374
2045,185,Grimes County,32047,17250,14797,14697,7828,6869,4193,2242,1951,12322,6769,5553,91,45,46,744,366,378
2046,185,Grimes County,32114,17272,14842,14583,7768,6815,4156,2218,1938,12529,6867,5662,91,45,46,755,374,381
2047,185,Grimes County,32176,17289,14887,14465,7706,6759,4126,2196,1930,12732,6970,5762,92,45,47,761,372,389
2048,185,Grimes County,32229,17319,14910,14343,7648,6695,4093,2179,1914,12932,7071,5861,90,45,45,771,376,395
2049,185,Grimes County,32306,17348,14958,14234,7590,6644,4067,2160,1907,13139,7178,5961,90,44,46,776,376,400
2050,185,Grimes County,32369,17372,14997,14107,7527,6580,4041,2141,1900,13344,7277,6067,91,45,46,786,382,404
2010,187,Guadalupe County,131533,64762,66771,72086,35547,36539,7963,4005,3958,46889,23204,23685,1748,620,1128,2847,1386,1461
2011,187,Guadalupe County,134889,66451,68438,73048,36041,37007,8439,4271,4168,48651,24069,24582,1822,641,1181,2929,1429,1500
2012,187,Guadalupe County,138339,68179,70160,74016,36536,37480,8928,4545,4383,50467,24955,25512,1909,667,1242,3019,1476,1543
2013,187,Guadalupe County,141894,69966,71928,74992,37033,37959,9458,4839,4619,52338,25879,26459,1991,690,1301,3115,1525,1590
2014,187,Guadalupe County,145580,71824,73756,75993,37544,38449,10009,5150,4859,54287,26836,27451,2075,715,1360,3216,1579,1637
2015,187,Guadalupe County,149394,73749,75645,76997,38057,38940,10602,5487,5115,56312,27833,28479,2162,741,1421,3321,1631,1690
2016,187,Guadalupe County,153319,75727,77592,77999,38568,39431,11229,5837,5392,58416,28870,29546,2247,765,1482,3428,1687,1741
2017,187,Guadalupe County,157368,77781,79587,79010,39093,39917,11905,6213,5692,60583,29942,30641,2328,787,1541,3542,1746,1796
2018,187,Guadalupe County,161538,79909,81629,80033,39625,40408,12602,6605,5997,62845,31070,31775,2408,812,1596,3650,1797,1853
2019,187,Guadalupe County,165830,82102,83728,81069,40169,40900,13336,7017,6319,65168,32222,32946,2488,833,1655,3769,1861,1908
2020,187,Guadalupe County,170264,84375,85889,82112,40720,41392,14112,7453,6659,67577,33419,34158,2574,856,1718,3889,1927,1962
2021,187,Guadalupe County,174865,86737,88128,83179,41289,41890,14922,7907,7015,70078,34665,35413,2661,879,1782,4025,1997,2028
2022,187,Guadalupe County,179591,89184,90407,84244,41864,42380,15782,8394,7388,72666,35958,36708,2736,901,1835,4163,2067,2096
2023,187,Guadalupe County,184447,91685,92762,85302,42430,42872,16679,8902,7777,75330,37286,38044,2818,918,1900,4318,2149,2169
2024,187,Guadalupe County,189447,94257,95190,86376,43000,43376,17633,9437,8196,78069,38653,39416,2905,943,1962,4464,2224,2240
2025,187,Guadalupe County,194525,96889,97636,87435,43573,43862,18613,9997,8616,80865,40051,40814,2989,963,2026,4623,2305,2318
2026,187,Guadalupe County,199729,99577,100152,88480,44138,44342,19639,10583,9056,83748,41483,42265,3079,989,2090,4783,2384,2399
2027,187,Guadalupe County,205020,102326,102694,89492,44693,44799,20725,11206,9519,86679,42940,43739,3173,1013,2160,4951,2474,2477
2028,187,Guadalupe County,210371,105100,105271,90485,45232,45253,21837,11849,9988,89667,44426,45241,3265,1039,2226,5117,2554,2563
2029,187,Guadalupe County,215815,107941,107874,91467,45776,45691,22993,12521,10472,92712,45936,46776,3359,1066,2293,5284,2642,2642
2030,187,Guadalupe County,221318,110823,110495,92406,46302,46104,24197,13227,10970,95808,47476,48332,3449,1091,2358,5458,2727,2731
2031,187,Guadalupe County,226905,113761,113144,93322,46818,46504,25444,13962,11482,98958,49044,49914,3543,1115,2428,5638,2822,2816
2032,187,Guadalupe County,232549,116714,115835,94204,47324,46880,26755,14729,12026,102147,50622,51525,3644,1141,2503,5799,2898,2901
2033,187,Guadalupe County,238267,119725,118542,95070,47827,47243,28106,15525,12581,105378,52220,53158,3741,1168,2573,5972,2985,2987
2034,187,Guadalupe County,244065,122786,121279,95894,48308,47586,29516,16365,13151,108670,53851,54819,3851,1198,2653,6134,3064,3070
2035,187,Guadalupe County,249897,125859,124038,96692,48776,47916,30972,17230,13742,111974,55480,56494,3968,1232,2736,6291,3141,3150
2036,187,Guadalupe County,255828,128993,126835,97459,49229,48230,32492,18137,14355,115342,57143,58199,4086,1267,2819,6449,3217,3232
2037,187,Guadalupe County,261841,132180,129661,98206,49678,48528,34073,19086,14987,118740,58815,59925,4203,1308,2895,6619,3293,3326
2038,187,Guadalupe County,267952,135415,132537,98935,50122,48813,35711,20070,15641,122196,60511,61685,4320,1347,2973,6790,3365,3425
2039,187,Guadalupe County,274157,138719,135438,99649,50555,49094,37428,21105,16323,125691,62234,63457,4432,1384,3048,6957,3441,3516
2040,187,Guadalupe County,280454,142073,138381,100343,50983,49360,39205,22183,17022,129235,63974,65261,4550,1426,3124,7121,3507,3614
2041,187,Guadalupe County,286865,145490,141375,101009,51395,49614,41052,23299,17753,132850,65751,67099,4668,1468,3200,7286,3577,3709
2042,187,Guadalupe County,293397,148980,144417,101683,51820,49863,42963,24459,18504,136510,67547,68963,4790,1515,3275,7451,3639,3812
2043,187,Guadalupe County,300063,152545,147518,102351,52241,50110,44946,25665,19281,140241,69377,70864,4911,1562,3349,7614,3700,3914
2044,187,Guadalupe County,306859,156180,150679,103009,52654,50355,47009,26929,20080,144040,71233,72807,5028,1607,3421,7773,3757,4016
2045,187,Guadalupe County,313828,159928,153900,103696,53086,50610,49142,28241,20901,147905,73132,74773,5143,1650,3493,7942,3819,4123
2046,187,Guadalupe County,320950,163766,157184,104352,53506,50846,51355,29604,21751,151854,75069,76785,5272,1700,3572,8117,3887,4230
2047,187,Guadalupe County,328234,167697,160537,105037,53942,51095,53638,31021,22617,155867,77032,78835,5396,1749,3647,8296,3953,4343
2048,187,Guadalupe County,335705,171742,163963,105734,54387,51347,56028,32507,23521,159956,79039,80917,5527,1800,3727,8460,4009,4451
2049,187,Guadalupe County,343326,175863,167463,106431,54824,51607,58488,34035,24453,164110,81077,83033,5639,1846,3793,8658,4081,4577
2050,187,Guadalupe County,351154,180118,171036,107134,55278,51856,61042,35629,25413,168352,83156,85196,5776,1901,3875,8850,4154,4696
2010,189,Hale County,36273,18737,17536,13647,6880,6767,1803,1142,661,20269,10436,9833,133,75,58,421,204,217
2011,189,Hale County,35952,18590,17362,13360,6749,6611,1797,1136,661,20229,10420,9809,135,76,59,431,209,222
2012,189,Hale County,35644,18448,17196,13071,6617,6454,1804,1136,668,20191,10405,9786,137,77,60,441,213,228
2013,189,Hale County,35355,18312,17043,12809,6494,6315,1811,1134,677,20144,10387,9757,139,78,61,452,219,233
2014,189,Hale County,35055,18179,16876,12544,6376,6168,1817,1138,679,20088,10361,9727,141,79,62,465,225,240
2015,189,Hale County,34731,18023,16708,12271,6245,6026,1826,1141,685,20013,10326,9687,143,80,63,478,231,247
2016,189,Hale County,34444,17886,16558,12021,6129,5892,1844,1146,698,19943,10294,9649,145,81,64,491,236,255
2017,189,Hale County,34150,17749,16401,11779,6018,5761,1859,1151,708,19859,10253,9606,147,82,65,506,245,261
2018,189,Hale County,33824,17580,16244,11530,5900,5630,1861,1143,718,19766,10203,9563,149,83,66,518,251,267
2019,189,Hale County,33526,17435,16091,11304,5794,5510,1874,1146,728,19668,10155,9513,150,83,67,530,257,273
2020,189,Hale County,33202,17277,15925,11068,5684,5384,1878,1145,733,19562,10101,9461,151,84,67,543,263,280
2021,189,Hale County,32901,17133,15768,10868,5593,5275,1877,1141,736,19452,10047,9405,153,85,68,551,267,284
2022,189,Hale County,32582,16986,15596,10647,5484,5163,1884,1148,736,19335,9996,9339,154,86,68,562,272,290
2023,189,Hale County,32290,16852,15438,10445,5393,5052,1895,1153,742,19221,9940,9281,154,85,69,575,281,294
2024,189,Hale County,31973,16700,15273,10235,5291,4944,1901,1156,745,19098,9881,9217,154,86,68,585,286,299
2025,189,Hale County,31644,16549,15095,10030,5196,4834,1902,1157,745,18961,9818,9143,155,86,69,596,292,304
2026,189,Hale County,31337,16410,14927,9836,5107,4729,1918,1170,748,18823,9750,9073,156,87,69,604,296,308
2027,189,Hale County,31013,16257,14756,9648,5020,4628,1926,1173,753,18666,9674,8992,157,87,70,616,303,313
2028,189,Hale County,30661,16096,14565,9437,4920,4517,1929,1179,750,18516,9601,8915,158,89,69,621,307,314
2029,189,Hale County,30298,15920,14378,9238,4828,4410,1933,1178,755,18342,9516,8826,157,88,69,628,310,318
2030,189,Hale County,29933,15742,14191,9032,4731,4301,1938,1178,760,18173,9432,8741,158,89,69,632,312,320
2031,189,Hale County,29572,15568,14004,8830,4640,4190,1940,1179,761,17997,9340,8657,158,88,70,647,321,326
2032,189,Hale County,29202,15378,13824,8635,4551,4084,1947,1180,767,17810,9236,8574,158,89,69,652,322,330
2033,189,Hale County,28810,15197,13613,8434,4461,3973,1944,1180,764,17618,9144,8474,158,89,69,656,323,333
2034,189,Hale County,28441,15019,13422,8244,4373,3871,1948,1181,767,17427,9047,8380,158,90,68,664,328,336
2035,189,Hale County,28044,14824,13220,8043,4280,3763,1946,1178,768,17230,8948,8282,159,90,69,666,328,338
2036,189,Hale County,27655,14638,13017,7855,4196,3659,1939,1171,768,17027,8845,8182,158,90,68,676,336,340
2037,189,Hale County,27275,14463,12812,7673,4111,3562,1934,1168,766,16831,8757,8074,159,90,69,678,337,341
2038,189,Hale County,26879,14271,12608,7486,4024,3462,1931,1165,766,16618,8649,7969,161,92,69,683,341,342
2039,189,Hale County,26503,14088,12415,7306,3938,3368,1931,1165,766,16419,8553,7866,160,91,69,687,341,346
2040,189,Hale County,26112,13908,12204,7122,3857,3265,1929,1165,764,16207,8449,7758,159,91,68,695,346,349
2041,189,Hale County,25713,13714,11999,6945,3775,3170,1927,1161,766,15985,8340,7645,161,93,68,695,345,350
2042,189,Hale County,25310,13523,11787,6769,3691,3078,1921,1155,766,15758,8236,7522,159,93,66,703,348,355
2043,189,Hale County,24897,13313,11584,6595,3609,2986,1915,1150,765,15528,8118,7410,157,92,65,702,344,358
2044,189,Hale County,24497,13120,11377,6426,3533,2893,1905,1143,762,15302,8006,7296,155,90,65,709,348,361
2045,189,Hale County,24090,12919,11171,6265,3460,2805,1902,1137,765,15060,7887,7173,155,90,65,708,345,363
2046,189,Hale County,23679,12719,10960,6090,3377,2713,1892,1130,762,14822,7771,7051,155,89,66,720,352,368
2047,189,Hale County,23263,12515,10748,5935,3307,2628,1886,1124,762,14570,7648,6922,153,88,65,719,348,371
2048,189,Hale County,22851,12311,10540,5769,3225,2544,1879,1121,758,14328,7531,6797,153,88,65,722,346,376
2049,189,Hale County,22467,12121,10346,5612,3152,2460,1878,1119,759,14097,7412,6685,151,87,64,729,351,378
2050,189,Hale County,22050,11913,10137,5451,3075,2376,1870,1114,756,13849,7288,6561,151,88,63,729,348,381
2010,191,Hall County,3353,1657,1696,1998,958,1040,235,130,105,1087,558,529,2,1,1,31,10,21
2011,191,Hall County,3322,1644,1678,1970,949,1021,235,129,106,1083,555,528,2,1,1,32,10,22
2012,191,Hall County,3308,1639,1669,1947,941,1006,237,130,107,1089,556,533,2,1,1,33,11,22
2013,191,Hall County,3306,1643,1663,1933,939,994,239,131,108,1098,561,537,2,1,1,34,11,23
2014,191,Hall County,3303,1647,1656,1914,933,981,241,132,109,1111,569,542,2,1,1,35,12,23
2015,191,Hall County,3303,1651,1652,1899,929,970,243,133,110,1123,576,547,2,1,1,36,12,24
2016,191,Hall County,3303,1655,1648,1885,926,959,246,135,111,1133,580,553,2,1,1,37,13,24
2017,191,Hall County,3308,1658,1650,1872,921,951,249,136,113,1147,587,560,2,1,1,38,13,25
2018,191,Hall County,3311,1666,1645,1863,921,942,252,138,114,1156,593,563,2,1,1,38,13,25
2019,191,Hall County,3312,1672,1640,1850,920,930,255,139,116,1166,599,567,2,1,1,39,13,26
2020,191,Hall County,3305,1669,1636,1836,913,923,258,141,117,1169,600,569,2,1,1,40,14,26
2021,191,Hall County,3303,1666,1637,1824,908,916,260,141,119,1176,602,574,2,1,1,41,14,27
2022,191,Hall County,3302,1667,1635,1813,904,909,262,142,120,1184,605,579,2,1,1,41,15,26
2023,191,Hall County,3298,1660,1638,1801,897,904,264,142,122,1189,605,584,2,1,1,42,15,27
2024,191,Hall County,3295,1660,1635,1792,895,897,266,144,122,1192,604,588,2,1,1,43,16,27
2025,191,Hall County,3292,1655,1637,1783,890,893,269,146,123,1194,602,592,2,1,1,44,16,28
2026,191,Hall County,3283,1647,1636,1773,886,887,272,147,125,1192,596,596,2,1,1,44,17,27
2027,191,Hall County,3269,1633,1636,1759,879,880,275,148,127,1189,589,600,2,1,1,44,16,28
2028,191,Hall County,3261,1628,1633,1747,875,872,276,149,127,1191,586,605,2,1,1,45,17,28
2029,191,Hall County,3255,1622,1633,1739,873,866,278,149,129,1190,582,608,2,1,1,46,17,29
2030,191,Hall County,3245,1618,1627,1727,869,858,279,151,128,1191,579,612,2,1,1,46,18,28
2031,191,Hall County,3225,1603,1622,1711,863,848,280,150,130,1184,571,613,2,1,1,48,18,30
2032,191,Hall County,3208,1590,1618,1699,855,844,282,151,131,1177,565,612,2,1,1,48,18,30
2033,191,Hall County,3194,1585,1609,1689,853,836,280,148,132,1175,565,610,2,1,1,48,18,30
2034,191,Hall County,3181,1577,1604,1673,845,828,282,149,133,1175,563,612,2,1,1,49,19,30
2035,191,Hall County,3167,1566,1601,1663,841,822,284,149,135,1168,556,612,2,1,1,50,19,31
2036,191,Hall County,3155,1561,1594,1649,836,813,286,150,136,1166,553,613,2,1,1,52,21,31
2037,191,Hall County,3146,1557,1589,1641,834,807,287,150,137,1164,552,612,2,1,1,52,20,32
2038,191,Hall County,3132,1550,1582,1635,831,804,287,150,137,1157,548,609,2,1,1,51,20,31
2039,191,Hall County,3117,1542,1575,1623,826,797,288,150,138,1151,544,607,2,1,1,53,21,32
2040,191,Hall County,3103,1533,1570,1611,821,790,288,150,138,1147,539,608,2,1,1,55,22,33
2041,191,Hall County,3087,1520,1567,1602,814,788,287,149,138,1138,532,606,2,1,1,58,24,34
2042,191,Hall County,3072,1511,1561,1593,809,784,287,149,138,1131,528,603,2,1,1,59,24,35
2043,191,Hall County,3034,1491,1543,1582,804,778,288,149,139,1101,512,589,2,1,1,61,25,36
2044,191,Hall County,3023,1486,1537,1577,803,774,287,149,138,1094,507,587,2,1,1,63,26,37
2045,191,Hall County,2998,1468,1530,1567,796,771,286,147,139,1078,497,581,2,1,1,65,27,38
2046,191,Hall County,2969,1452,1517,1557,789,768,285,147,138,1058,487,571,2,1,1,67,28,39
2047,191,Hall County,2955,1445,1510,1550,785,765,283,145,138,1052,486,566,2,1,1,68,28,40
2048,191,Hall County,2943,1436,1507,1545,782,763,282,145,137,1045,480,565,2,1,1,69,28,41
2049,191,Hall County,2930,1428,1502,1546,782,764,278,144,134,1035,473,562,2,1,1,69,28,41
2050,191,Hall County,2918,1421,1497,1538,778,760,278,144,134,1030,469,561,2,1,1,70,29,41
2010,193,Hamilton County,8517,4195,4322,7495,3651,3844,38,25,13,863,457,406,31,15,16,90,47,43
2011,193,Hamilton County,8475,4188,4287,7425,3630,3795,40,26,14,886,469,417,31,15,16,93,48,45
2012,193,Hamilton County,8441,4178,4263,7362,3605,3757,42,27,15,910,481,429,31,15,16,96,50,46
2013,193,Hamilton County,8399,4161,4238,7289,3573,3716,44,28,16,936,494,442,31,15,16,99,51,48
2014,193,Hamilton County,8370,4155,4215,7228,3551,3677,46,29,17,963,507,456,31,15,16,102,53,49
2015,193,Hamilton County,8338,4145,4193,7163,3524,3639,48,30,18,991,522,469,31,15,16,105,54,51
2016,193,Hamilton County,8305,4127,4178,7097,3489,3608,50,31,19,1018,536,482,31,15,16,109,56,53
2017,193,Hamilton County,8274,4114,4160,7031,3458,3573,52,32,20,1047,551,496,31,15,16,113,58,55
2018,193,Hamilton County,8254,4108,4146,6974,3433,3541,54,33,21,1078,567,511,31,15,16,117,60,57
2019,193,Hamilton County,8234,4102,4132,6914,3407,3507,55,33,22,1113,585,528,31,15,16,121,62,59
2020,193,Hamilton County,8220,4094,4126,6863,3381,3482,56,34,22,1145,600,545,31,15,16,125,64,61
2021,193,Hamilton County,8210,4093,4117,6817,3362,3455,57,34,23,1176,616,560,31,15,16,129,66,63
2022,193,Hamilton County,8200,4091,4109,6772,3342,3430,58,35,23,1207,631,576,31,15,16,132,68,64
2023,193,Hamilton County,8200,4087,4113,6735,3320,3415,59,35,24,1238,647,591,32,15,17,136,70,66
2024,193,Hamilton County,8196,4090,4106,6696,3305,3391,60,36,24,1267,661,606,33,16,17,140,72,68
2025,193,Hamilton County,8187,4087,4100,6653,3286,3367,61,36,25,1294,674,620,34,16,18,145,75,70
2026,193,Hamilton County,8185,4092,4093,6619,3273,3346,62,37,25,1320,687,633,34,17,17,150,78,72
2027,193,Hamilton County,8168,4083,4085,6570,3249,3321,63,37,26,1346,700,646,35,17,18,154,80,74
2028,193,Hamilton County,8159,4082,4077,6527,3228,3299,64,38,26,1373,715,658,36,18,18,159,83,76
2029,193,Hamilton County,8155,4080,4075,6489,3210,3279,65,38,27,1401,728,673,37,18,19,163,86,77
2030,193,Hamilton County,8143,4078,4065,6446,3191,3255,66,39,27,1425,740,685,38,19,19,168,89,79
2031,193,Hamilton County,8139,4076,4063,6405,3171,3234,68,40,28,1454,755,699,39,19,20,173,91,82
2032,193,Hamilton County,8132,4082,4050,6364,3159,3205,70,41,29,1481,769,712,40,20,20,177,93,84
2033,193,Hamilton County,8134,4086,4048,6330,3146,3184,72,42,30,1510,783,727,41,20,21,181,95,86
2034,193,Hamilton County,8132,4089,4043,6292,3129,3163,74,43,31,1538,798,740,42,21,21,186,98,88
2035,193,Hamilton County,8124,4083,4041,6249,3105,3144,76,44,32,1564,811,753,43,21,22,192,102,90
2036,193,Hamilton County,8113,4082,4031,6209,3087,3122,78,45,33,1587,824,763,44,22,22,195,104,91
2037,193,Hamilton County,8120,4091,4029,6179,3079,3100,80,46,34,1616,837,779,45,22,23,200,107,93
2038,193,Hamilton County,8116,4091,4025,6143,3065,3078,82,47,35,1644,850,794,44,21,23,203,108,95
2039,193,Hamilton County,8113,4091,4022,6108,3050,3058,84,48,36,1670,861,809,44,21,23,207,111,96
2040,193,Hamilton County,8112,4095,4017,6078,3038,3040,86,49,37,1695,873,822,42,21,21,211,114,97
2041,193,Hamilton County,8113,4098,4015,6047,3027,3020,88,50,38,1720,883,837,42,21,21,216,117,99
2042,193,Hamilton County,8114,4099,4015,6019,3015,3004,90,51,39,1744,894,850,41,20,21,220,119,101
2043,193,Hamilton County,8122,4108,4014,5994,3008,2986,92,52,40,1771,907,864,40,19,21,225,122,103
2044,193,Hamilton County,8130,4112,4018,5966,2995,2971,94,53,41,1801,922,879,40,19,21,229,123,106
2045,193,Hamilton County,8127,4113,4014,5938,2985,2953,96,54,42,1819,929,890,39,19,20,235,126,109
2046,193,Hamilton County,8132,4117,4015,5920,2977,2943,97,55,42,1838,939,899,39,19,20,238,127,111
2047,193,Hamilton County,8139,4117,4022,5901,2969,2932,98,55,43,1859,946,913,39,19,20,242,128,114
2048,193,Hamilton County,8136,4112,4024,5882,2957,2925,100,56,44,1873,953,920,38,18,20,243,128,115
2049,193,Hamilton County,8151,4123,4028,5868,2955,2913,102,57,45,1897,965,932,38,18,20,246,128,118
2050,193,Hamilton County,8167,4136,4031,5853,2950,2903,104,58,46,1921,979,942,39,19,20,250,130,120
2010,195,Hansford County,5613,2803,2810,3088,1487,1601,31,17,14,2430,1270,1160,16,7,9,48,22,26
2011,195,Hansford County,5614,2802,2812,3056,1472,1584,32,17,15,2460,1283,1177,16,7,9,50,23,27
2012,195,Hansford County,5623,2805,2818,3028,1458,1570,33,18,15,2494,1298,1196,16,7,9,52,24,28
2013,195,Hansford County,5647,2819,2828,3007,1452,1555,34,18,16,2535,1317,1218,17,7,10,54,25,29
2014,195,Hansford County,5669,2830,2839,2978,1437,1541,35,19,16,2583,1341,1242,17,7,10,56,26,30
2015,195,Hansford County,5698,2845,2853,2953,1425,1528,36,19,17,2633,1367,1266,18,7,11,58,27,31
2016,195,Hansford County,5723,2857,2866,2930,1412,1518,37,20,17,2678,1390,1288,18,7,11,60,28,32
2017,195,Hansford County,5753,2873,2880,2908,1399,1509,38,20,18,2727,1418,1309,18,7,11,62,29,33
2018,195,Hansford County,5780,2891,2889,2888,1391,1497,39,21,18,2771,1442,1329,18,7,11,64,30,34
2019,195,Hansford County,5802,2902,2900,2866,1378,1488,40,21,19,2812,1465,1347,18,7,11,66,31,35
2020,195,Hansford County,5820,2907,2913,2848,1366,1482,41,22,19,2845,1480,1365,18,7,11,68,32,36
2021,195,Hansford County,5855,2922,2933,2839,1359,1480,42,22,20,2888,1502,1386,18,7,11,68,32,36
2022,195,Hansford County,5890,2941,2949,2827,1354,1473,43,23,20,2932,1524,1408,18,7,11,70,33,37
2023,195,Hansford County,5926,2957,2969,2814,1349,1465,44,23,21,2978,1544,1434,18,7,11,72,34,38
2024,195,Hansford County,5957,2972,2985,2795,1341,1454,45,24,21,3026,1566,1460,18,7,11,73,34,39
2025,195,Hansford County,5996,2990,3006,2776,1331,1445,46,24,22,3082,1594,1488,18,7,11,74,34,40
2026,195,Hansford County,6032,3012,3020,2758,1325,1433,47,25,22,3134,1620,1514,18,7,11,75,35,40
2027,195,Hansford County,6076,3040,3036,2746,1325,1421,48,25,23,3187,1647,1540,18,7,11,77,36,41
2028,195,Hansford County,6114,3061,3053,2734,1322,1412,49,26,23,3234,1669,1565,18,7,11,79,37,42
2029,195,Hansford County,6144,3081,3063,2718,1321,1397,50,26,24,3277,1689,1588,18,7,11,81,38,43
2030,195,Hansford County,6176,3100,3076,2707,1321,1386,51,27,24,3317,1706,1611,18,7,11,83,39,44
2031,195,Hansford County,6205,3119,3086,2695,1321,1374,52,27,25,3355,1724,1631,18,7,11,85,40,45
2032,195,Hansford County,6228,3132,3096,2684,1319,1365,53,28,25,3386,1737,1649,18,7,11,87,41,46
2033,195,Hansford County,6251,3144,3107,2673,1315,1358,54,28,26,3417,1752,1665,18,7,11,89,42,47
2034,195,Hansford County,6274,3160,3114,2659,1312,1347,55,29,26,3451,1769,1682,18,7,11,91,43,48
2035,195,Hansford County,6290,3171,3119,2643,1308,1335,55,28,27,3481,1784,1697,18,7,11,93,44,49
2036,195,Hansford County,6309,3185,3124,2633,1309,1324,56,29,27,3508,1795,1713,18,7,11,94,45,49
2037,195,Hansford County,6324,3196,3128,2627,1313,1314,57,29,28,3526,1801,1725,18,7,11,96,46,50
2038,195,Hansford County,6333,3209,3124,2618,1317,1301,58,30,28,3542,1808,1734,18,7,11,97,47,50
2039,195,Hansford County,6340,3217,3123,2614,1322,1292,58,30,28,3551,1810,1741,18,7,11,99,48,51
2040,195,Hansford County,6359,3234,3125,2604,1324,1280,59,31,28,3578,1823,1755,18,7,11,100,49,51
2041,195,Hansford County,6367,3244,3123,2590,1328,1262,60,31,29,3599,1830,1769,18,7,11,100,48,52
2042,195,Hansford County,6388,3265,3123,2584,1332,1252,61,32,29,3623,1844,1779,18,7,11,102,50,52
2043,195,Hansford County,6405,3276,3129,2576,1334,1242,62,32,30,3646,1853,1793,18,7,11,103,50,53
2044,195,Hansford County,6412,3283,3129,2560,1332,1228,63,33,30,3668,1861,1807,18,7,11,103,50,53
2045,195,Hansford County,6420,3291,3129,2551,1336,1215,64,33,31,3682,1864,1818,18,7,11,105,51,54
2046,195,Hansford County,6431,3306,3125,2539,1338,1201,65,34,31,3701,1874,1827,18,7,11,108,53,55
2047,195,Hansford County,6436,3317,3119,2527,1341,1186,66,34,32,3715,1882,1833,18,7,11,110,53,57
2048,195,Hansford County,6449,3327,3122,2517,1342,1175,67,35,32,3735,1889,1846,18,7,11,112,54,58
2049,195,Hansford County,6459,3333,3126,2504,1345,1159,68,35,33,3755,1892,1863,18,7,11,114,54,60
2050,195,Hansford County,6471,3344,3127,2498,1351,1147,69,36,33,3772,1896,1876,18,7,11,114,54,60
2010,197,Hardeman County,4139,2051,2088,2938,1419,1519,217,116,101,889,460,429,12,7,5,83,49,34
2011,197,Hardeman County,4091,2035,2056,2868,1392,1476,219,117,102,908,470,438,12,7,5,84,49,35
2012,197,Hardeman County,4049,2022,2027,2803,1367,1436,220,118,102,928,480,448,12,7,5,86,50,36
2013,197,Hardeman County,4019,2016,2003,2749,1348,1401,221,119,102,949,491,458,12,7,5,88,51,37
2014,197,Hardeman County,3983,2004,1979,2689,1323,1366,224,121,103,968,501,467,12,7,5,90,52,38
2015,197,Hardeman County,3963,2001,1962,2640,1305,1335,227,122,105,992,514,478,12,7,5,92,53,39
2016,197,Hardeman County,3942,1992,1950,2593,1282,1311,230,124,106,1014,526,488,12,7,5,93,53,40
2017,197,Hardeman County,3923,1987,1936,2546,1264,1282,233,125,108,1037,537,500,12,7,5,95,54,41
2018,197,Hardeman County,3899,1985,1914,2496,1246,1250,235,127,108,1059,550,509,12,7,5,97,55,42
2019,197,Hardeman County,3888,1980,1908,2454,1227,1227,238,128,110,1086,562,524,12,7,5,98,56,42
2020,197,Hardeman County,3870,1973,1897,2408,1205,1203,241,130,111,1110,575,535,12,7,5,99,56,43
2021,197,Hardeman County,3854,1971,1883,2364,1189,1175,243,131,112,1135,588,547,12,7,5,100,56,44
2022,197,Hardeman County,3845,1968,1877,2326,1171,1155,244,132,112,1161,601,560,12,7,5,102,57,45
2023,197,Hardeman County,3832,1961,1871,2286,1150,1136,245,133,112,1185,613,572,12,7,5,104,58,46
2024,197,Hardeman County,3831,1967,1864,2253,1139,1114,247,134,113,1213,628,585,12,7,5,106,59,47
2025,197,Hardeman County,3814,1961,1853,2209,1119,1090,247,134,113,1239,641,598,12,7,5,107,60,47
2026,197,Hardeman County,3792,1953,1839,2165,1100,1065,247,134,113,1259,651,608,12,7,5,109,61,48
2027,197,Hardeman County,3774,1946,1828,2124,1081,1043,247,134,113,1280,662,618,12,7,5,111,62,49
2028,197,Hardeman County,3750,1938,1812,2079,1061,1018,248,135,113,1299,672,627,12,7,5,112,63,49
2029,197,Hardeman County,3728,1925,1803,2038,1041,997,249,136,113,1315,677,638,12,7,5,114,64,50
2030,197,Hardeman County,3716,1921,1795,2002,1023,979,250,137,113,1336,689,647,12,7,5,116,65,51
2031,197,Hardeman County,3703,1915,1788,1965,1006,959,252,138,114,1355,698,657,12,7,5,119,66,53
2032,197,Hardeman County,3679,1904,1775,1924,985,939,251,137,114,1372,708,664,12,7,5,120,67,53
2033,197,Hardeman County,3662,1896,1766,1890,969,921,252,138,114,1388,716,672,12,7,5,120,66,54
2034,197,Hardeman County,3647,1886,1761,1856,951,905,251,137,114,1406,724,682,12,7,5,122,67,55
2035,197,Hardeman County,3634,1880,1754,1826,935,891,250,137,113,1422,733,689,12,7,5,124,68,56
2036,197,Hardeman County,3620,1872,1748,1793,919,874,249,136,113,1441,742,699,12,7,5,125,68,57
2037,197,Hardeman County,3611,1869,1742,1767,907,860,247,135,112,1460,752,708,12,7,5,125,68,57
2038,197,Hardeman County,3596,1861,1735,1735,890,845,246,135,111,1477,761,716,12,7,5,126,68,58
2039,197,Hardeman County,3587,1857,1730,1706,876,830,245,134,111,1497,771,726,12,7,5,127,69,58
2040,197,Hardeman County,3582,1855,1727,1679,862,817,246,135,111,1517,782,735,12,7,5,128,69,59
2041,197,Hardeman County,3572,1852,1720,1653,852,801,244,133,111,1534,790,744,12,7,5,129,70,59
2042,197,Hardeman County,3564,1850,1714,1624,840,784,244,133,111,1554,800,754,11,6,5,131,71,60
2043,197,Hardeman County,3548,1840,1708,1597,827,770,244,133,111,1566,804,762,11,6,5,130,70,60
2044,197,Hardeman County,3544,1836,1708,1575,816,759,243,132,111,1585,813,772,11,6,5,130,69,61
2045,197,Hardeman County,3531,1832,1699,1558,809,749,240,131,109,1590,816,774,11,6,5,132,70,62
2046,197,Hardeman County,3529,1832,1697,1541,802,739,237,129,108,1609,825,784,10,6,4,132,70,62
2047,197,Hardeman County,3527,1829,1698,1528,796,732,235,127,108,1625,834,791,9,5,4,130,67,63
2048,197,Hardeman County,3525,1831,1694,1511,789,722,232,127,105,1641,842,799,9,5,4,132,68,64
2049,197,Hardeman County,3515,1824,1691,1494,782,712,232,127,105,1648,843,805,9,5,4,132,67,65
2050,197,Hardeman County,3505,1820,1685,1475,776,699,232,127,105,1656,845,811,9,5,4,133,67,66
2010,199,Hardin County,54635,26942,27693,48088,23701,24387,3181,1497,1684,2384,1254,1130,269,115,154,713,375,338
2011,199,Hardin County,54868,27076,27792,48240,23779,24461,3158,1490,1668,2458,1302,1156,274,118,156,738,387,351
2012,199,Hardin County,55104,27209,27895,48382,23848,24534,3147,1491,1656,2534,1351,1183,278,120,158,763,399,364
2013,199,Hardin County,55331,27347,27984,48502,23916,24586,3139,1491,1648,2618,1405,1213,284,124,160,788,411,377
2014,199,Hardin County,55546,27473,28073,48608,23972,24636,3137,1494,1643,2699,1456,1243,288,126,162,814,425,389
2015,199,Hardin County,55738,27582,28156,48696,24011,24685,3126,1495,1631,2783,1510,1273,292,128,164,841,438,403
2016,199,Hardin County,55906,27688,28218,48759,24043,24716,3111,1496,1615,2868,1565,1303,296,130,166,872,454,418
2017,199,Hardin County,56051,27781,28270,48807,24066,24741,3095,1496,1599,2949,1620,1329,300,132,168,900,467,433
2018,199,Hardin County,56216,27881,28335,48861,24092,24769,3083,1494,1589,3037,1678,1359,304,134,170,931,483,448
2019,199,Hardin County,56350,27973,28377,48887,24107,24780,3067,1495,1572,3126,1737,1389,309,137,172,961,497,464
2020,199,Hardin County,56485,28059,28426,48915,24119,24796,3053,1493,1560,3214,1796,1418,313,139,174,990,512,478
2021,199,Hardin County,56626,28151,28475,48938,24128,24810,3045,1496,1549,3303,1857,1446,316,140,176,1024,530,494
2022,199,Hardin County,56792,28269,28523,48969,24149,24820,3042,1507,1535,3402,1921,1481,321,143,178,1058,549,509
2023,199,Hardin County,56932,28355,28577,48993,24156,24837,3026,1506,1520,3497,1983,1514,325,146,179,1091,564,527
2024,199,Hardin County,57050,28432,28618,48997,24157,24840,3005,1501,1504,3598,2047,1551,330,150,180,1120,577,543
2025,199,Hardin County,57166,28512,28654,48993,24154,24839,2986,1496,1490,3706,2118,1588,333,152,181,1148,592,556
2026,199,Hardin County,57251,28576,28675,48966,24143,24823,2967,1493,1474,3806,2182,1624,336,154,182,1176,604,572
2027,199,Hardin County,57319,28632,28687,48921,24120,24801,2937,1482,1455,3915,2254,1661,338,156,182,1208,620,588
2028,199,Hardin County,57374,28681,28693,48865,24091,24774,2904,1473,1431,4024,2322,1702,342,158,184,1239,637,602
2029,199,Hardin County,57408,28718,28690,48796,24055,24741,2878,1466,1412,4124,2387,1737,344,160,184,1266,650,616
2030,199,Hardin County,57432,28754,28678,48712,24018,24694,2845,1456,1389,4230,2454,1776,351,165,186,1294,661,633
2031,199,Hardin County,57437,28772,28665,48611,23968,24643,2811,1447,1364,4337,2518,1819,357,169,188,1321,670,651
2032,199,Hardin County,57454,28812,28642,48508,23921,24587,2786,1445,1341,4452,2591,1861,359,172,187,1349,683,666
2033,199,Hardin County,57419,28817,28602,48366,23859,24507,2757,1437,1320,4560,2655,1905,364,174,190,1372,692,680
2034,199,Hardin County,57368,28817,28551,48209,23784,24425,2726,1429,1297,4668,2721,1947,366,175,191,1399,708,691
2035,199,Hardin County,57288,28804,28484,48026,23700,24326,2700,1420,1280,4773,2785,1988,368,179,189,1421,720,701
2036,199,Hardin County,57177,28769,28408,47835,23608,24227,2667,1410,1257,4864,2841,2023,369,180,189,1442,730,712
2037,199,Hardin County,57056,28728,28328,47616,23504,24112,2631,1392,1239,4973,2910,2063,369,181,188,1467,741,726
2038,199,Hardin County,56916,28685,28231,47375,23394,23981,2594,1378,1216,5086,2980,2106,370,182,188,1491,751,740
2039,199,Hardin County,56742,28617,28125,47104,23266,23838,2552,1361,1191,5199,3047,2152,373,184,189,1514,759,755
2040,199,Hardin County,56566,28543,28023,46840,23138,23702,2514,1347,1167,5301,3106,2195,374,185,189,1537,767,770
2041,199,Hardin County,56392,28481,27911,46565,23013,23552,2475,1328,1147,5413,3174,2239,376,190,186,1563,776,787
2042,199,Hardin County,56198,28412,27786,46262,22875,23387,2446,1315,1131,5525,3244,2281,376,189,187,1589,789,800
2043,199,Hardin County,56002,28329,27673,45952,22731,23221,2412,1297,1115,5652,3320,2332,376,189,187,1610,792,818
2044,199,Hardin County,55808,28248,27560,45640,22582,23058,2384,1286,1098,5773,3391,2382,377,190,187,1634,799,835
2045,199,Hardin County,55608,28161,27447,45322,22436,22886,2356,1271,1085,5891,3457,2434,379,190,189,1660,807,853
2046,199,Hardin County,55387,28074,27313,44991,22284,22707,2329,1260,1069,6013,3533,2480,379,191,188,1675,806,869
2047,199,Hardin County,55188,28002,27186,44674,22139,22535,2290,1243,1047,6143,3609,2534,381,194,187,1700,817,883
2048,199,Hardin County,54970,27916,27054,44338,21986,22352,2261,1230,1031,6269,3681,2588,383,198,185,1719,821,898
2049,199,Hardin County,54764,27849,26915,44008,21840,22168,2232,1218,1014,6402,3765,2637,387,200,187,1735,826,909
2050,199,Hardin County,54538,27755,26783,43675,21689,21986,2197,1201,996,6528,3835,2693,386,201,185,1752,829,923
2010,201,Harris County,4092459,2037405,2055054,1349646,669458,680188,754258,352748,401510,1671540,858840,812700,249853,123321,126532,67162,33038,34124
2011,201,Harris County,4177678,2079778,2097900,1360034,675214,684820,770811,360698,410113,1714723,879948,834775,261631,129183,132448,70479,34735,35744
2012,201,Harris County,4263949,2122596,2141353,1370256,680893,689363,787719,368800,418919,1758124,901139,856985,273896,135261,138635,73954,36503,37451
2013,201,Harris County,4351189,2165937,2185252,1380412,686566,693846,804842,377050,427792,1801648,922328,879320,286632,141596,145036,77655,38397,39258
2014,201,Harris County,4439118,2209556,2229562,1390476,692186,698290,822151,385400,436751,1845194,943481,901713,299797,148127,151670,81500,40362,41138
2015,201,Harris County,4527739,2253579,2274160,1400493,697800,702693,839570,393854,445716,1888804,964625,924179,313333,154858,158475,85539,42442,43097
2016,201,Harris County,4616603,2297646,2318957,1410297,703297,707000,857001,402322,454679,1932308,985670,946638,327261,161762,165499,89736,44595,45141
2017,201,Harris County,4706111,2342055,2364056,1420025,708745,711280,874474,410846,463628,1975853,1006691,969162,341656,168932,172724,94103,46841,47262
2018,201,Harris County,4796235,2386682,2409553,1429600,714111,715489,892003,419392,472611,2019523,1027744,991779,356469,176265,180204,98640,49170,49470
2019,201,Harris County,4886994,2431664,2455330,1439006,719378,719628,909539,428010,481529,2063338,1048813,1014525,371748,183857,187891,103363,51606,51757
2020,201,Harris County,4978446,2476890,2501556,1448275,724553,723722,927092,436636,490456,2107349,1069932,1037417,387470,191637,195833,108260,54132,54128
2021,201,Harris County,5071109,2522739,2548370,1457516,729710,727806,944736,445324,499412,2151803,1091226,1060577,403704,199705,203999,113350,56774,56576
2022,201,Harris County,5164269,2568782,2595487,1466492,734729,731763,962349,454007,508342,2196431,1112573,1083858,420362,207969,212393,118635,59504,59131
2023,201,Harris County,5257899,2615107,2642792,1475273,739667,735606,979857,462683,517174,2241241,1133956,1107285,437446,216473,220973,124082,62328,61754
2024,201,Harris County,5351951,2661587,2690364,1483793,744473,739320,997273,471332,525941,2286253,1155394,1130859,454926,225159,229767,129706,65229,64477
2025,201,Harris County,5446430,2708304,2738126,1492051,749143,742908,1014616,479965,534651,2331411,1176871,1154540,472835,234095,238740,135517,68230,67287
2026,201,Harris County,5541335,2755137,2786198,1499998,753666,746332,1031869,488538,543331,2376732,1198393,1178339,491215,243233,247982,141521,71307,70214
2027,201,Harris County,5636527,2802123,2834404,1507641,758036,749605,1049007,497080,551927,2422120,1219916,1202204,510061,252608,257453,147698,74483,73215
2028,201,Harris County,5731920,2849149,2882771,1514973,762266,752707,1065963,505530,560433,2467506,1241375,1226131,529399,262224,267175,154079,77754,76325
2029,201,Harris County,5827403,2896274,2931129,1521820,766263,755557,1082804,513956,568848,2512890,1262810,1250080,549242,272117,277125,160647,81128,79519
2030,201,Harris County,5922906,2943302,2979604,1528178,770028,758150,1099527,522306,577221,2558266,1284195,1274071,569529,282201,287328,167406,84572,82834
2031,201,Harris County,6018590,2990457,3028133,1534288,773695,760593,1116113,530606,585507,2603390,1305426,1297964,590409,292603,297806,174390,88127,86263
2032,201,Harris County,6114477,3037622,3076855,1540205,777271,762934,1132555,538833,593722,2648242,1326490,1321752,611891,303266,308625,181584,91762,89822
2033,201,Harris County,6210607,3084926,3125681,1545993,780800,765193,1148865,547019,601846,2692738,1347357,1345381,634041,314267,319774,188970,95483,93487
2034,201,Harris County,6307037,3132318,3174719,1551716,784319,767397,1165020,555135,609885,2736801,1367976,1368825,656920,325598,331322,196580,99290,97290
2035,201,Harris County,6403762,3179857,3223905,1557438,787860,769578,1181044,563223,617821,2780373,1388325,1392048,680516,337293,343223,204391,103156,101235
2036,201,Harris County,6500740,3227467,3273273,1563150,791434,771716,1196914,571238,625676,2823423,1408393,1415030,704878,349333,355545,212375,107069,105306
2037,201,Harris County,6598073,3275261,3322812,1568855,795028,773827,1212672,579243,633429,2865985,1428192,1437793,730011,361765,368246,220550,111033,109517
2038,201,Harris County,6695819,3323188,3372631,1574571,798669,775902,1228279,587168,641111,2908054,1447734,1460320,755952,374553,381399,228963,115064,113899
2039,201,Harris County,6793916,3371310,3422606,1580335,802379,777956,1243719,595053,648666,2949566,1466971,1482595,782782,387792,394990,237514,119115,118399
2040,201,Harris County,6892477,3419578,3472899,1586178,806147,780031,1258987,602856,656131,2990485,1485904,1504581,810544,401467,409077,246283,123204,123079
2041,201,Harris County,6991524,3468100,3523424,1592144,810003,782141,1274066,610603,663463,3030803,1504511,1526292,839233,415609,423624,255278,127374,127904
2042,201,Harris County,7091020,3516735,3574285,1598236,813944,784292,1288950,618252,670698,3070467,1522772,1547695,868925,430239,438686,264442,131528,132914
2043,201,Harris County,7190997,3565609,3625388,1604454,817972,786482,1303639,625826,677813,3109432,1540669,1568763,899631,445393,454238,273841,135749,138092
2044,201,Harris County,7291426,3614681,3676745,1610764,822063,788701,1318098,633296,684802,3147726,1558232,1589494,931352,461047,470305,283486,140043,143443
2045,201,Harris County,7392260,3663930,3728330,1617212,826237,790975,1332346,640684,691662,3185311,1575430,1609881,964068,477215,486853,293323,144364,148959
2046,201,Harris County,7493582,3713371,3780211,1623822,830509,793313,1346356,647954,698402,3222193,1592260,1629933,997771,493864,503907,303440,148784,154656
2047,201,Harris County,7595225,3762974,3832251,1630498,834806,795692,1360087,655097,704990,3258361,1608735,1649626,1032454,511025,521429,313825,153311,160514
2048,201,Harris County,7697024,3812548,3884476,1637248,839140,798108,1373529,662100,711429,3293798,1624822,1668976,1068009,528602,539407,324440,157884,166556
2049,201,Harris County,7798914,3862174,3936740,1644035,843479,800556,1386669,668960,717709,3328475,1640519,1687956,1104409,546625,557784,335326,162591,172735
2050,201,Harris County,7900994,3911779,3989215,1650908,847854,803054,1399520,675661,723859,3362429,1655854,1706575,1141666,565050,576616,346471,167360,179111
2010,203,Harrison County,65631,32224,33407,42654,20968,21686,14303,6655,7648,7254,3891,3363,331,156,175,1089,554,535
2011,203,Harrison County,65899,32302,33597,42678,20958,21720,14314,6647,7667,7449,3968,3481,337,159,178,1121,570,551
2012,203,Harrison County,66193,32397,33796,42696,20948,21748,14337,6650,7687,7666,4053,3613,342,161,181,1152,585,567
2013,203,Harrison County,66482,32488,33994,42716,20937,21779,14351,6647,7704,7878,4137,3741,349,165,184,1188,602,586
2014,203,Harrison County,66764,32580,34184,42731,20919,21812,14358,6644,7714,8095,4228,3867,354,168,186,1226,621,605
2015,203,Harrison County,67021,32663,34358,42726,20897,21829,14359,6634,7725,8314,4319,3995,359,171,188,1263,642,621
2016,203,Harrison County,67300,32749,34551,42731,20879,21852,14365,6625,7740,8541,4412,4129,364,174,190,1299,659,640
2017,203,Harrison County,67523,32817,34706,42698,20842,21856,14350,6612,7738,8767,4506,4261,371,179,192,1337,678,659
2018,203,Harrison County,67765,32894,34871,42675,20809,21866,14342,6602,7740,9001,4608,4393,376,181,195,1371,694,677
2019,203,Harrison County,68003,32962,35041,42639,20772,21867,14329,6586,7743,9244,4708,4536,382,185,197,1409,711,698
2020,203,Harrison County,68246,33045,35201,42605,20732,21873,14310,6574,7736,9492,4818,4674,388,189,199,1451,732,719
2021,203,Harrison County,68491,33121,35370,42564,20692,21872,14299,6559,7740,9744,4927,4817,393,192,201,1491,751,740
2022,203,Harrison County,68734,33200,35534,42533,20656,21877,14273,6538,7735,10002,5041,4961,396,195,201,1530,770,760
2023,203,Harrison County,68931,33247,35684,42465,20598,21867,14238,6508,7730,10260,5156,5104,401,199,202,1567,786,781
2024,203,Harrison County,69128,33304,35824,42384,20536,21848,14209,6487,7722,10526,5274,5252,410,205,205,1599,802,797
2025,203,Harrison County,69321,33345,35976,42294,20467,21827,14185,6459,7726,10787,5387,5400,417,210,207,1638,822,816
2026,203,Harrison County,69485,33388,36097,42187,20395,21792,14146,6434,7712,11053,5503,5550,423,214,209,1676,842,834
2027,203,Harrison County,69642,33414,36228,42062,20310,21752,14111,6405,7706,11325,5617,5708,427,217,210,1717,865,852
2028,203,Harrison County,69770,33423,36347,41926,20217,21709,14075,6382,7693,11588,5724,5864,429,219,210,1752,881,871
2029,203,Harrison County,69880,33428,36452,41764,20121,21643,14035,6352,7683,11859,5837,6022,431,220,211,1791,898,893
2030,203,Harrison County,69962,33425,36537,41588,20018,21570,13991,6319,7672,12127,5953,6174,433,222,211,1823,913,910
2031,203,Harrison County,70024,33411,36613,41393,19904,21489,13937,6288,7649,12399,6068,6331,437,223,214,1858,928,930
2032,203,Harrison County,70066,33398,36668,41177,19790,21387,13886,6255,7631,12675,6186,6489,439,225,214,1889,942,947
2033,203,Harrison County,70098,33376,36722,40941,19662,21279,13844,6226,7618,12946,6301,6645,445,229,216,1922,958,964
2034,203,Harrison County,70098,33334,36764,40679,19528,21151,13793,6195,7598,13225,6413,6812,446,229,217,1955,969,986
2035,203,Harrison County,70101,33295,36806,40413,19384,21029,13747,6169,7578,13508,6527,6981,451,233,218,1982,982,1000
2036,203,Harrison County,70093,33256,36837,40139,19245,20894,13696,6140,7556,13798,6641,7157,446,232,214,2014,998,1016
2037,203,Harrison County,70068,33196,36872,39853,19093,20760,13654,6112,7542,14069,6747,7322,449,234,215,2043,1010,1033
2038,203,Harrison County,70019,33143,36876,39561,18949,20612,13595,6080,7515,14345,6856,7489,450,234,216,2068,1024,1044
2039,203,Harrison County,69975,33094,36881,39264,18805,20459,13538,6052,7486,14623,6966,7657,453,237,216,2097,1034,1063
2040,203,Harrison County,69937,33033,36904,38965,18653,20312,13488,6025,7463,14903,7073,7830,457,237,220,2124,1045,1079
2041,203,Harrison County,69871,32968,36903,38658,18506,20152,13434,5998,7436,15171,7174,7997,456,240,216,2152,1050,1102
2042,203,Harrison County,69834,32920,36914,38361,18362,19999,13392,5982,7410,15451,7281,8170,453,237,216,2177,1058,1119
2043,203,Harrison County,69770,32861,36909,38058,18218,19840,13347,5967,7380,15711,7372,8339,454,238,216,2200,1066,1134
2044,203,Harrison County,69709,32798,36911,37756,18071,19685,13296,5943,7353,15980,7473,8507,454,239,215,2223,1072,1151
2045,203,Harrison County,69654,32746,36908,37466,17928,19538,13247,5929,7318,16233,7568,8665,456,240,216,2252,1081,1171
2046,203,Harrison County,69601,32680,36921,37178,17788,19390,13193,5907,7286,16493,7654,8839,459,242,217,2278,1089,1189
2047,203,Harrison County,69518,32603,36915,36887,17648,19239,13131,5883,7248,16741,7733,9008,458,243,215,2301,1096,1205
2048,203,Harrison County,69467,32553,36914,36598,17512,19086,13076,5863,7213,17012,7833,9179,456,243,213,2325,1102,1223
2049,203,Harrison County,69419,32493,36926,36323,17379,18944,13009,5833,7176,17279,7924,9355,456,243,213,2352,1114,1238
2050,203,Harrison County,69379,32445,36934,36057,17260,18797,12959,5814,7145,17539,8011,9528,452,240,212,2372,1120,1252
2010,205,Hartley County,6062,3700,2362,4111,2242,1869,416,410,6,1448,1006,442,29,16,13,58,26,32
2011,205,Hartley County,6038,3698,2340,4063,2229,1834,417,410,7,1468,1016,452,30,16,14,60,27,33
2012,205,Hartley County,6032,3706,2326,4033,2224,1809,418,411,7,1488,1026,462,31,17,14,62,28,34
2013,205,Hartley County,6018,3705,2313,3996,2212,1784,419,411,8,1507,1036,471,32,17,15,64,29,35
2014,205,Hartley County,6020,3714,2306,3968,2202,1766,423,415,8,1530,1049,481,33,18,15,66,30,36
2015,205,Hartley County,6029,3719,2310,3948,2192,1756,426,417,9,1553,1061,492,34,18,16,68,31,37
2016,205,Hartley County,6040,3726,2314,3928,2181,1747,430,421,9,1577,1073,504,35,19,16,70,32,38
2017,205,Hartley County,6040,3722,2318,3897,2160,1737,434,424,10,1601,1086,515,36,19,17,72,33,39
2018,205,Hartley County,6041,3720,2321,3873,2147,1726,434,424,10,1623,1095,528,37,20,17,74,34,40
2019,205,Hartley County,6064,3724,2340,3861,2134,1727,436,425,11,1652,1110,542,38,20,18,77,35,42
2020,205,Hartley County,6067,3718,2349,3836,2113,1723,435,424,11,1678,1124,554,39,21,18,79,36,43
2021,205,Hartley County,6082,3711,2371,3819,2094,1725,436,424,12,1705,1135,570,40,21,19,82,37,45
2022,205,Hartley County,6092,3707,2385,3797,2073,1724,437,425,12,1732,1148,584,41,22,19,85,39,46
2023,205,Hartley County,6119,3713,2406,3788,2061,1727,439,426,13,1762,1164,598,42,22,20,88,40,48
2024,205,Hartley County,6117,3703,2414,3759,2038,1721,437,424,13,1787,1176,611,43,23,20,91,42,49
2025,205,Hartley County,6138,3711,2427,3746,2030,1716,436,422,14,1819,1193,626,44,23,21,93,43,50
2026,205,Hartley County,6161,3719,2442,3729,2016,1713,439,425,14,1852,1209,643,45,24,21,96,45,51
2027,205,Hartley County,6169,3718,2451,3707,2002,1705,440,425,15,1877,1221,656,46,24,22,99,46,53
2028,205,Hartley County,6183,3720,2463,3692,1990,1702,439,424,15,1903,1233,670,47,25,22,102,48,54
2029,205,Hartley County,6199,3720,2479,3674,1977,1697,439,423,16,1933,1246,687,48,25,23,105,49,56
2030,205,Hartley County,6202,3723,2479,3647,1964,1683,441,425,16,1957,1257,700,49,26,23,108,51,57
2031,205,Hartley County,6202,3720,2482,3617,1948,1669,440,423,17,1983,1271,712,50,26,24,112,52,60
2032,205,Hartley County,6203,3723,2480,3589,1936,1653,442,425,17,2006,1281,725,51,27,24,115,54,61
2033,205,Hartley County,6186,3714,2472,3550,1921,1629,441,423,18,2026,1289,737,52,27,25,117,54,63
2034,205,Hartley County,6176,3714,2462,3514,1908,1606,440,422,18,2049,1300,749,53,28,25,120,56,64
2035,205,Hartley County,6175,3711,2464,3483,1893,1590,439,420,19,2076,1313,763,54,28,26,123,57,66
2036,205,Hartley County,6169,3710,2459,3454,1881,1573,438,419,19,2096,1322,774,55,29,26,126,59,67
2037,205,Hartley County,6154,3701,2453,3419,1867,1552,439,419,20,2111,1326,785,56,29,27,129,60,69
2038,205,Hartley County,6151,3704,2447,3387,1854,1533,435,415,20,2141,1343,798,57,30,27,131,62,69
2039,205,Hartley County,6133,3688,2445,3352,1837,1515,433,412,21,2157,1347,810,58,30,28,133,62,71
2040,205,Hartley County,6123,3688,2435,3312,1820,1492,434,413,21,2182,1359,823,59,31,28,136,65,71
2041,205,Hartley County,6111,3679,2432,3274,1801,1473,432,410,22,2210,1373,837,59,31,28,136,64,72
2042,205,Hartley County,6096,3666,2430,3242,1781,1461,433,411,22,2222,1376,846,60,32,28,139,66,73
2043,205,Hartley County,6082,3650,2432,3210,1764,1446,431,408,23,2239,1380,859,61,32,29,141,66,75
2044,205,Hartley County,6078,3649,2429,3185,1752,1433,428,405,23,2260,1392,868,62,33,29,143,67,76
2045,205,Hartley County,6071,3637,2434,3160,1737,1423,428,404,24,2274,1395,879,63,33,30,146,68,78
2046,205,Hartley County,6071,3634,2437,3141,1725,1416,424,400,24,2296,1407,889,64,34,30,146,68,78
2047,205,Hartley County,6082,3638,2444,3125,1717,1408,423,398,25,2320,1420,900,65,34,31,149,69,80
2048,205,Hartley County,6084,3636,2448,3106,1707,1399,422,397,25,2341,1428,913,66,35,31,149,69,80
2049,205,Hartley County,6089,3640,2449,3084,1701,1383,422,396,26,2366,1440,926,67,35,32,150,68,82
2050,205,Hartley County,6090,3638,2452,3068,1693,1375,422,396,26,2380,1444,936,68,36,32,152,69,83
2010,207,Haskell County,5899,3104,2795,4148,2142,2006,203,129,74,1414,750,664,31,20,11,103,63,40
2011,207,Haskell County,5892,3110,2782,4104,2124,1980,204,129,75,1448,773,675,31,20,11,105,64,41
2012,207,Haskell County,5901,3127,2774,4072,2113,1959,205,130,75,1486,799,687,31,20,11,107,65,42
2013,207,Haskell County,5926,3149,2777,4053,2105,1948,207,131,76,1526,827,699,31,20,11,109,66,43
2014,207,Haskell County,5952,3171,2781,4030,2094,1936,209,132,77,1571,858,713,31,20,11,111,67,44
2015,207,Haskell County,5983,3197,2786,4007,2083,1924,211,133,78,1621,893,728,31,20,11,113,68,45
2016,207,Haskell County,6020,3227,2793,3990,2076,1914,213,134,79,1670,927,743,31,20,11,116,70,46
2017,207,Haskell County,6061,3259,2802,3974,2069,1905,215,135,80,1722,964,758,31,20,11,119,71,48
2018,207,Haskell County,6107,3299,2808,3962,2066,1896,217,136,81,1776,1005,771,31,20,11,121,72,49
2019,207,Haskell County,6150,3330,2820,3945,2056,1889,219,137,82,1831,1044,787,31,20,11,124,73,51
2020,207,Haskell County,6197,3371,2826,3937,2057,1880,219,137,82,1883,1082,801,31,20,11,127,75,52
2021,207,Haskell County,6237,3406,2831,3918,2050,1868,221,138,83,1938,1122,816,31,20,11,129,76,53
2022,207,Haskell County,6289,3448,2841,3911,2050,1861,223,140,83,1992,1160,832,31,20,11,132,78,54
2023,207,Haskell County,6330,3480,2850,3895,2042,1853,226,141,85,2043,1198,845,31,20,11,135,79,56
2024,207,Haskell County,6374,3515,2859,3885,2038,1847,229,143,86,2092,1234,858,31,20,11,137,80,57
2025,207,Haskell County,6428,3560,2868,3878,2039,1839,233,145,88,2147,1275,872,31,20,11,139,81,58
2026,207,Haskell County,6483,3604,2879,3868,2032,1836,236,147,89,2206,1322,884,31,20,11,142,83,59
2027,207,Haskell County,6533,3641,2892,3859,2026,1833,236,147,89,2262,1364,898,31,20,11,145,84,61
2028,207,Haskell County,6587,3686,2901,3849,2023,1826,238,148,90,2321,1409,912,31,20,11,148,86,62
2029,207,Haskell County,6643,3732,2911,3842,2020,1822,238,148,90,2381,1457,924,31,20,11,151,87,64
2030,207,Haskell County,6689,3772,2917,3827,2013,1814,240,149,91,2438,1502,936,31,20,11,153,88,65
2031,207,Haskell County,6734,3809,2925,3813,2007,1806,240,149,91,2494,1545,949,31,20,11,156,88,68
2032,207,Haskell County,6770,3843,2927,3796,2000,1796,241,149,92,2544,1585,959,31,20,11,158,89,69
2033,207,Haskell County,6820,3882,2938,3791,2000,1791,243,150,93,2595,1623,972,31,20,11,160,89,71
2034,207,Haskell County,6873,3923,2950,3782,1993,1789,244,150,94,2651,1667,984,31,20,11,165,93,72
2035,207,Haskell County,6936,3976,2960,3777,1990,1787,246,152,94,2715,1721,994,31,20,11,167,93,74
2036,207,Haskell County,6984,4018,2966,3767,1987,1780,247,152,95,2773,1768,1005,31,20,11,166,91,75
2037,207,Haskell County,7038,4069,2969,3755,1985,1770,248,153,95,2837,1820,1017,31,20,11,167,91,76
2038,207,Haskell County,7102,4124,2978,3755,1984,1771,248,153,95,2899,1875,1024,31,20,11,169,92,77
2039,207,Haskell County,7159,4174,2985,3752,1987,1765,248,153,95,2956,1920,1036,31,20,11,172,94,78
2040,207,Haskell County,7204,4214,2990,3754,1990,1764,247,152,95,2996,1956,1040,31,20,11,176,96,80
2041,207,Haskell County,7258,4258,3000,3756,1992,1764,248,152,96,3045,1997,1048,30,20,10,179,97,82
2042,207,Haskell County,7326,4313,3013,3760,1994,1766,249,153,96,3106,2049,1057,31,21,10,180,96,84
2043,207,Haskell County,7375,4350,3025,3757,1990,1767,249,152,97,3158,2092,1066,31,21,10,180,95,85
2044,207,Haskell County,7432,4393,3039,3761,1990,1771,250,153,97,3209,2135,1074,30,20,10,182,95,87
2045,207,Haskell County,7502,4451,3051,3765,1994,1771,251,153,98,3272,2188,1084,30,20,10,184,96,88
2046,207,Haskell County,7565,4504,3061,3771,2000,1771,251,153,98,3329,2237,1092,30,20,10,184,94,90
2047,207,Haskell County,7630,4551,3079,3782,2003,1779,249,150,99,3382,2282,1100,30,20,10,187,96,91
2048,207,Haskell County,7685,4594,3091,3791,2008,1783,250,150,100,3427,2322,1105,30,20,10,187,94,93
2049,207,Haskell County,7758,4650,3108,3803,2012,1791,250,149,101,3484,2372,1112,30,20,10,191,97,94
2050,207,Haskell County,7812,4688,3124,3808,2012,1796,250,150,100,3532,2410,1122,30,20,10,192,96,96
2010,209,Hays County,157107,78255,78852,92062,45705,46357,4970,2708,2262,55401,27596,27805,1699,772,927,2975,1474,1501
2011,209,Hays County,163612,81485,82127,95165,47215,47950,5082,2768,2314,58348,29090,29258,1852,843,1009,3165,1569,1596
2012,209,Hays County,170350,84834,85516,98314,48738,49576,5200,2834,2366,61431,30655,30776,2028,927,1101,3377,1680,1697
2013,209,Hays County,177267,88272,88995,101489,50283,51206,5314,2894,2420,64641,32291,32350,2223,1014,1209,3600,1790,1810
2014,209,Hays County,184416,91800,92616,104720,51833,52887,5421,2951,2470,68019,34003,34016,2426,1105,1321,3830,1908,1922
2015,209,Hays County,191849,95468,96381,108029,53421,54608,5528,3010,2518,71580,35803,35777,2637,1205,1432,4075,2029,2046
2016,209,Hays County,199620,99309,100311,111420,55056,56364,5635,3070,2565,75365,37705,37660,2884,1326,1558,4316,2152,2164
2017,209,Hays County,207877,103390,104487,115023,56784,58239,5757,3133,2624,79364,39731,39633,3143,1453,1690,4590,2289,2301
2018,209,Hays County,216516,107633,108883,118767,58565,60202,5884,3197,2687,83565,41850,41715,3433,1583,1850,4867,2438,2429
2019,209,Hays County,225515,112075,113440,122603,60395,62208,6011,3258,2753,87979,44092,43887,3758,1740,2018,5164,2590,2574
2020,209,Hays County,234895,116698,118197,126497,62244,64253,6137,3326,2811,92656,46457,46199,4119,1916,2203,5486,2755,2731
2021,209,Hays County,244215,121299,122916,130276,64032,66244,6254,3381,2873,97365,48850,48515,4509,2109,2400,5811,2927,2884
2022,209,Hays County,253883,126081,127802,134112,65849,68263,6352,3431,2921,102331,51376,50955,4931,2320,2611,6157,3105,3052
2023,209,Hays County,263959,131079,132880,138009,67705,70304,6459,3483,2976,107561,54043,53518,5387,2543,2844,6543,3305,3238
2024,209,Hays County,274416,136242,138174,141953,69566,72387,6571,3539,3032,113073,56839,56234,5881,2790,3091,6938,3508,3430
2025,209,Hays County,285340,141624,143716,145984,71458,74526,6678,3587,3091,118884,59795,59089,6432,3065,3367,7362,3719,3643
2026,209,Hays County,296713,147242,149471,150079,73382,76697,6779,3634,3145,125006,62910,62096,7034,3366,3668,7815,3950,3865
2027,209,Hays County,308551,153106,155445,154236,75331,78905,6889,3692,3197,131437,66186,65251,7692,3702,3990,8297,4195,4102
2028,209,Hays County,320842,159182,161660,158448,77302,81146,6997,3742,3255,138202,69627,68575,8384,4058,4326,8811,4453,4358
2029,209,Hays County,333695,165532,168163,162779,79339,83440,7101,3785,3316,145293,73232,72061,9155,4444,4711,9367,4732,4635
2030,209,Hays County,347056,172154,174902,167170,81394,85776,7217,3841,3376,152735,77016,75719,9989,4884,5105,9945,5019,4926
2031,209,Hays County,360888,179008,181880,171625,83469,88156,7324,3892,3432,160480,80960,79520,10895,5352,5543,10564,5335,5229
2032,209,Hays County,375230,186129,189101,176145,85580,90565,7430,3941,3489,168563,85081,83482,11880,5869,6011,11212,5658,5554
2033,209,Hays County,390094,193514,196580,180689,87701,92988,7536,3992,3544,177004,89386,87618,12960,6440,6520,11905,5995,5910
2034,209,Hays County,405502,201178,204324,185301,89850,95451,7642,4044,3598,185786,93868,91918,14133,7063,7070,12640,6353,6287
2035,209,Hays County,421390,209106,212284,189931,92017,97914,7741,4089,3652,194920,98523,96397,15393,7743,7650,13405,6734,6671
2036,209,Hays County,437787,217297,220490,194560,94180,100380,7839,4137,3702,204411,103370,101041,16776,8489,8287,14201,7121,7080
2037,209,Hays County,454750,225774,228976,199229,96358,102871,7938,4183,3755,214278,108410,105868,18254,9296,8958,15051,7527,7524
2038,209,Hays County,472317,234588,237729,203968,98576,105392,8022,4226,3796,224539,113657,110882,19858,10177,9681,15930,7952,7978
2039,209,Hays County,490509,243717,246792,208760,100830,107930,8119,4271,3848,235203,119106,116097,21580,11133,10447,16847,8377,8470
2040,209,Hays County,509371,253197,256174,213611,103112,110499,8215,4315,3900,246282,124776,121506,23455,12176,11279,17808,8818,8990
2041,209,Hays County,528908,263044,265864,218492,105414,113078,8311,4363,3948,257790,130666,127124,25492,13317,12175,18823,9284,9539
2042,209,Hays County,549210,273289,275921,223443,107753,115690,8423,4414,4009,269757,136792,132965,27702,14565,13137,19885,9765,10120
2043,209,Hays County,570264,283941,286323,228468,110142,118326,8529,4460,4069,282178,143150,139028,30085,15912,14173,21004,10277,10727
2044,209,Hays County,592128,295029,297099,233594,112588,121006,8636,4513,4123,295074,149758,145316,32650,17373,15277,22174,10797,11377
2045,209,Hays County,614863,306570,308293,238803,115071,123732,8740,4560,4180,308483,156631,151852,35443,18970,16473,23394,11338,12056
2046,209,Hays County,638497,318587,319910,244106,117604,126502,8844,4603,4241,322399,163769,158630,38450,20701,17749,24698,11910,12788
2047,209,Hays County,663100,331139,331961,249520,120213,129307,8958,4654,4304,336882,171198,165684,41688,22566,19122,26052,12508,13544
2048,209,Hays County,688705,344203,344502,255049,122868,132181,9064,4705,4359,351910,178908,173002,45182,24583,20599,27500,13139,14361
2049,209,Hays County,715365,357824,357541,260691,125591,135100,9188,4757,4431,367534,186916,180618,48942,26766,22176,29010,13794,15216
2050,209,Hays County,743171,372040,371131,266481,128376,138105,9289,4805,4484,383779,195247,188532,52990,29107,23883,30632,14505,16127
2010,211,Hemphill County,3807,1928,1879,2656,1314,1342,4,2,2,1086,587,499,18,9,9,43,16,27
2011,211,Hemphill County,3858,1948,1910,2661,1312,1349,4,2,2,1131,609,522,18,9,9,44,16,28
2012,211,Hemphill County,3924,1976,1948,2681,1318,1363,4,2,2,1176,630,546,18,9,9,45,17,28
2013,211,Hemphill County,3993,2005,1988,2697,1322,1375,4,2,2,1227,654,573,18,9,9,47,18,29
2014,211,Hemphill County,4073,2034,2039,2720,1325,1395,4,2,2,1282,679,603,18,9,9,49,19,30
2015,211,Hemphill County,4151,2064,2087,2737,1328,1409,4,2,2,1341,705,636,18,9,9,51,20,31
2016,211,Hemphill County,4246,2102,2144,2765,1336,1429,4,2,2,1406,734,672,18,9,9,53,21,32
2017,211,Hemphill County,4336,2143,2193,2786,1346,1440,4,2,2,1473,764,709,18,9,9,55,22,33
2018,211,Hemphill County,4426,2185,2241,2805,1356,1449,5,3,2,1541,794,747,18,9,9,57,23,34
2019,211,Hemphill County,4527,2233,2294,2827,1366,1461,6,3,3,1617,831,786,18,9,9,59,24,35
2020,211,Hemphill County,4644,2290,2354,2863,1384,1479,7,4,3,1696,869,827,18,9,9,60,24,36
2021,211,Hemphill County,4761,2343,2418,2897,1398,1499,8,4,4,1777,908,869,18,9,9,61,24,37
2022,211,Hemphill County,4892,2410,2482,2943,1422,1521,9,5,4,1858,948,910,18,9,9,64,26,38
2023,211,Hemphill County,5031,2472,2559,2991,1442,1549,10,5,5,1945,989,956,18,9,9,67,27,40
2024,211,Hemphill County,5163,2534,2629,3033,1459,1574,11,6,5,2031,1031,1000,18,9,9,70,29,41
2025,211,Hemphill County,5313,2599,2714,3080,1477,1603,12,6,6,2130,1077,1053,18,9,9,73,30,43
2026,211,Hemphill County,5475,2676,2799,3133,1498,1635,13,7,6,2235,1130,1105,18,9,9,76,32,44
2027,211,Hemphill County,5660,2758,2902,3200,1523,1677,14,7,7,2350,1186,1164,18,9,9,78,33,45
2028,211,Hemphill County,5845,2837,3008,3267,1545,1722,15,8,7,2464,1240,1224,18,9,9,81,35,46
2029,211,Hemphill County,6038,2925,3113,3331,1571,1760,16,8,8,2590,1301,1289,18,9,9,83,36,47
2030,211,Hemphill County,6253,3024,3229,3400,1601,1799,17,9,8,2732,1367,1365,18,9,9,86,38,48
2031,211,Hemphill County,6467,3119,3348,3460,1625,1835,18,9,9,2881,1437,1444,18,9,9,90,39,51
2032,211,Hemphill County,6674,3209,3465,3513,1645,1868,19,10,9,3032,1504,1528,18,9,9,92,41,51
2033,211,Hemphill County,6885,3305,3580,3570,1667,1903,20,10,10,3181,1576,1605,18,9,9,96,43,53
2034,211,Hemphill County,7102,3401,3701,3621,1685,1936,21,11,10,3343,1652,1691,18,9,9,99,44,55
2035,211,Hemphill County,7333,3502,3831,3679,1708,1971,22,11,11,3511,1728,1783,18,9,9,103,46,57
2036,211,Hemphill County,7550,3597,3953,3722,1723,1999,23,12,11,3680,1805,1875,18,9,9,107,48,59
2037,211,Hemphill County,7756,3690,4066,3765,1740,2025,24,12,12,3838,1879,1959,18,9,9,111,50,61
2038,211,Hemphill County,7994,3798,4196,3811,1758,2053,25,13,12,4024,1965,2059,18,9,9,116,53,63
2039,211,Hemphill County,8230,3905,4325,3853,1775,2078,26,13,13,4214,2054,2160,18,9,9,119,54,65
2040,211,Hemphill County,8477,4011,4466,3900,1792,2108,27,14,13,4409,2140,2269,18,9,9,123,56,67
2041,211,Hemphill County,8735,4118,4617,3943,1804,2139,28,14,14,4620,2234,2386,18,9,9,126,57,69
2042,211,Hemphill County,9003,4228,4775,4006,1827,2179,29,15,14,4820,2318,2502,18,9,9,130,59,71
2043,211,Hemphill County,9289,4353,4936,4069,1850,2219,30,15,15,5039,2418,2621,18,9,9,133,61,72
2044,211,Hemphill County,9571,4469,5102,4129,1868,2261,31,16,15,5256,2513,2743,18,9,9,137,63,74
2045,211,Hemphill County,9872,4605,5267,4203,1899,2304,32,16,16,5477,2615,2862,18,9,9,142,66,76
2046,211,Hemphill County,10181,4729,5452,4281,1929,2352,33,17,16,5703,2705,2998,17,9,8,147,69,78
2047,211,Hemphill County,10493,4865,5628,4359,1959,2400,34,17,17,5932,2809,3123,17,9,8,151,71,80
2048,211,Hemphill County,10831,5014,5817,4440,1989,2451,35,18,17,6182,2924,3258,17,9,8,157,74,83
2049,211,Hemphill County,11169,5164,6005,4514,2020,2494,36,18,18,6441,3041,3400,17,9,8,161,76,85
2050,211,Hemphill County,11519,5312,6207,4591,2051,2540,37,19,18,6708,3155,3553,17,9,8,166,78,88
2010,213,Henderson County,78532,38468,40064,63494,30830,32664,4813,2391,2422,8490,4390,4100,318,135,183,1417,722,695
2011,213,Henderson County,78819,38592,40227,63444,30782,32662,4891,2437,2454,8704,4496,4208,324,138,186,1456,739,717
2012,213,Henderson County,79101,38712,40389,63377,30725,32652,4972,2486,2486,8926,4604,4322,330,141,189,1496,756,740
2013,213,Henderson County,79425,38841,40584,63330,30669,32661,5060,2533,2527,9157,4719,4438,336,144,192,1542,776,766
2014,213,Henderson County,79722,38962,40760,63267,30619,32648,5126,2566,2560,9398,4836,4562,342,147,195,1589,794,795
2015,213,Henderson County,80005,39072,40933,63184,30551,32633,5200,2607,2593,9639,4955,4684,348,150,198,1634,809,825
2016,213,Henderson County,80279,39175,41104,63072,30471,32601,5286,2653,2633,9885,5072,4813,354,153,201,1682,826,856
2017,213,Henderson County,80527,39262,41265,62942,30380,32562,5361,2691,2670,10134,5193,4941,358,156,202,1732,842,890
2018,213,Henderson County,80755,39343,41412,62783,30273,32510,5446,2743,2703,10383,5310,5073,364,160,204,1779,857,922
2019,213,Henderson County,80984,39435,41549,62628,30169,32459,5528,2797,2731,10630,5429,5201,369,163,206,1829,877,952
2020,213,Henderson County,81177,39505,41672,62434,30049,32385,5614,2844,2770,10872,5547,5325,374,166,208,1883,899,984
2021,213,Henderson County,81368,39580,41788,62234,29926,32308,5699,2894,2805,11120,5670,5450,382,170,212,1933,920,1013
2022,213,Henderson County,81545,39645,41900,62029,29799,32230,5788,2945,2843,11362,5792,5570,386,173,213,1980,936,1044
2023,213,Henderson County,81678,39686,41992,61796,29663,32133,5857,2980,2877,11605,5911,5694,392,178,214,2028,954,1074
2024,213,Henderson County,81814,39740,42074,61544,29515,32029,5938,3026,2912,11861,6044,5817,401,184,217,2070,971,1099
2025,213,Henderson County,81894,39762,42132,61244,29344,31900,6015,3067,2948,12105,6170,5935,408,189,219,2122,992,1130
2026,213,Henderson County,81948,39775,42173,60946,29179,31767,6081,3105,2976,12341,6291,6050,414,193,221,2166,1007,1159
2027,213,Henderson County,81989,39781,42208,60604,28992,31612,6159,3152,3007,12587,6415,6172,418,196,222,2221,1026,1195
2028,213,Henderson County,82029,39788,42241,60246,28802,31444,6245,3198,3047,12831,6542,6289,422,199,223,2285,1047,1238
2029,213,Henderson County,82025,39772,42253,59862,28594,31268,6329,3250,3079,13065,6660,6405,425,202,223,2344,1066,1278
2030,213,Henderson County,81995,39744,42251,59472,28381,31091,6410,3294,3116,13287,6777,6510,428,205,223,2398,1087,1311
2031,213,Henderson County,81952,39720,42232,59046,28158,30888,6487,3345,3142,13527,6899,6628,432,208,224,2460,1110,1350
2032,213,Henderson County,81896,39690,42206,58611,27925,30686,6571,3393,3178,13756,7027,6729,434,208,226,2524,1137,1387
2033,213,Henderson County,81819,39639,42180,58146,27680,30466,6665,3452,3213,13981,7140,6841,445,213,232,2582,1154,1428
2034,213,Henderson County,81705,39582,42123,57656,27425,30231,6751,3503,3248,14204,7263,6941,449,214,235,2645,1177,1468
2035,213,Henderson County,81553,39493,42060,57145,27161,29984,6837,3551,3286,14414,7369,7045,447,214,233,2710,1198,1512
2036,213,Henderson County,81426,39423,42003,56621,26888,29733,6941,3612,3329,14638,7490,7148,448,216,232,2778,1217,1561
2037,213,Henderson County,81252,39325,41927,56081,26614,29467,7041,3667,3374,14839,7594,7245,448,217,231,2843,1233,1610
2038,213,Henderson County,81055,39217,41838,55522,26335,29187,7128,3709,3419,15059,7710,7349,449,216,233,2897,1247,1650
2039,213,Henderson County,80854,39108,41746,54969,26056,28913,7223,3760,3463,15258,7811,7447,447,217,230,2957,1264,1693
2040,213,Henderson County,80633,38999,41634,54408,25779,28629,7324,3818,3506,15439,7905,7534,449,217,232,3013,1280,1733
2041,213,Henderson County,80424,38884,41540,53849,25500,28349,7413,3861,3552,15642,8007,7635,447,220,227,3073,1296,1777
2042,213,Henderson County,80209,38771,41438,53268,25206,28062,7519,3916,3603,15832,8108,7724,447,219,228,3143,1322,1821
2043,213,Henderson County,79999,38651,41348,52723,24931,27792,7608,3960,3648,16012,8195,7817,447,220,227,3209,1345,1864
2044,213,Henderson County,79782,38533,41249,52167,24643,27524,7700,4010,3690,16197,8289,7908,450,224,226,3268,1367,1901
2045,213,Henderson County,79576,38406,41170,51620,24366,27254,7804,4066,3738,16359,8358,8001,449,224,225,3344,1392,1952
2046,213,Henderson County,79372,38289,41083,51083,24096,26987,7895,4112,3783,16531,8443,8088,452,226,226,3411,1412,1999
2047,213,Henderson County,79176,38171,41005,50546,23827,26719,7996,4168,3828,16696,8514,8182,454,227,227,3484,1435,2049
2048,213,Henderson County,78977,38049,40928,50024,23573,26451,8093,4219,3874,16851,8581,8270,452,225,227,3557,1451,2106
2049,213,Henderson County,78775,37921,40854,49491,23306,26185,8195,4274,3921,17003,8644,8359,453,225,228,3633,1472,2161
2050,213,Henderson County,78577,37805,40772,48968,23052,25916,8284,4317,3967,17156,8715,8441,451,223,228,3718,1498,2220
2010,215,Hidalgo County,774769,376944,397825,60553,30526,30027,2777,1868,909,702206,340118,362088,7122,3325,3797,2111,1107,1004
2011,215,Hidalgo County,784187,381663,402524,59681,30105,29576,2799,1881,918,712151,345076,367075,7394,3469,3925,2162,1132,1030
2012,215,Hidalgo County,793694,386421,407273,58885,29711,29174,2825,1895,930,722105,350046,372059,7663,3611,4052,2216,1158,1058
2013,215,Hidalgo County,803160,391165,411995,58087,29321,28766,2852,1912,940,732003,354983,377020,7953,3771,4182,2265,1178,1087
2014,215,Hidalgo County,812659,395927,416732,57334,28961,28373,2879,1927,952,741894,359913,381981,8242,3929,4313,2310,1197,1113
2015,215,Hidalgo County,822202,400696,421506,56617,28612,28005,2908,1940,968,751773,364831,386942,8534,4088,4446,2370,1225,1145
2016,215,Hidalgo County,831920,405562,426358,55951,28304,27647,2956,1966,990,761749,369784,391965,8841,4259,4582,2423,1249,1174
2017,215,Hidalgo County,841585,410396,431189,55269,27989,27280,2999,1989,1010,771707,374719,396988,9135,4426,4709,2475,1273,1202
2018,215,Hidalgo County,851281,415237,436044,54645,27699,26946,3034,2005,1029,781625,379637,401988,9444,4597,4847,2533,1299,1234
2019,215,Hidalgo County,860835,420046,440789,54004,27398,26606,3066,2021,1045,791429,384533,406896,9747,4769,4978,2589,1325,1264
2020,215,Hidalgo County,870357,424875,445482,53363,27108,26255,3108,2042,1066,801189,389419,411770,10050,4949,5101,2647,1357,1290
2021,215,Hidalgo County,879524,429561,449963,52718,26817,25901,3152,2067,1085,810592,394157,416435,10357,5137,5220,2705,1383,1322
2022,215,Hidalgo County,888641,434212,454429,52069,26521,25548,3200,2090,1110,819929,398859,421070,10676,5328,5348,2767,1414,1353
2023,215,Hidalgo County,897685,438854,458831,51422,26237,25185,3242,2110,1132,829196,403534,425662,11000,5530,5470,2825,1443,1382
2024,215,Hidalgo County,906600,443400,463200,50760,25938,24822,3293,2135,1158,838334,408138,430196,11318,5717,5601,2895,1472,1423
2025,215,Hidalgo County,915389,447902,467487,50094,25635,24459,3340,2160,1180,847348,412691,434657,11638,5906,5732,2969,1510,1459
2026,215,Hidalgo County,924017,452328,471689,49422,25329,24093,3389,2186,1203,856204,417177,439027,11966,6098,5868,3036,1538,1498
2027,215,Hidalgo County,932445,456679,475766,48753,25035,23718,3433,2209,1224,864846,421563,443283,12299,6295,6004,3114,1577,1537
2028,215,Hidalgo County,940599,460868,479731,48087,24729,23358,3479,2230,1249,873220,425812,447408,12634,6491,6143,3179,1606,1573
2029,215,Hidalgo County,948456,464935,483521,47408,24425,22983,3520,2249,1271,881306,429924,451382,12970,6692,6278,3252,1645,1607
2030,215,Hidalgo County,956000,468835,487165,46733,24118,22615,3562,2267,1295,889072,433878,455194,13309,6894,6415,3324,1678,1646
2031,215,Hidalgo County,963186,472567,490619,46069,23817,22252,3603,2285,1318,896459,437651,458808,13655,7101,6554,3400,1713,1687
2032,215,Hidalgo County,969982,476123,493859,45431,23528,21903,3632,2291,1341,903430,441230,462200,14013,7323,6690,3476,1751,1725
2033,215,Hidalgo County,976394,479493,496901,44813,23249,21564,3665,2304,1361,909982,444607,465375,14374,7540,6834,3560,1793,1767
2034,215,Hidalgo County,982393,482678,499715,44225,22987,21238,3696,2315,1381,916089,447773,468316,14727,7762,6965,3656,1841,1815
2035,215,Hidalgo County,987980,485666,502314,43643,22721,20922,3723,2326,1397,921777,450737,471040,15095,7998,7097,3742,1884,1858
2036,215,Hidalgo County,993160,488467,504693,43086,22462,20624,3753,2340,1413,927025,453501,473524,15462,8236,7226,3834,1928,1906
2037,215,Hidalgo County,997974,491082,506892,42542,22215,20327,3779,2351,1428,931892,456078,475814,15836,8467,7369,3925,1971,1954
2038,215,Hidalgo County,1002452,493544,508908,42038,21988,20050,3792,2360,1432,936396,458476,477920,16203,8702,7501,4023,2018,2005
2039,215,Hidalgo County,1006585,495835,510750,41543,21768,19775,3802,2364,1438,940544,460703,479841,16570,8929,7641,4126,2071,2055
2040,215,Hidalgo County,1010394,497970,512424,41084,21558,19526,3816,2373,1443,944331,462757,481574,16934,9164,7770,4229,2118,2111
2041,215,Hidalgo County,1013882,499957,513925,40640,21363,19277,3825,2376,1449,947783,464654,483129,17304,9400,7904,4330,2164,2166
2042,215,Hidalgo County,1017068,501787,515281,40227,21177,19050,3834,2379,1455,950899,466383,484516,17681,9641,8040,4427,2207,2220
2043,215,Hidalgo County,1019963,503489,516474,39837,21004,18833,3841,2384,1457,953692,467967,485725,18060,9879,8181,4533,2255,2278
2044,215,Hidalgo County,1022576,505058,517518,39482,20845,18637,3861,2396,1465,956138,469385,486753,18457,10129,8328,4638,2303,2335
2045,215,Hidalgo County,1024919,506502,518417,39141,20694,18447,3881,2404,1477,958295,470673,487622,18854,10378,8476,4748,2353,2395
2046,215,Hidalgo County,1026954,507803,519151,38837,20569,18268,3889,2407,1482,960124,471795,488329,19248,10630,8618,4856,2402,2454
2047,215,Hidalgo County,1028736,508986,519750,38537,20442,18095,3910,2417,1493,961654,472778,488876,19665,10898,8767,4970,2451,2519
2048,215,Hidalgo County,1030263,510040,520223,38269,20331,17938,3927,2420,1507,962895,473610,489285,20087,11174,8913,5085,2505,2580
2049,215,Hidalgo County,1031524,510972,520552,38024,20229,17795,3954,2431,1523,963820,474292,489528,20512,11455,9057,5214,2565,2649
2050,215,Hidalgo County,1032453,511751,520702,37779,20129,17650,3971,2438,1533,964442,474828,489614,20937,11739,9198,5324,2617,2707
2010,217,Hill County,35089,17208,17881,25836,12530,13306,2161,1000,1161,6427,3365,3062,105,44,61,560,269,291
2011,217,Hill County,35151,17260,17891,25713,12481,13232,2171,1013,1158,6583,3443,3140,107,45,62,577,278,299
2012,217,Hill County,35249,17327,17922,25596,12438,13158,2196,1031,1165,6754,3525,3229,109,46,63,594,287,307
2013,217,Hill County,35328,17389,17939,25470,12391,13079,2223,1051,1172,6913,3604,3309,111,47,64,611,296,315
2014,217,Hill County,35396,17438,17958,25336,12337,12999,2246,1067,1179,7073,3682,3391,113,48,65,628,304,324
2015,217,Hill County,35475,17501,17974,25204,12287,12917,2272,1088,1184,7240,3765,3475,115,49,66,644,312,332
2016,217,Hill County,35526,17540,17986,25056,12226,12830,2295,1101,1194,7398,3844,3554,117,50,67,660,319,341
2017,217,Hill County,35582,17588,17994,24910,12167,12743,2321,1121,1200,7553,3921,3632,119,51,68,679,328,351
2018,217,Hill County,35617,17614,18003,24762,12099,12663,2337,1132,1205,7704,3998,3706,121,52,69,693,333,360
2019,217,Hill County,35644,17642,18002,24595,12028,12567,2357,1145,1212,7859,4074,3785,123,53,70,710,342,368
2020,217,Hill County,35673,17673,18000,24442,11970,12472,2380,1157,1223,8000,4142,3858,125,54,71,726,350,376
2021,217,Hill County,35678,17699,17979,24262,11896,12366,2399,1172,1227,8150,4219,3931,127,55,72,740,357,383
2022,217,Hill County,35683,17719,17964,24090,11824,12266,2418,1184,1234,8289,4289,4000,129,56,73,757,366,391
2023,217,Hill County,35666,17715,17951,23896,11729,12167,2440,1195,1245,8425,4358,4067,130,57,73,775,376,399
2024,217,Hill County,35636,17720,17916,23700,11640,12060,2445,1199,1246,8567,4438,4129,132,58,74,792,385,407
2025,217,Hill County,35584,17710,17874,23483,11542,11941,2458,1210,1248,8700,4504,4196,133,59,74,810,395,415
2026,217,Hill County,35507,17688,17819,23262,11443,11819,2466,1218,1248,8819,4565,4254,135,60,75,825,402,423
2027,217,Hill County,35425,17664,17761,23036,11340,11696,2464,1220,1244,8946,4632,4314,137,61,76,842,411,431
2028,217,Hill County,35344,17637,17707,22805,11234,11571,2473,1225,1248,9070,4696,4374,139,62,77,857,420,437
2029,217,Hill County,35257,17610,17647,22570,11128,11442,2481,1230,1251,9196,4763,4433,141,63,78,869,426,443
2030,217,Hill County,35117,17559,17558,22306,11009,11297,2479,1228,1251,9312,4830,4482,143,64,79,877,428,449
2031,217,Hill County,34984,17506,17478,22044,10881,11163,2477,1232,1245,9433,4896,4537,144,64,80,886,433,453
2032,217,Hill County,34830,17436,17394,21766,10746,11020,2469,1228,1241,9550,4958,4592,144,65,79,901,439,462
2033,217,Hill County,34670,17365,17305,21491,10615,10876,2457,1220,1237,9661,5021,4640,145,65,80,916,444,472
2034,217,Hill County,34499,17298,17201,21214,10488,10726,2449,1217,1232,9761,5076,4685,145,66,79,930,451,479
2035,217,Hill County,34330,17222,17108,20935,10352,10583,2446,1218,1228,9862,5130,4732,146,66,80,941,456,485
2036,217,Hill County,34177,17161,17016,20657,10221,10436,2441,1216,1225,9981,5197,4784,145,67,78,953,460,493
2037,217,Hill County,34014,17088,16926,20375,10086,10289,2438,1219,1219,10088,5250,4838,143,66,77,970,467,503
2038,217,Hill County,33839,17010,16829,20080,9941,10139,2440,1222,1218,10192,5307,4885,143,67,76,984,473,511
2039,217,Hill County,33673,16937,16736,19806,9812,9994,2438,1224,1214,10293,5358,4935,144,68,76,992,475,517
2040,217,Hill County,33493,16861,16632,19524,9673,9851,2427,1221,1206,10393,5419,4974,146,69,77,1003,479,524
2041,217,Hill County,33293,16773,16520,19236,9536,9700,2412,1217,1195,10489,5468,5021,145,70,75,1011,482,529
2042,217,Hill County,33127,16708,16419,18965,9411,9554,2407,1215,1192,10587,5525,5062,146,71,75,1022,486,536
2043,217,Hill County,32953,16627,16326,18703,9289,9414,2401,1213,1188,10671,5565,5106,147,71,76,1031,489,542
2044,217,Hill County,32790,16551,16239,18437,9163,9274,2399,1210,1189,10767,5615,5152,149,72,77,1038,491,547
2045,217,Hill County,32641,16485,16156,18176,9045,9131,2401,1213,1188,10865,5657,5208,150,73,77,1049,497,552
2046,217,Hill County,32456,16410,16046,17916,8924,8992,2399,1216,1183,10942,5700,5242,149,73,76,1050,497,553
2047,217,Hill County,32279,16339,15940,17656,8806,8850,2397,1220,1177,11016,5736,5280,149,73,76,1061,504,557
2048,217,Hill County,32106,16265,15841,17414,8697,8717,2392,1214,1178,11089,5776,5313,149,74,75,1062,504,558
2049,217,Hill County,31951,16199,15752,17171,8585,8586,2388,1213,1175,11172,5819,5353,150,74,76,1070,508,562
2050,217,Hill County,31757,16112,15645,16929,8471,8458,2381,1210,1171,11230,5851,5379,150,75,75,1067,505,562
2010,219,Hockley County,22935,11297,11638,11795,5770,6025,801,394,407,9993,4951,5042,60,29,31,286,153,133
2011,219,Hockley County,23053,11355,11698,11684,5703,5981,805,397,408,10209,5068,5141,62,30,32,293,157,136
2012,219,Hockley County,23197,11428,11769,11589,5646,5943,807,399,408,10436,5191,5245,64,31,33,301,161,140
2013,219,Hockley County,23349,11507,11842,11498,5590,5908,812,402,410,10664,5318,5346,66,32,34,309,165,144
2014,219,Hockley County,23530,11597,11933,11424,5543,5881,820,406,414,10901,5446,5455,68,33,35,317,169,148
2015,219,Hockley County,23723,11703,12020,11351,5498,5853,831,413,418,11147,5585,5562,70,34,36,324,173,151
2016,219,Hockley County,23905,11799,12106,11273,5450,5823,840,419,421,11389,5720,5669,72,35,37,331,175,156
2017,219,Hockley County,24083,11895,12188,11196,5406,5790,849,424,425,11624,5850,5774,74,36,38,340,179,161
2018,219,Hockley County,24257,12000,12257,11112,5364,5748,858,429,429,11862,5986,5876,75,37,38,350,184,166
2019,219,Hockley County,24455,12111,12344,11039,5324,5715,869,436,433,12111,6124,5987,76,37,39,360,190,170
2020,219,Hockley County,24636,12212,12424,10958,5278,5680,878,441,437,12353,6260,6093,77,38,39,370,195,175
2021,219,Hockley County,24799,12302,12497,10871,5229,5642,886,445,441,12583,6388,6195,78,38,40,381,202,179
2022,219,Hockley County,24959,12401,12558,10781,5185,5596,893,450,443,12813,6518,6295,79,39,40,393,209,184
2023,219,Hockley County,25129,12501,12628,10697,5135,5562,900,455,445,13047,6657,6390,80,39,41,405,215,190
2024,219,Hockley County,25280,12587,12693,10603,5083,5520,906,459,447,13278,6788,6490,81,40,41,412,217,195
2025,219,Hockley County,25458,12693,12765,10520,5035,5485,913,464,449,13520,6930,6590,82,40,42,423,224,199
2026,219,Hockley County,25607,12777,12830,10424,4977,5447,919,466,453,13751,7064,6687,83,41,42,430,229,201
2027,219,Hockley County,25758,12872,12886,10331,4928,5403,925,469,456,13979,7201,6778,84,41,43,439,233,206
2028,219,Hockley County,25900,12959,12941,10235,4876,5359,928,471,457,14207,7333,6874,85,42,43,445,237,208
2029,219,Hockley County,26044,13042,13002,10139,4822,5317,937,475,462,14432,7462,6970,86,42,44,450,241,209
2030,219,Hockley County,26180,13128,13052,10037,4769,5268,945,480,465,14656,7593,7063,87,43,44,455,243,212
2031,219,Hockley County,26298,13203,13095,9932,4717,5215,952,483,469,14864,7713,7151,88,43,45,462,247,215
2032,219,Hockley County,26431,13296,13135,9827,4669,5158,961,487,474,15086,7845,7241,89,44,45,468,251,217
2033,219,Hockley County,26534,13364,13170,9716,4611,5105,966,489,477,15291,7968,7323,90,44,46,471,252,219
2034,219,Hockley County,26653,13439,13214,9609,4556,5053,973,492,481,15501,8090,7411,91,45,46,479,256,223
2035,219,Hockley County,26757,13508,13249,9505,4506,4999,979,494,485,15701,8209,7492,91,44,47,481,255,226
2036,219,Hockley County,26879,13589,13290,9396,4448,4948,987,499,488,15916,8339,7577,92,45,47,488,258,230
2037,219,Hockley County,26979,13663,13316,9282,4390,4892,992,502,490,16117,8462,7655,92,45,47,496,264,232
2038,219,Hockley County,27092,13746,13346,9186,4343,4843,994,503,491,16318,8587,7731,92,46,46,502,267,235
2039,219,Hockley County,27186,13810,13376,9073,4286,4787,999,505,494,16516,8706,7810,93,46,47,505,267,238
2040,219,Hockley County,27279,13881,13398,8964,4235,4729,1002,508,494,16710,8824,7886,94,47,47,509,267,242
2041,219,Hockley County,27393,13961,13432,8875,4189,4686,1002,507,495,16905,8947,7958,95,47,48,516,271,245
2042,219,Hockley County,27494,14038,13456,8778,4146,4632,1002,508,494,17099,9067,8032,96,48,48,519,269,250
2043,219,Hockley County,27581,14108,13473,8676,4100,4576,1003,508,495,17281,9181,8100,97,48,49,524,271,253
2044,219,Hockley County,27698,14192,13506,8581,4058,4523,1002,507,495,17484,9304,8180,97,48,49,534,275,259
2045,219,Hockley County,27809,14272,13537,8494,4020,4474,998,506,492,17677,9420,8257,98,48,50,542,278,264
2046,219,Hockley County,27902,14337,13565,8408,3978,4430,992,503,489,17853,9526,8327,98,48,50,551,282,269
2047,219,Hockley County,27994,14393,13601,8322,3931,4391,991,502,489,18028,9629,8399,98,48,50,555,283,272
2048,219,Hockley County,28075,14457,13618,8230,3886,4344,986,503,483,18197,9733,8464,99,48,51,563,287,276
2049,219,Hockley County,28170,14526,13644,8167,3856,4311,983,503,480,18353,9833,8520,100,48,52,567,286,281
2050,219,Hockley County,28260,14585,13675,8087,3815,4272,980,505,475,18520,9929,8591,100,49,51,573,287,286
2010,221,Hood County,51182,25181,26001,44588,21707,22881,225,143,82,5234,2799,2435,296,117,179,839,415,424
2011,221,Hood County,51888,25515,26373,45030,21913,23117,231,146,85,5467,2911,2556,301,120,181,859,425,434
2012,221,Hood County,52621,25862,26759,45478,22127,23351,236,148,88,5723,3030,2693,306,123,183,878,434,444
2013,221,Hood County,53357,26204,27153,45920,22326,23594,240,150,90,5990,3159,2831,311,126,185,896,443,453
2014,221,Hood County,54101,26551,27550,46353,22520,23833,248,155,93,6267,3294,2973,316,129,187,917,453,464
2015,221,Hood County,54870,26914,27956,46792,22724,24068,256,159,97,6563,3436,3127,320,131,189,939,464,475
2016,221,Hood County,55618,27266,28352,47204,22911,24293,264,164,100,6870,3589,3281,324,133,191,956,469,487
2017,221,Hood County,56362,27619,28743,47608,23101,24507,271,168,103,7176,3733,3443,328,135,193,979,482,497
2018,221,Hood County,57119,27980,29139,47999,23280,24719,278,172,106,7512,3899,3613,331,137,194,999,492,507
2019,221,Hood County,57880,28333,29547,48391,23459,24932,286,176,110,7850,4059,3791,335,139,196,1018,500,518
2020,221,Hood County,58642,28685,29957,48764,23623,25141,294,180,114,8204,4230,3974,338,141,197,1042,511,531
2021,221,Hood County,59402,29044,30358,49132,23796,25336,302,184,118,8564,4397,4167,342,143,199,1062,524,538
2022,221,Hood County,60157,29397,30760,49486,23960,25526,309,187,122,8928,4570,4358,345,145,200,1089,535,554
2023,221,Hood County,60914,29754,31160,49829,24120,25709,317,191,126,9303,4746,4557,350,148,202,1115,549,566
2024,221,Hood County,61656,30096,31560,50156,24266,25890,325,195,130,9684,4923,4761,354,152,202,1137,560,577
2025,221,Hood County,62404,30435,31969,50464,24403,26061,332,198,134,10086,5107,4979,355,153,202,1167,574,593
2026,221,Hood County,63144,30786,32358,50753,24539,26214,341,203,138,10505,5304,5201,359,155,204,1186,585,601
2027,221,Hood County,63905,31143,32762,51036,24666,26370,350,208,142,10947,5511,5436,360,157,203,1212,601,611
2028,221,Hood County,64664,31499,33165,51305,24791,26514,359,213,146,11402,5724,5678,364,159,205,1234,612,622
2029,221,Hood County,65417,31844,33573,51568,24904,26664,367,217,150,11859,5939,5920,365,160,205,1258,624,634
2030,221,Hood County,66198,32206,33992,51831,25026,26805,376,222,154,12342,6165,6177,370,162,208,1279,631,648
2031,221,Hood County,66953,32570,34383,52064,25139,26925,383,226,157,12830,6398,6432,373,164,209,1303,643,660
2032,221,Hood County,67686,32917,34769,52272,25238,27034,392,231,161,13325,6629,6696,374,166,208,1323,653,670
2033,221,Hood County,68436,33265,35171,52462,25334,27128,398,233,165,13850,6865,6985,378,168,210,1348,665,683
2034,221,Hood County,69166,33614,35552,52621,25412,27209,406,237,169,14386,7117,7269,380,170,210,1373,678,695
2035,221,Hood County,69905,33972,35933,52769,25489,27280,414,240,174,14945,7382,7563,383,172,211,1394,689,705
2036,221,Hood County,70625,34306,36319,52885,25548,27337,422,243,179,15518,7644,7874,385,174,211,1415,697,718
2037,221,Hood County,71352,34646,36706,52991,25607,27384,428,245,183,16118,7917,8201,384,173,211,1431,704,727
2038,221,Hood County,72074,34977,37097,53089,25656,27433,436,248,188,16717,8188,8529,383,174,209,1449,711,738
2039,221,Hood County,72819,35325,37494,53186,25710,27476,444,252,192,17339,8472,8867,382,173,209,1468,718,750
2040,221,Hood County,73555,35673,37882,53258,25753,27505,452,255,197,17986,8769,9217,379,173,206,1480,723,757
2041,221,Hood County,74329,36037,38292,53334,25797,27537,459,258,201,18656,9073,9583,380,176,204,1500,733,767
2042,221,Hood County,75131,36425,38706,53422,25857,27565,468,263,205,19343,9392,9951,381,178,203,1517,735,782
2043,221,Hood County,75941,36809,39132,53493,25903,27590,476,267,209,20058,9719,10339,380,178,202,1534,742,792
2044,221,Hood County,76753,37193,39560,53557,25948,27609,482,269,213,20792,10054,10738,378,178,200,1544,744,800
2045,221,Hood County,77598,37600,39998,53623,25997,27626,490,273,217,21551,10401,11150,375,178,197,1559,751,808
2046,221,Hood County,78462,37999,40463,53692,26049,27643,495,275,220,22333,10749,11584,376,179,197,1566,747,819
2047,221,Hood County,79351,38413,40938,53760,26099,27661,502,278,224,23126,11102,12024,377,180,197,1586,754,832
2048,221,Hood County,80273,38847,41426,53826,26152,27674,511,283,228,23958,11473,12485,378,182,196,1600,757,843
2049,221,Hood County,81226,39284,41942,53913,26213,27700,519,287,232,24797,11837,12960,378,183,195,1619,764,855
2050,221,Hood County,82222,39752,42470,54016,26286,27730,530,293,237,25657,12216,13441,378,184,194,1641,773,868
2010,223,Hopkins County,35161,17421,17740,26501,12923,13578,2448,1190,1258,5368,2906,2462,172,83,89,672,319,353
2011,223,Hopkins County,35348,17493,17855,26535,12924,13611,2469,1200,1269,5482,2958,2524,174,84,90,688,327,361
2012,223,Hopkins County,35550,17571,17979,26572,12921,13651,2492,1213,1279,5607,3018,2589,176,85,91,703,334,369
2013,223,Hopkins County,35755,17652,18103,26608,12924,13684,2525,1230,1295,5725,3070,2655,178,86,92,719,342,377
2014,223,Hopkins County,35958,17732,18226,26649,12926,13723,2553,1242,1311,5844,3128,2716,179,87,92,733,349,384
2015,223,Hopkins County,36161,17808,18353,26682,12916,13766,2580,1259,1321,5967,3186,2781,182,88,94,750,359,391
2016,223,Hopkins County,36353,17880,18473,26707,12914,13793,2611,1274,1337,6084,3237,2847,184,89,95,767,366,401
2017,223,Hopkins County,36535,17952,18583,26723,12901,13822,2632,1289,1343,6208,3296,2912,187,91,96,785,375,410
2018,223,Hopkins County,36710,18021,18689,26742,12896,13846,2650,1297,1353,6328,3354,2974,188,91,97,802,383,419
2019,223,Hopkins County,36879,18080,18799,26751,12880,13871,2673,1308,1365,6446,3407,3039,190,92,98,819,393,426
2020,223,Hopkins County,37040,18138,18902,26754,12864,13890,2684,1312,1372,6571,3467,3104,192,93,99,839,402,437
2021,223,Hopkins County,37193,18196,18997,26752,12847,13905,2697,1319,1378,6694,3525,3169,194,94,100,856,411,445
2022,223,Hopkins County,37332,18249,19083,26738,12827,13911,2710,1324,1386,6810,3580,3230,196,95,101,878,423,455
2023,223,Hopkins County,37470,18292,19178,26719,12799,13920,2719,1324,1395,6934,3639,3295,198,96,102,900,434,466
2024,223,Hopkins County,37577,18320,19257,26684,12760,13924,2721,1326,1395,7051,3692,3359,200,98,102,921,444,477
2025,223,Hopkins County,37690,18360,19330,26653,12731,13922,2724,1331,1393,7169,3743,3426,202,99,103,942,456,486
2026,223,Hopkins County,37770,18373,19397,26599,12685,13914,2719,1331,1388,7285,3791,3494,205,101,104,962,465,497
2027,223,Hopkins County,37863,18391,19472,26547,12642,13905,2717,1328,1389,7410,3844,3566,207,102,105,982,475,507
2028,223,Hopkins County,37926,18402,19524,26468,12587,13881,2715,1327,1388,7529,3898,3631,210,104,106,1004,486,518
2029,223,Hopkins County,37980,18405,19575,26377,12526,13851,2715,1325,1390,7652,3951,3701,212,105,107,1024,498,526
2030,223,Hopkins County,38025,18405,19620,26277,12463,13814,2710,1323,1387,7781,4006,3775,214,107,107,1043,506,537
2031,223,Hopkins County,38065,18401,19664,26181,12400,13781,2705,1320,1385,7900,4060,3840,215,107,108,1064,514,550
2032,223,Hopkins County,38063,18377,19686,26057,12321,13736,2694,1315,1379,8012,4109,3903,217,109,108,1083,523,560
2033,223,Hopkins County,38061,18360,19701,25922,12244,13678,2689,1313,1376,8125,4159,3966,220,110,110,1105,534,571
2034,223,Hopkins County,38059,18341,19718,25783,12164,13619,2680,1309,1371,8251,4213,4038,220,112,108,1125,543,582
2035,223,Hopkins County,38029,18312,19717,25629,12077,13552,2669,1303,1366,8368,4269,4099,220,112,108,1143,551,592
2036,223,Hopkins County,37991,18275,19716,25462,11980,13482,2656,1300,1356,8491,4325,4166,221,113,108,1161,557,604
2037,223,Hopkins County,37925,18229,19696,25285,11885,13400,2644,1296,1348,8597,4370,4227,220,112,108,1179,566,613
2038,223,Hopkins County,37872,18180,19692,25113,11781,13332,2636,1289,1347,8708,4425,4283,221,113,108,1194,572,622
2039,223,Hopkins County,37803,18127,19676,24924,11680,13244,2628,1288,1340,8821,4471,4350,222,113,109,1208,575,633
2040,223,Hopkins County,37720,18071,19649,24735,11577,13158,2618,1285,1333,8925,4514,4411,223,114,109,1219,581,638
2041,223,Hopkins County,37604,17999,19605,24521,11464,13057,2599,1278,1321,9025,4556,4469,226,114,112,1233,587,646
2042,223,Hopkins County,37523,17929,19594,24335,11360,12975,2596,1276,1320,9123,4588,4535,227,115,112,1242,590,652
2043,223,Hopkins County,37416,17870,19546,24136,11255,12881,2582,1273,1309,9220,4635,4585,227,115,112,1251,592,659
2044,223,Hopkins County,37322,17804,19518,23938,11151,12787,2575,1268,1307,9316,4671,4645,230,118,112,1263,596,667
2045,223,Hopkins County,37226,17750,19476,23743,11051,12692,2564,1264,1300,9418,4717,4701,229,116,113,1272,602,670
2046,223,Hopkins County,37134,17677,19457,23548,10950,12598,2556,1261,1295,9519,4746,4773,231,117,114,1280,603,677
2047,223,Hopkins County,37032,17614,19418,23346,10844,12502,2547,1256,1291,9616,4790,4826,232,118,114,1291,606,685
2048,223,Hopkins County,36931,17543,19388,23154,10745,12409,2538,1254,1284,9706,4816,4890,234,120,114,1299,608,691
2049,223,Hopkins County,36839,17479,19360,22964,10645,12319,2533,1251,1282,9795,4850,4945,234,120,114,1313,613,700
2050,223,Hopkins County,36741,17417,19324,22774,10546,12228,2518,1247,1271,9893,4891,5002,234,120,114,1322,613,709
2010,225,Houston County,23732,12769,10963,14811,7570,7241,6129,3460,2669,2364,1551,813,95,36,59,333,152,181
2011,225,Houston County,23591,12678,10913,14715,7518,7197,6033,3398,2635,2405,1569,836,97,37,60,341,156,185
2012,225,Houston County,23460,12589,10871,14612,7457,7155,5949,3344,2605,2450,1589,861,99,38,61,350,161,189
2013,225,Houston County,23335,12510,10825,14514,7405,7109,5861,3288,2573,2500,1612,888,101,39,62,359,166,193
2014,225,Houston County,23236,12438,10798,14425,7352,7073,5789,3239,2550,2550,1635,915,103,40,63,369,172,197
2015,225,Houston County,23135,12375,10760,14331,7295,7036,5715,3198,2517,2605,1663,942,105,41,64,379,178,201
2016,225,Houston County,23026,12312,10714,14249,7257,6992,5629,3146,2483,2654,1687,967,107,42,65,387,180,207
2017,225,Houston County,22931,12254,10677,14168,7214,6954,5551,3100,2451,2703,1710,993,109,43,66,400,187,213
2018,225,Houston County,22832,12198,10634,14093,7177,6916,5460,3050,2410,2756,1735,1021,111,44,67,412,192,220
2019,225,Houston County,22738,12150,10588,14017,7141,6876,5372,3001,2371,2812,1764,1048,113,45,68,424,199,225
2020,225,Houston County,22620,12083,10537,13924,7090,6834,5280,2951,2329,2866,1791,1075,114,46,68,436,205,231
2021,225,Houston County,22531,12030,10501,13847,7049,6798,5206,2910,2296,2917,1814,1103,115,46,69,446,211,235
2022,225,Houston County,22433,11964,10469,13750,6988,6762,5139,2872,2267,2967,1838,1129,116,47,69,461,219,242
2023,225,Houston County,22321,11891,10430,13649,6931,6718,5061,2827,2234,3020,1861,1159,118,47,71,473,225,248
2024,225,Houston County,22206,11824,10382,13548,6876,6672,4981,2785,2196,3072,1885,1187,119,48,71,486,230,256
2025,225,Houston County,22081,11750,10331,13448,6824,6624,4895,2740,2155,3121,1902,1219,119,48,71,498,236,262
2026,225,Houston County,21971,11696,10275,13349,6777,6572,4821,2705,2116,3171,1924,1247,120,49,71,510,241,269
2027,225,Houston County,21852,11632,10220,13244,6724,6520,4743,2666,2077,3221,1945,1276,122,50,72,522,247,275
2028,225,Houston County,21738,11564,10174,13148,6672,6476,4664,2625,2039,3265,1960,1305,124,51,73,537,256,281
2029,225,Houston County,21600,11486,10114,13030,6607,6423,4583,2583,2000,3318,1984,1334,126,52,74,543,260,283
2030,225,Houston County,21464,11405,10059,12916,6551,6365,4508,2541,1967,3360,1997,1363,128,53,75,552,263,289
2031,225,Houston County,21320,11323,9997,12783,6481,6302,4434,2501,1933,3411,2017,1394,128,54,74,564,270,294
2032,225,Houston County,21179,11244,9935,12653,6415,6238,4364,2466,1898,3457,2032,1425,129,55,74,576,276,300
2033,225,Houston County,21025,11151,9874,12515,6342,6173,4286,2421,1865,3505,2049,1456,131,56,75,588,283,305
2034,225,Houston County,20871,11054,9817,12384,6271,6113,4209,2380,1829,3548,2061,1487,133,57,76,597,285,312
2035,225,Houston County,20713,10960,9753,12244,6203,6041,4143,2340,1803,3580,2065,1515,133,56,77,613,296,317
2036,225,Houston County,20569,10868,9701,12118,6139,5979,4075,2298,1777,3622,2078,1544,135,57,78,619,296,323
2037,225,Houston County,20423,10785,9638,11988,6074,5914,4004,2258,1746,3662,2093,1569,135,57,78,634,303,331
2038,225,Houston County,20286,10699,9587,11860,6008,5852,3939,2221,1718,3706,2105,1601,138,59,79,643,306,337
2039,225,Houston County,20153,10623,9530,11738,5946,5792,3866,2181,1685,3751,2122,1629,140,60,80,658,314,344
2040,225,Houston County,20007,10527,9480,11617,5884,5733,3794,2137,1657,3789,2128,1661,141,61,80,666,317,349
2041,225,Houston County,19839,10416,9423,11492,5821,5671,3714,2088,1626,3818,2127,1691,143,62,81,672,318,354
2042,225,Houston County,19704,10334,9370,11376,5765,5611,3656,2053,1603,3846,2132,1714,144,63,81,682,321,361
2043,225,Houston County,19562,10247,9315,11259,5707,5552,3592,2017,1575,3883,2139,1744,146,64,82,682,320,362
2044,225,Houston County,19420,10166,9254,11145,5654,5491,3537,1983,1554,3901,2139,1762,146,65,81,691,325,366
2045,225,Houston County,19294,10098,9196,11041,5611,5430,3471,1947,1524,3931,2143,1788,149,67,82,702,330,372
2046,225,Houston County,19173,10022,9151,10944,5561,5383,3409,1909,1500,3959,2149,1810,148,67,81,713,336,377
2047,225,Houston County,19061,9950,9111,10851,5521,5330,3361,1880,1481,3986,2148,1838,147,67,80,716,334,382
2048,225,Houston County,18941,9869,9072,10752,5473,5279,3309,1848,1461,4012,2146,1866,148,67,81,720,335,385
2049,225,Houston County,18837,9809,9028,10658,5426,5232,3260,1824,1436,4034,2144,1890,148,67,81,737,348,389
2050,225,Houston County,18736,9749,8987,10569,5387,5182,3213,1800,1413,4068,2150,1918,148,68,80,738,344,394
2010,227,Howard County,35012,19720,15292,18801,10033,8768,2079,1509,570,13255,7661,5594,256,157,99,621,360,261
2011,227,Howard County,35510,20064,15446,18838,10093,8745,2110,1534,576,13670,7912,5758,260,159,101,632,366,266
2012,227,Howard County,36031,20418,15613,18877,10149,8728,2149,1565,584,14097,8171,5926,264,161,103,644,372,272
2013,227,Howard County,36614,20809,15805,18947,10228,8719,2181,1588,593,14560,8451,6109,268,163,105,658,379,279
2014,227,Howard County,37225,21221,16004,19016,10303,8713,2224,1618,606,15042,8750,6292,271,165,106,672,385,287
2015,227,Howard County,37856,21643,16213,19089,10382,8707,2258,1644,614,15552,9061,6491,274,166,108,683,390,293
2016,227,Howard County,38504,22073,16431,19163,10452,8711,2299,1675,624,16066,9379,6687,278,169,109,698,398,300
2017,227,Howard County,39167,22516,16651,19234,10524,8710,2338,1703,635,16601,9713,6888,281,170,111,713,406,307
2018,227,Howard County,39836,22966,16870,19296,10594,8702,2371,1725,646,17156,10063,7093,285,172,113,728,412,316
2019,227,Howard County,40521,23425,17096,19358,10664,8694,2408,1750,658,17723,10418,7305,289,174,115,743,419,324
2020,227,Howard County,41236,23906,17330,19417,10727,8690,2447,1779,668,18324,10798,7526,290,175,115,758,427,331
2021,227,Howard County,41940,24379,17561,19469,10781,8688,2484,1807,677,18920,11179,7741,293,176,117,774,436,338
2022,227,Howard County,42702,24884,17818,19524,10836,8688,2521,1835,686,19568,11590,7978,297,179,118,792,444,348
2023,227,Howard County,43463,25399,18064,19586,10901,8685,2557,1862,695,20215,12007,8208,298,179,119,807,450,357
2024,227,Howard County,44242,25928,18314,19627,10948,8679,2596,1892,704,20899,12453,8446,300,180,120,820,455,365
2025,227,Howard County,45058,26480,18578,19694,11010,8684,2627,1914,713,21595,12907,8688,302,182,120,840,467,373
2026,227,Howard County,45864,27041,18823,19742,11068,8674,2663,1946,717,22302,13372,8930,303,182,121,854,473,381
2027,227,Howard County,46718,27638,19080,19808,11137,8671,2700,1977,723,23033,13858,9175,306,184,122,871,482,389
2028,227,Howard County,47591,28238,19353,19879,11210,8669,2730,1999,731,23789,14355,9434,310,186,124,883,488,395
2029,227,Howard County,48476,28856,19620,19944,11279,8665,2762,2025,737,24555,14864,9691,312,188,124,903,500,403
2030,227,Howard County,49372,29483,19889,19997,11342,8655,2798,2056,742,25349,15390,9959,311,188,123,917,507,410
2031,227,Howard County,50306,30138,20168,20068,11419,8649,2832,2082,750,26160,15933,10227,312,189,123,934,515,419
2032,227,Howard County,51249,30781,20468,20133,11477,8656,2866,2108,758,26988,16485,10503,310,187,123,952,524,428
2033,227,Howard County,52218,31464,20754,20221,11558,8663,2901,2138,763,27819,17049,10770,311,188,123,966,531,435
2034,227,Howard County,53207,32149,21058,20301,11630,8671,2929,2162,767,28687,17634,11053,312,188,124,978,535,443
2035,227,Howard County,54208,32853,21355,20378,11701,8677,2959,2187,772,29559,18228,11331,313,189,124,999,548,451
2036,227,Howard County,55246,33577,21669,20475,11782,8693,2992,2217,775,30450,18834,11616,312,189,123,1017,555,462
2037,227,Howard County,56291,34319,21972,20562,11864,8698,3019,2244,775,31370,19464,11906,311,188,123,1029,559,470
2038,227,Howard County,57368,35079,22289,20665,11950,8715,3045,2267,778,32302,20107,12195,313,190,123,1043,565,478
2039,227,Howard County,58442,35827,22615,20768,12036,8732,3066,2287,779,33238,20745,12493,314,189,125,1056,570,486
2040,227,Howard County,59555,36610,22945,20867,12119,8748,3093,2311,782,34215,21417,12798,310,187,123,1070,576,494
2041,227,Howard County,60666,37387,23279,20965,12194,8771,3113,2333,780,35189,22087,13102,313,191,122,1086,582,504
2042,227,Howard County,61786,38161,23625,21081,12282,8799,3135,2351,784,36165,22757,13408,310,189,121,1095,582,513
2043,227,Howard County,62909,38950,23959,21184,12370,8814,3157,2373,784,37159,23438,13721,306,186,120,1103,583,520
2044,227,Howard County,64059,39760,24299,21302,12464,8838,3177,2394,783,38169,24136,14033,302,182,120,1109,584,525
2045,227,Howard County,65236,40575,24661,21434,12567,8867,3194,2410,784,39181,24828,14353,303,183,120,1124,587,537
2046,227,Howard County,66407,41394,25013,21558,12661,8897,3210,2426,784,40206,25540,14666,298,179,119,1135,588,547
2047,227,Howard County,67580,42222,25358,21673,12746,8927,3232,2446,786,41236,26261,14975,299,179,120,1140,590,550
2048,227,Howard County,68778,43055,25723,21784,12826,8958,3254,2463,791,42293,26996,15297,300,180,120,1147,590,557
2049,227,Howard County,70003,43927,26076,21898,12915,8983,3279,2489,790,43363,27746,15617,297,178,119,1166,599,567
2050,227,Howard County,71192,44759,26433,21998,12990,9008,3292,2499,793,44443,28506,15937,296,176,120,1163,588,575
2010,229,Hudspeth County,3476,1750,1726,628,337,291,30,22,8,2768,1370,1398,13,5,8,37,16,21
2011,229,Hudspeth County,3454,1734,1720,632,339,293,30,22,8,2741,1352,1389,13,5,8,38,16,22
2012,229,Hudspeth County,3434,1719,1715,635,340,295,30,22,8,2717,1335,1382,13,5,8,39,17,22
2013,229,Hudspeth County,3419,1708,1711,639,342,297,30,22,8,2697,1322,1375,13,5,8,40,17,23
2014,229,Hudspeth County,3411,1700,1711,642,343,299,30,22,8,2685,1312,1373,13,5,8,41,18,23
2015,229,Hudspeth County,3410,1693,1717,645,345,300,31,22,9,2679,1303,1376,13,5,8,42,18,24
2016,229,Hudspeth County,3406,1690,1716,647,347,300,32,23,9,2671,1296,1375,13,5,8,43,19,24
2017,229,Hudspeth County,3399,1680,1719,649,347,302,33,23,10,2660,1286,1374,13,5,8,44,19,25
2018,229,Hudspeth County,3398,1679,1719,650,348,302,34,24,10,2656,1282,1374,13,5,8,45,20,25
2019,229,Hudspeth County,3401,1678,1723,653,349,304,34,24,10,2655,1280,1375,13,5,8,46,20,26
2020,229,Hudspeth County,3400,1676,1724,654,349,305,34,24,10,2652,1277,1375,13,5,8,47,21,26
2021,229,Hudspeth County,3403,1675,1728,657,351,306,34,24,10,2651,1274,1377,13,5,8,48,21,27
2022,229,Hudspeth County,3406,1678,1728,657,352,305,34,24,10,2653,1275,1378,13,5,8,49,22,27
2023,229,Hudspeth County,3404,1677,1727,656,351,305,35,24,11,2650,1275,1375,13,5,8,50,22,28
2024,229,Hudspeth County,3396,1670,1726,657,350,307,36,25,11,2639,1267,1372,13,5,8,51,23,28
2025,229,Hudspeth County,3382,1662,1720,656,349,307,37,25,12,2624,1260,1364,13,5,8,52,23,29
2026,229,Hudspeth County,3366,1651,1715,655,347,308,38,26,12,2607,1249,1358,13,5,8,53,24,29
2027,229,Hudspeth County,3347,1644,1703,655,347,308,39,26,13,2586,1242,1344,13,5,8,54,24,30
2028,229,Hudspeth County,3327,1636,1691,653,345,308,40,27,13,2566,1234,1332,13,5,8,55,25,30
2029,229,Hudspeth County,3303,1622,1681,649,342,307,41,27,14,2544,1223,1321,13,5,8,56,25,31
2030,229,Hudspeth County,3271,1606,1665,644,339,305,42,28,14,2515,1208,1307,13,5,8,57,26,31
2031,229,Hudspeth County,3240,1590,1650,642,338,304,42,28,14,2485,1193,1292,13,5,8,58,26,32
2032,229,Hudspeth County,3206,1575,1631,636,335,301,42,28,14,2456,1180,1276,13,5,8,59,27,32
2033,229,Hudspeth County,3163,1551,1612,628,330,298,42,28,14,2420,1161,1259,13,5,8,60,27,33
2034,229,Hudspeth County,3119,1532,1587,623,327,296,41,27,14,2382,1145,1237,12,5,7,61,28,33
2035,229,Hudspeth County,3071,1505,1566,614,322,292,41,27,14,2342,1123,1219,12,5,7,62,28,34
2036,229,Hudspeth County,3019,1480,1539,605,316,289,42,28,14,2297,1102,1195,12,5,7,63,29,34
2037,229,Hudspeth County,2970,1451,1519,598,311,287,43,28,15,2253,1078,1175,12,5,7,64,29,35
2038,229,Hudspeth County,2920,1422,1498,586,303,283,44,29,15,2213,1055,1158,12,5,7,65,30,35
2039,229,Hudspeth County,2872,1395,1477,577,297,280,45,29,16,2173,1035,1138,12,5,7,65,29,36
2040,229,Hudspeth County,2821,1365,1456,569,290,279,46,30,16,2129,1010,1119,12,5,7,65,30,35
2041,229,Hudspeth County,2765,1333,1432,558,284,274,47,30,17,2083,985,1098,12,5,7,65,29,36
2042,229,Hudspeth County,2714,1307,1407,549,279,270,48,31,17,2040,963,1077,12,5,7,65,29,36
2043,229,Hudspeth County,2663,1279,1384,539,274,265,49,31,18,1998,941,1057,12,5,7,65,28,37
2044,229,Hudspeth County,2616,1258,1358,527,268,259,49,31,18,1963,926,1037,12,5,7,65,28,37
2045,229,Hudspeth County,2570,1237,1333,516,263,253,49,30,19,1927,911,1016,12,5,7,66,28,38
2046,229,Hudspeth County,2535,1224,1311,508,259,249,50,31,19,1898,900,998,12,5,7,67,29,38
2047,229,Hudspeth County,2497,1208,1289,498,253,245,51,31,20,1870,891,979,12,5,7,66,28,38
2048,229,Hudspeth County,2461,1195,1266,487,247,240,52,32,20,1844,883,961,12,5,7,66,28,38
2049,229,Hudspeth County,2428,1180,1248,479,243,236,52,31,21,1820,875,945,12,5,7,65,26,39
2050,229,Hudspeth County,2392,1167,1225,471,238,233,53,32,21,1790,865,925,12,5,7,66,27,39
2010,231,Hunt County,86129,42700,43429,64393,31631,32762,6976,3372,3604,11751,6234,5517,897,426,471,2112,1037,1075
2011,231,Hunt County,86947,43111,43836,64573,31713,32860,7118,3442,3676,12150,6441,5709,991,481,510,2115,1034,1081
2012,231,Hunt County,87825,43528,44297,64794,31799,32995,7264,3507,3757,12562,6657,5905,1079,532,547,2126,1033,1093
2013,231,Hunt County,88758,43980,44778,65051,31900,33151,7401,3574,3827,12996,6884,6112,1172,587,585,2138,1035,1103
2014,231,Hunt County,89722,44455,45267,65329,32019,33310,7520,3632,3888,13443,7116,6327,1274,648,626,2156,1040,1116
2015,231,Hunt County,90708,44905,45803,65603,32108,33495,7664,3701,3963,13906,7355,6551,1368,703,665,2167,1038,1129
2016,231,Hunt County,91744,45403,46341,65892,32221,33671,7816,3776,4040,14386,7604,6782,1471,767,704,2179,1035,1144
2017,231,Hunt County,92812,45917,46895,66182,32330,33852,7955,3838,4117,14875,7862,7013,1602,850,752,2198,1037,1161
2018,231,Hunt County,93935,46468,47467,66494,32464,34030,8109,3907,4202,15375,8119,7256,1751,950,801,2206,1028,1178
2019,231,Hunt County,95040,47021,48019,66755,32570,34185,8254,3974,4280,15898,8387,7511,1910,1061,849,2223,1029,1194
2020,231,Hunt County,96228,47623,48605,67051,32685,34366,8414,4052,4362,16425,8660,7765,2099,1193,906,2239,1033,1206
2021,231,Hunt County,97369,48221,49148,67285,32780,34505,8564,4132,4432,16956,8930,8026,2293,1332,961,2271,1047,1224
2022,231,Hunt County,98529,48812,49717,67507,32863,34644,8704,4196,4508,17517,9214,8303,2513,1488,1025,2288,1051,1237
2023,231,Hunt County,99735,49450,50285,67714,32946,34768,8855,4272,4583,18097,9512,8585,2766,1665,1101,2303,1055,1248
2024,231,Hunt County,100946,50102,50844,67894,33020,34874,9012,4357,4655,18683,9803,8880,3048,1868,1180,2309,1054,1255
2025,231,Hunt County,102171,50758,51413,68042,33081,34961,9175,4435,4740,19281,10098,9183,3345,2083,1262,2328,1061,1267
2026,231,Hunt County,103445,51455,51990,68180,33128,35052,9327,4511,4816,19907,10408,9499,3677,2338,1339,2354,1070,1284
2027,231,Hunt County,104718,52171,52547,68288,33168,35120,9484,4594,4890,20528,10715,9813,4045,2618,1427,2373,1076,1297
2028,231,Hunt County,106019,52914,53105,68357,33185,35172,9645,4678,4967,21168,11039,10129,4459,2931,1528,2390,1081,1309
2029,231,Hunt County,107323,53676,53647,68399,33194,35205,9799,4756,5043,21800,11356,10444,4920,3284,1636,2405,1086,1319
2030,231,Hunt County,108669,54474,54195,68404,33180,35224,9964,4844,5120,22460,11685,10775,5415,3668,1747,2426,1097,1329
2031,231,Hunt County,110018,55294,54724,68358,33140,35218,10122,4923,5199,23128,12020,11108,5972,4109,1863,2438,1102,1336
2032,231,Hunt County,111405,56153,55252,68285,33086,35199,10291,5010,5281,23789,12345,11444,6585,4603,1982,2455,1109,1346
2033,231,Hunt County,112852,57069,55783,68180,33014,35166,10452,5092,5360,24482,12694,11788,7271,5155,2116,2467,1114,1353
2034,231,Hunt County,114358,58031,56327,68050,32929,35121,10615,5177,5438,25187,13042,12145,8024,5761,2263,2482,1122,1360
2035,231,Hunt County,115910,59075,56835,67872,32830,35042,10798,5280,5518,25886,13388,12498,8860,6449,2411,2494,1128,1366
2036,231,Hunt County,117515,60167,57348,67681,32727,34954,10957,5365,5592,26608,13744,12864,9766,7197,2569,2503,1134,1369
2037,231,Hunt County,119199,61343,57856,67444,32600,34844,11129,5457,5672,27337,14109,13228,10768,8035,2733,2521,1142,1379
2038,231,Hunt County,120955,62603,58352,67195,32474,34721,11286,5546,5740,28055,14470,13585,11884,8967,2917,2535,1146,1389
2039,231,Hunt County,122813,63957,58856,66909,32331,34578,11452,5638,5814,28793,14831,13962,13108,10002,3106,2551,1155,1396
2040,231,Hunt County,124768,65400,59368,66625,32185,34440,11599,5723,5876,29542,15202,14340,14441,11138,3303,2561,1152,1409
2041,231,Hunt County,126871,66976,59895,66330,32037,34293,11757,5812,5945,30299,15575,14724,15915,12397,3518,2570,1155,1415
2042,231,Hunt County,129126,68672,60454,66036,31880,34156,11911,5902,6009,31069,15952,15117,17531,13785,3746,2579,1153,1426
2043,231,Hunt County,131553,70521,61032,65745,31732,34013,12051,5986,6065,31838,16329,15509,19331,15326,4005,2588,1148,1440
2044,231,Hunt County,134168,72531,61637,65449,31575,33874,12197,6068,6129,32620,16718,15902,21306,17023,4283,2596,1147,1449
2045,231,Hunt County,137006,74711,62295,65165,31427,33738,12351,6151,6200,33420,17100,16320,23457,18885,4572,2613,1148,1465
2046,231,Hunt County,140069,77104,62965,64882,31283,33599,12486,6223,6263,34244,17510,16734,25833,20944,4889,2624,1144,1480
2047,231,Hunt County,143418,79733,63685,64617,31145,33472,12630,6302,6328,35070,17914,17156,28449,23217,5232,2652,1155,1497
2048,231,Hunt County,147017,82582,64435,64360,31016,33344,12768,6378,6390,35914,18322,17592,31317,25722,5595,2658,1144,1514
2049,231,Hunt County,150901,85686,65215,64105,30883,33222,12895,6450,6445,36763,18725,18038,34446,28469,5977,2692,1159,1533
2050,231,Hunt County,155128,89085,66043,63854,30761,33093,13029,6521,6508,37628,19135,18493,37913,31513,6400,2704,1155,1549
2010,233,Hutchinson County,22150,11077,11073,16482,8171,8311,512,283,229,4386,2245,2141,91,38,53,679,340,339
2011,233,Hutchinson County,22061,11041,11020,16259,8060,8199,519,287,232,4501,2309,2192,92,38,54,690,347,343
2012,233,Hutchinson County,21976,11005,10971,16035,7951,8084,525,290,235,4622,2373,2249,93,39,54,701,352,349
2013,233,Hutchinson County,21897,10974,10923,15816,7846,7970,532,293,239,4740,2436,2304,94,39,55,715,360,355
2014,233,Hutchinson County,21823,10941,10882,15600,7739,7861,540,296,244,4859,2501,2358,95,40,55,729,365,364
2015,233,Hutchinson County,21747,10912,10835,15373,7629,7744,549,302,247,4979,2568,2411,96,40,56,750,373,377
2016,233,Hutchinson County,21682,10888,10794,15168,7531,7637,555,306,249,5100,2635,2465,97,41,56,762,375,387
2017,233,Hutchinson County,21624,10868,10756,14956,7428,7528,567,313,254,5230,2706,2524,98,41,57,773,380,393
2018,233,Hutchinson County,21563,10852,10711,14748,7329,7419,573,316,257,5358,2780,2578,99,42,57,785,385,400
2019,233,Hutchinson County,21511,10825,10686,14550,7230,7320,581,320,261,5484,2845,2639,100,42,58,796,388,408
2020,233,Hutchinson County,21461,10814,10647,14344,7130,7214,586,322,264,5622,2924,2698,101,43,58,808,395,413
2021,233,Hutchinson County,21423,10802,10621,14156,7041,7115,595,327,268,5751,2992,2759,102,43,59,819,399,420
2022,233,Hutchinson County,21395,10793,10602,13967,6948,7019,602,331,271,5894,3067,2827,103,44,59,829,403,426
2023,233,Hutchinson County,21371,10793,10578,13783,6861,6922,611,336,275,6031,3140,2891,105,45,60,841,411,430
2024,233,Hutchinson County,21355,10790,10565,13601,6772,6829,617,338,279,6179,3218,2961,106,45,61,852,417,435
2025,233,Hutchinson County,21331,10791,10540,13421,6685,6736,625,342,283,6318,3295,3023,108,46,62,859,423,436
2026,233,Hutchinson County,21300,10789,10511,13236,6595,6641,630,345,285,6453,3370,3083,110,47,63,871,432,439
2027,233,Hutchinson County,21254,10780,10474,13034,6503,6531,632,345,287,6590,3446,3144,112,48,64,886,438,448
2028,233,Hutchinson County,21220,10784,10436,12852,6422,6430,639,349,290,6725,3523,3202,114,49,65,890,441,449
2029,233,Hutchinson County,21181,10776,10405,12668,6331,6337,643,351,292,6860,3600,3260,116,50,66,894,444,450
2030,233,Hutchinson County,21139,10763,10376,12479,6237,6242,645,353,292,6997,3674,3323,117,51,66,901,448,453
2031,233,Hutchinson County,21094,10754,10340,12280,6148,6132,648,353,295,7139,3750,3389,118,52,66,909,451,458
2032,233,Hutchinson County,21055,10751,10304,12090,6061,6029,652,354,298,7278,3827,3451,119,53,66,916,456,460
2033,233,Hutchinson County,21007,10740,10267,11894,5972,5922,659,357,302,7414,3900,3514,121,54,67,919,457,462
2034,233,Hutchinson County,20944,10723,10221,11700,5886,5814,663,358,305,7536,3968,3568,123,55,68,922,456,466
2035,233,Hutchinson County,20878,10709,10169,11505,5800,5705,668,360,308,7664,4040,3624,123,55,68,918,454,464
2036,233,Hutchinson County,20823,10690,10133,11318,5708,5610,672,362,310,7793,4110,3683,124,56,68,916,454,462
2037,233,Hutchinson County,20761,10673,10088,11124,5621,5503,673,363,310,7918,4175,3743,124,56,68,922,458,464
2038,233,Hutchinson County,20710,10663,10047,10939,5536,5403,674,362,312,8044,4249,3795,125,57,68,928,459,469
2039,233,Hutchinson County,20646,10645,10001,10742,5447,5295,675,361,314,8171,4320,3851,126,57,69,932,460,472
2040,233,Hutchinson County,20577,10619,9958,10555,5364,5191,676,359,317,8288,4379,3909,125,57,68,933,460,473
2041,233,Hutchinson County,20528,10614,9914,10387,5291,5096,675,357,318,8406,4448,3958,124,57,67,936,461,475
2042,233,Hutchinson County,20455,10587,9868,10208,5207,5001,674,355,319,8517,4511,4006,122,57,65,934,457,477
2043,233,Hutchinson County,20395,10569,9826,10043,5131,4912,671,353,318,8629,4573,4056,121,57,64,931,455,476
2044,233,Hutchinson County,20333,10544,9789,9866,5047,4819,670,353,317,8745,4635,4110,120,57,63,932,452,480
2045,233,Hutchinson County,20275,10518,9757,9696,4965,4731,666,351,315,8868,4698,4170,120,57,63,925,447,478
2046,233,Hutchinson County,20211,10492,9719,9526,4882,4644,663,348,315,8974,4755,4219,121,58,63,927,449,478
2047,233,Hutchinson County,20164,10476,9688,9365,4803,4562,664,350,314,9093,4821,4272,121,58,63,921,444,477
2048,233,Hutchinson County,20107,10459,9648,9211,4731,4480,664,349,315,9196,4879,4317,122,59,63,914,441,473
2049,233,Hutchinson County,20091,10465,9626,9074,4669,4405,661,349,312,9323,4950,4373,120,57,63,913,440,473
2050,233,Hutchinson County,20042,10449,9593,8930,4597,4333,660,350,310,9425,5009,4416,119,56,63,908,437,471
2010,235,Irion County,1599,807,792,1153,579,574,11,6,5,407,207,200,3,1,2,25,14,11
2011,235,Irion County,1574,793,781,1126,564,562,11,6,5,409,209,200,3,1,2,25,13,12
2012,235,Irion County,1562,787,775,1111,554,557,11,6,5,411,212,199,3,1,2,26,14,12
2013,235,Irion County,1550,782,768,1096,546,550,11,6,5,413,215,198,3,1,2,27,14,13
2014,235,Irion County,1546,782,764,1087,542,545,11,6,5,417,218,199,3,1,2,28,15,13
2015,235,Irion County,1537,778,759,1072,534,538,11,6,5,422,222,200,3,1,2,29,15,14
2016,235,Irion County,1531,777,754,1058,527,531,11,6,5,429,227,202,3,1,2,30,16,14
2017,235,Irion County,1524,774,750,1043,519,524,11,6,5,436,232,204,3,1,2,31,16,15
2018,235,Irion County,1518,774,744,1031,514,517,11,6,5,442,237,205,3,1,2,31,16,15
2019,235,Irion County,1513,772,741,1018,508,510,11,6,5,449,241,208,3,1,2,32,16,16
2020,235,Irion County,1508,771,737,1004,501,503,11,6,5,457,246,211,3,1,2,33,17,16
2021,235,Irion County,1509,773,736,996,498,498,11,6,5,465,251,214,3,1,2,34,17,17
2022,235,Irion County,1506,776,730,985,495,490,11,6,5,472,256,216,3,1,2,35,18,17
2023,235,Irion County,1503,779,724,973,492,481,11,6,5,480,262,218,3,1,2,36,18,18
2024,235,Irion County,1496,778,718,956,483,473,11,6,5,489,269,220,3,1,2,37,19,18
2025,235,Irion County,1490,777,713,941,475,466,11,6,5,498,276,222,3,1,2,37,19,18
2026,235,Irion County,1483,779,704,925,470,455,11,6,5,507,283,224,3,1,2,37,19,18
2027,235,Irion County,1477,781,696,911,465,446,11,6,5,515,290,225,3,1,2,37,19,18
2028,235,Irion County,1471,783,688,898,461,437,11,6,5,522,296,226,3,1,2,37,19,18
2029,235,Irion County,1467,786,681,885,456,429,11,6,5,531,304,227,3,1,2,37,19,18
2030,235,Irion County,1463,787,676,872,449,423,11,6,5,540,312,228,3,1,2,37,19,18
2031,235,Irion County,1455,786,669,858,443,415,11,6,5,546,317,229,3,1,2,37,19,18
2032,235,Irion County,1452,788,664,846,437,409,11,6,5,555,325,230,3,1,2,37,19,18
2033,235,Irion County,1447,786,661,835,431,404,11,6,5,560,329,231,3,1,2,38,19,19
2034,235,Irion County,1441,787,654,820,425,395,11,6,5,569,336,233,3,1,2,38,19,19
2035,235,Irion County,1433,785,648,806,420,386,11,6,5,575,340,235,3,1,2,38,18,20
2036,235,Irion County,1423,784,639,792,416,376,11,6,5,578,342,236,3,1,2,39,19,20
2037,235,Irion County,1415,779,636,779,409,370,11,6,5,582,344,238,3,1,2,40,19,21
2038,235,Irion County,1406,779,627,765,404,361,11,6,5,585,347,238,3,1,2,42,21,21
2039,235,Irion County,1399,775,624,752,395,357,11,6,5,591,352,239,2,1,1,43,21,22
2040,235,Irion County,1389,774,615,738,390,348,11,6,5,595,356,239,2,1,1,43,21,22
2041,235,Irion County,1379,769,610,725,383,342,11,6,5,598,358,240,2,1,1,43,21,22
2042,235,Irion County,1373,768,605,716,379,337,11,6,5,601,361,240,2,1,1,43,21,22
2043,235,Irion County,1363,763,600,703,373,330,11,6,5,603,362,241,2,1,1,44,21,23
2044,235,Irion County,1352,758,594,691,368,323,11,6,5,605,363,242,2,1,1,43,20,23
2045,235,Irion County,1340,751,589,676,361,315,11,6,5,607,363,244,2,1,1,44,20,24
2046,235,Irion County,1326,746,580,661,357,304,11,6,5,607,361,246,2,1,1,45,21,24
2047,235,Irion County,1317,739,578,648,349,299,11,6,5,611,363,248,2,1,1,45,20,25
2048,235,Irion County,1302,732,570,633,343,290,11,6,5,610,361,249,2,1,1,46,21,25
2049,235,Irion County,1287,720,567,625,339,286,11,6,5,603,354,249,2,1,1,46,20,26
2050,235,Irion County,1260,699,561,615,335,280,11,6,5,585,336,249,2,1,1,47,21,26
2010,237,Jack County,9044,5030,4014,7289,3879,3410,340,304,36,1283,781,502,30,15,15,102,51,51
2011,237,Jack County,9009,5018,3991,7211,3846,3365,342,305,37,1320,800,520,31,15,16,105,52,53
2012,237,Jack County,8990,5018,3972,7147,3821,3326,343,306,37,1360,821,539,32,16,16,108,54,54
2013,237,Jack County,8969,5011,3958,7078,3789,3289,346,308,38,1401,843,558,33,16,17,111,55,56
2014,237,Jack County,8949,5010,3939,7009,3759,3250,348,310,38,1444,867,577,34,17,17,114,57,57
2015,237,Jack County,8933,5009,3924,6943,3731,3212,349,310,39,1489,893,596,35,17,18,117,58,59
2016,237,Jack County,8905,4998,3907,6863,3690,3173,351,312,39,1536,919,617,36,18,18,119,59,60
2017,237,Jack County,8888,4993,3895,6790,3654,3136,353,313,40,1586,948,638,37,18,19,122,60,62
2018,237,Jack County,8866,4989,3877,6714,3616,3098,355,314,41,1633,978,655,38,19,19,126,62,64
2019,237,Jack County,8845,4984,3861,6634,3576,3058,357,315,42,1685,1010,675,39,19,20,130,64,66
2020,237,Jack County,8841,4994,3847,6568,3549,3019,360,317,43,1739,1042,697,40,20,20,134,66,68
2021,237,Jack County,8830,4997,3833,6500,3519,2981,360,316,44,1793,1074,719,40,20,20,137,68,69
2022,237,Jack County,8820,5000,3820,6433,3488,2945,362,317,45,1843,1104,739,41,21,20,141,70,71
2023,237,Jack County,8793,4995,3798,6358,3453,2905,365,319,46,1883,1130,753,42,21,21,145,72,73
2024,237,Jack County,8787,5001,3786,6296,3426,2870,368,321,47,1934,1160,774,42,21,21,147,73,74
2025,237,Jack County,8760,4991,3769,6213,3383,2830,367,319,48,1988,1194,794,42,21,21,150,74,76
2026,237,Jack County,8732,4983,3749,6130,3339,2791,369,320,49,2038,1227,811,42,21,21,153,76,77
2027,237,Jack County,8693,4968,3725,6039,3290,2749,371,321,50,2086,1260,826,43,21,22,154,76,78
2028,237,Jack County,8658,4960,3698,5954,3249,2705,370,320,50,2134,1291,843,44,22,22,156,78,78
2029,237,Jack County,8628,4948,3680,5871,3206,2665,369,318,51,2185,1323,862,45,22,23,158,79,79
2030,237,Jack County,8602,4942,3660,5789,3165,2624,370,318,52,2235,1355,880,46,23,23,162,81,81
2031,237,Jack County,8574,4932,3642,5707,3123,2584,371,318,53,2286,1388,898,47,23,24,163,80,83
2032,237,Jack County,8541,4925,3616,5622,3080,2542,373,319,54,2332,1420,912,48,24,24,166,82,84
2033,237,Jack County,8517,4919,3598,5544,3041,2503,373,318,55,2382,1453,929,49,24,25,169,83,86
2034,237,Jack County,8488,4912,3576,5464,3003,2461,374,318,56,2428,1481,947,50,25,25,172,85,87
2035,237,Jack County,8448,4896,3552,5384,2964,2420,373,316,57,2466,1506,960,51,25,26,174,85,89
2036,237,Jack County,8412,4884,3528,5306,2925,2381,375,317,58,2506,1532,974,52,26,26,173,84,89
2037,237,Jack County,8380,4878,3502,5231,2890,2341,375,316,59,2545,1560,985,53,26,27,176,86,90
2038,237,Jack County,8345,4868,3477,5154,2853,2301,372,313,59,2589,1590,999,54,27,27,176,85,91
2039,237,Jack County,8320,4871,3449,5073,2818,2255,375,315,60,2638,1623,1015,55,27,28,179,88,91
2040,237,Jack County,8300,4866,3434,5007,2785,2222,374,313,61,2682,1650,1032,55,28,27,182,90,92
2041,237,Jack County,8270,4850,3420,4934,2747,2187,374,312,62,2723,1673,1050,56,28,28,183,90,93
2042,237,Jack County,8243,4838,3405,4866,2714,2152,375,312,63,2760,1693,1067,57,29,28,185,90,95
2043,237,Jack County,8236,4835,3401,4805,2680,2125,373,310,63,2810,1723,1087,58,29,29,190,93,97
2044,237,Jack County,8218,4830,3388,4745,2650,2095,373,309,64,2852,1751,1101,59,30,29,189,90,99
2045,237,Jack County,8195,4825,3370,4681,2618,2063,370,306,64,2892,1779,1113,60,30,30,192,92,100
2046,237,Jack County,8170,4812,3358,4621,2587,2034,369,304,65,2928,1800,1128,60,30,30,192,91,101
2047,237,Jack County,8144,4795,3349,4566,2555,2011,365,300,65,2960,1819,1141,60,30,30,193,91,102
2048,237,Jack County,8140,4796,3344,4517,2532,1985,362,297,65,3006,1845,1161,60,31,29,195,91,104
2049,237,Jack County,8125,4796,3329,4460,2503,1957,360,295,65,3046,1874,1172,61,31,30,198,93,105
2050,237,Jack County,8097,4775,3322,4399,2470,1929,361,296,65,3076,1884,1192,62,32,30,199,93,106
2010,239,Jackson County,14075,6947,7128,8855,4332,4523,942,439,503,4079,2077,2002,50,23,27,149,76,73
2011,239,Jackson County,14229,7035,7194,8852,4333,4519,950,443,507,4222,2157,2065,51,23,28,154,79,75
2012,239,Jackson County,14406,7138,7268,8864,4343,4521,960,448,512,4371,2241,2130,52,24,28,159,82,77
2013,239,Jackson County,14596,7239,7357,8873,4346,4527,971,454,517,4535,2330,2205,53,24,29,164,85,79
2014,239,Jackson County,14777,7334,7443,8879,4346,4533,982,460,522,4693,2415,2278,54,25,29,169,88,81
2015,239,Jackson County,14965,7435,7530,8890,4347,4543,992,467,525,4854,2505,2349,55,25,30,174,91,83
2016,239,Jackson County,15151,7531,7620,8894,4340,4554,1004,473,531,5018,2598,2420,56,26,30,179,94,85
2017,239,Jackson County,15330,7627,7703,8886,4333,4553,1018,480,538,5185,2691,2494,57,26,31,184,97,87
2018,239,Jackson County,15520,7735,7785,8884,4331,4553,1030,488,542,5358,2789,2569,58,27,31,190,100,90
2019,239,Jackson County,15699,7830,7869,8884,4328,4556,1042,495,547,5518,2877,2641,59,27,32,196,103,93
2020,239,Jackson County,15899,7934,7965,8890,4325,4565,1054,500,554,5693,2975,2718,60,28,32,202,106,96
2021,239,Jackson County,16099,8045,8054,8895,4328,4567,1064,506,558,5871,3074,2797,61,28,33,208,109,99
2022,239,Jackson County,16293,8151,8142,8899,4327,4572,1072,511,561,6045,3171,2874,62,29,33,215,113,102
2023,239,Jackson County,16469,8248,8221,8890,4321,4569,1080,516,564,6217,3267,2950,63,29,34,219,115,104
2024,239,Jackson County,16662,8355,8307,8882,4314,4568,1091,522,569,6400,3371,3029,64,30,34,225,118,107
2025,239,Jackson County,16850,8461,8389,8875,4310,4565,1101,529,572,6578,3471,3107,65,30,35,231,121,110
2026,239,Jackson County,17052,8577,8475,8877,4311,4566,1108,534,574,6766,3578,3188,66,31,35,235,123,112
2027,239,Jackson County,17258,8691,8567,8869,4301,4568,1117,540,577,6962,3691,3271,67,31,36,243,128,115
2028,239,Jackson County,17458,8803,8655,8864,4294,4570,1118,542,576,7160,3804,3356,68,32,36,248,131,117
2029,239,Jackson County,17654,8912,8742,8853,4280,4573,1125,547,578,7355,3919,3436,69,32,37,252,134,118
2030,239,Jackson County,17853,9030,8823,8837,4265,4572,1131,552,579,7556,4042,3514,69,32,37,260,139,121
2031,239,Jackson County,18064,9163,8901,8819,4256,4563,1137,556,581,7772,4177,3595,70,32,38,266,142,124
2032,239,Jackson County,18268,9285,8983,8796,4242,4554,1144,560,584,7986,4306,3680,71,33,38,271,144,127
2033,239,Jackson County,18488,9413,9075,8788,4235,4553,1140,555,585,8210,4443,3767,72,33,39,278,147,131
2034,239,Jackson County,18706,9535,9171,8777,4225,4552,1142,555,587,8430,4571,3859,72,34,38,285,150,135
2035,239,Jackson County,18920,9657,9263,8766,4216,4550,1142,557,585,8648,4697,3951,72,33,39,292,154,138
2036,239,Jackson County,19161,9795,9366,8763,4213,4550,1138,554,584,8889,4838,4051,73,34,39,298,156,142
2037,239,Jackson County,19395,9926,9469,8765,4212,4553,1140,553,587,9110,4966,4144,74,34,40,306,161,145
2038,239,Jackson County,19619,10064,9555,8761,4207,4554,1136,552,584,9333,5104,4229,74,35,39,315,166,149
2039,239,Jackson County,19856,10194,9662,8749,4199,4550,1140,553,587,9571,5237,4334,75,35,40,321,170,151
2040,239,Jackson County,20102,10338,9764,8740,4193,4547,1141,555,586,9818,5381,4437,75,36,39,328,173,155
2041,239,Jackson County,20353,10487,9866,8745,4196,4549,1135,551,584,10062,5527,4535,76,36,40,335,177,158
2042,239,Jackson County,20596,10633,9963,8739,4196,4543,1129,550,579,10313,5672,4641,75,36,39,340,179,161
2043,239,Jackson County,20860,10784,10076,8737,4193,4544,1125,551,574,10575,5821,4754,76,36,40,347,183,164
2044,239,Jackson County,21128,10940,10188,8745,4197,4548,1126,553,573,10828,5969,4859,76,37,39,353,184,169
2045,239,Jackson County,21417,11107,10310,8745,4199,4546,1125,552,573,11106,6130,4976,77,37,40,364,189,175
2046,239,Jackson County,21699,11264,10435,8754,4198,4556,1119,550,569,11374,6284,5090,79,39,40,373,193,180
2047,239,Jackson County,21968,11416,10552,8752,4204,4548,1115,546,569,11642,6433,5209,79,38,41,380,195,185
2048,239,Jackson County,22260,11585,10675,8766,4210,4556,1112,546,566,11912,6591,5321,79,38,41,391,200,191
2049,239,Jackson County,22565,11752,10813,8777,4214,4563,1109,546,563,12201,6751,5450,79,37,42,399,204,195
2050,239,Jackson County,22862,11927,10935,8785,4223,4562,1106,546,560,12483,6913,5570,80,38,42,408,207,201
2010,241,Jasper County,35710,17543,18167,26939,13148,13791,5931,2869,3062,2017,1143,874,200,96,104,623,287,336
2011,241,Jasper County,35702,17564,18138,26867,13131,13736,5893,2851,3042,2098,1189,909,203,97,106,641,296,345
2012,241,Jasper County,35708,17582,18126,26784,13098,13686,5874,2841,3033,2186,1239,947,206,99,107,658,305,353
2013,241,Jasper County,35725,17615,18110,26709,13078,13631,5855,2833,3022,2276,1290,986,209,100,109,676,314,362
2014,241,Jasper County,35727,17645,18082,26627,13056,13571,5826,2822,3004,2368,1342,1026,212,102,110,694,323,371
2015,241,Jasper County,35716,17672,18044,26542,13037,13505,5788,2805,2983,2459,1395,1064,215,103,112,712,332,380
2016,241,Jasper County,35696,17693,18003,26439,13007,13432,5757,2790,2967,2552,1449,1103,218,105,113,730,342,388
2017,241,Jasper County,35679,17711,17968,26329,12971,13358,5729,2780,2949,2647,1502,1145,221,106,115,753,352,401
2018,241,Jasper County,35649,17727,17922,26219,12936,13283,5691,2767,2924,2740,1554,1186,223,107,116,776,363,413
2019,241,Jasper County,35593,17730,17863,26082,12888,13194,5649,2749,2900,2836,1608,1228,225,108,117,801,377,424
2020,241,Jasper County,35525,17717,17808,25940,12835,13105,5608,2727,2881,2931,1661,1270,227,109,118,819,385,434
2021,241,Jasper County,35456,17706,17750,25797,12785,13012,5561,2701,2860,3026,1712,1314,230,110,120,842,398,444
2022,241,Jasper County,35371,17685,17686,25638,12725,12913,5512,2677,2835,3129,1766,1363,230,112,118,862,405,457
2023,241,Jasper County,35288,17665,17623,25472,12657,12815,5464,2653,2811,3233,1825,1408,233,113,120,886,417,469
2024,241,Jasper County,35180,17635,17545,25287,12585,12702,5410,2624,2786,3340,1881,1459,236,115,121,907,430,477
2025,241,Jasper County,35076,17602,17474,25099,12506,12593,5355,2595,2760,3448,1940,1508,238,116,122,936,445,491
2026,241,Jasper County,34961,17567,17394,24905,12426,12479,5301,2566,2735,3558,2001,1557,241,118,123,956,456,500
2027,241,Jasper County,34856,17543,17313,24706,12346,12360,5260,2549,2711,3663,2059,1604,244,119,125,983,470,513
2028,241,Jasper County,34739,17514,17225,24499,12262,12237,5212,2525,2687,3774,2123,1651,249,122,127,1005,482,523
2029,241,Jasper County,34615,17480,17135,24285,12177,12108,5160,2500,2660,3891,2187,1704,251,123,128,1028,493,535
2030,241,Jasper County,34484,17437,17047,24067,12081,11986,5112,2481,2631,3999,2245,1754,254,124,130,1052,506,546
2031,241,Jasper County,34332,17375,16957,23835,11977,11858,5061,2452,2609,4106,2307,1799,256,125,131,1074,514,560
2032,241,Jasper County,34179,17313,16866,23592,11866,11726,5010,2428,2582,4220,2366,1854,258,126,132,1099,527,572
2033,241,Jasper County,34011,17242,16769,23350,11758,11592,4951,2400,2551,4331,2422,1909,262,128,134,1117,534,583
2034,241,Jasper County,33833,17178,16655,23103,11646,11457,4885,2375,2510,4447,2485,1962,262,128,134,1136,544,592
2035,241,Jasper County,33637,17105,16532,22831,11524,11307,4814,2344,2470,4571,2555,2016,263,127,136,1158,555,603
2036,241,Jasper County,33443,17035,16408,22565,11406,11159,4739,2310,2429,4697,2626,2071,265,129,136,1177,564,613
2037,241,Jasper County,33262,16966,16296,22304,11289,11015,4673,2277,2396,4825,2698,2127,263,128,135,1197,574,623
2038,241,Jasper County,33068,16892,16176,22037,11168,10869,4603,2245,2358,4948,2766,2182,262,128,134,1218,585,633
2039,241,Jasper County,32877,16824,16053,21775,11062,10713,4538,2217,2321,5076,2835,2241,260,126,134,1228,584,644
2040,241,Jasper County,32699,16750,15949,21512,10944,10568,4472,2184,2288,5207,2902,2305,259,126,133,1249,594,655
2041,241,Jasper County,32493,16666,15827,21241,10823,10418,4398,2148,2250,5329,2966,2363,260,128,132,1265,601,664
2042,241,Jasper County,32321,16600,15721,20996,10710,10286,4330,2122,2208,5455,3034,2421,260,129,131,1280,605,675
2043,241,Jasper County,32141,16526,15615,20741,10597,10144,4254,2086,2168,5595,3105,2490,260,129,131,1291,609,682
2044,241,Jasper County,31960,16451,15509,20485,10481,10004,4182,2051,2131,5730,3178,2552,259,129,130,1304,612,692
2045,241,Jasper County,31785,16381,15404,20226,10361,9865,4111,2019,2092,5875,3259,2616,259,128,131,1314,614,700
2046,241,Jasper County,31604,16314,15290,19981,10254,9727,4033,1986,2047,6007,3329,2678,258,127,131,1325,618,707
2047,241,Jasper County,31436,16236,15200,19723,10131,9592,3963,1952,2011,6153,3403,2750,258,126,132,1339,624,715
2048,241,Jasper County,31262,16165,15097,19474,10022,9452,3894,1920,1974,6288,3471,2817,260,128,132,1346,624,722
2049,241,Jasper County,31103,16087,15016,19226,9907,9319,3827,1887,1940,6435,3542,2893,260,128,132,1355,623,732
2050,241,Jasper County,30941,16023,14918,18981,9798,9183,3766,1853,1913,6564,3613,2951,260,128,132,1370,631,739
2010,243,Jeff Davis County,2342,1187,1155,1490,754,736,10,7,3,790,398,392,7,2,5,45,26,19
2011,243,Jeff Davis County,2289,1156,1133,1448,727,721,10,7,3,779,394,385,7,2,5,45,26,19
2012,243,Jeff Davis County,2255,1136,1119,1417,704,713,10,7,3,775,396,379,7,2,5,46,27,19
2013,243,Jeff Davis County,2228,1120,1108,1387,684,703,10,7,3,777,400,377,7,2,5,47,27,20
2014,243,Jeff Davis County,2212,1109,1103,1363,669,694,10,7,3,784,403,381,7,2,5,48,28,20
2015,243,Jeff Davis County,2198,1096,1102,1338,651,687,10,7,3,794,408,386,7,2,5,49,28,21
2016,243,Jeff Davis County,2183,1085,1098,1314,636,678,10,7,3,802,411,391,7,2,5,50,29,21
2017,243,Jeff Davis County,2168,1075,1093,1291,623,668,10,7,3,809,414,395,7,2,5,51,29,22
2018,243,Jeff Davis County,2151,1063,1088,1266,608,658,10,7,3,816,416,400,7,2,5,52,30,22
2019,243,Jeff Davis County,2129,1049,1080,1239,592,647,10,7,3,820,418,402,7,2,5,53,30,23
2020,243,Jeff Davis County,2113,1041,1072,1218,583,635,10,7,3,824,418,406,7,2,5,54,31,23
2021,243,Jeff Davis County,2092,1026,1066,1194,570,624,10,7,3,827,417,410,7,2,5,54,30,24
2022,243,Jeff Davis County,2076,1020,1056,1175,561,614,10,7,3,829,419,410,7,2,5,55,31,24
2023,243,Jeff Davis County,2054,1008,1046,1151,549,602,10,7,3,830,419,411,7,2,5,56,31,25
2024,243,Jeff Davis County,2030,995,1035,1128,536,592,10,7,3,828,418,410,7,2,5,57,32,25
2025,243,Jeff Davis County,2006,982,1024,1106,525,581,10,7,3,825,416,409,7,2,5,58,32,26
2026,243,Jeff Davis County,1983,970,1013,1081,511,570,10,7,3,827,417,410,7,2,5,58,33,25
2027,243,Jeff Davis County,1961,957,1004,1062,500,562,10,7,3,825,417,408,7,2,5,57,31,26
2028,243,Jeff Davis County,1940,946,994,1041,488,553,10,7,3,824,417,407,7,2,5,58,32,26
2029,243,Jeff Davis County,1919,938,981,1019,478,541,10,7,3,824,419,405,7,2,5,59,32,27
2030,243,Jeff Davis County,1893,926,967,994,466,528,10,7,3,822,418,404,7,2,5,60,33,27
2031,243,Jeff Davis County,1871,913,958,971,453,518,10,7,3,821,418,403,7,2,5,62,33,29
2032,243,Jeff Davis County,1849,902,947,949,443,506,10,7,3,821,417,404,7,2,5,62,33,29
2033,243,Jeff Davis County,1828,891,937,927,433,494,10,7,3,821,416,405,7,2,5,63,33,30
2034,243,Jeff Davis County,1807,878,929,904,421,483,10,7,3,822,414,408,7,2,5,64,34,30
2035,243,Jeff Davis County,1782,863,919,879,409,470,10,7,3,821,411,410,7,2,5,65,34,31
2036,243,Jeff Davis County,1757,851,906,856,399,457,10,7,3,818,408,410,7,2,5,66,35,31
2037,243,Jeff Davis County,1733,838,895,833,388,445,10,7,3,816,406,410,7,2,5,67,35,32
2038,243,Jeff Davis County,1708,827,881,814,380,434,10,7,3,811,404,407,7,2,5,66,34,32
2039,243,Jeff Davis County,1685,819,866,796,373,423,10,7,3,805,403,402,7,2,5,67,34,33
2040,243,Jeff Davis County,1662,811,851,779,366,413,10,7,3,799,401,398,6,2,4,68,35,33
2041,243,Jeff Davis County,1636,801,835,760,359,401,10,7,3,793,400,393,6,2,4,67,33,34
2042,243,Jeff Davis County,1620,796,824,744,352,392,10,7,3,791,400,391,6,2,4,69,35,34
2043,243,Jeff Davis County,1604,786,818,730,344,386,10,7,3,790,400,390,6,2,4,68,33,35
2044,243,Jeff Davis County,1592,784,808,719,342,377,10,7,3,787,398,389,6,2,4,70,35,35
2045,243,Jeff Davis County,1576,776,800,706,337,369,10,7,3,784,396,388,6,2,4,70,34,36
2046,243,Jeff Davis County,1558,770,788,695,334,361,10,7,3,777,392,385,6,2,4,70,35,35
2047,243,Jeff Davis County,1537,763,774,682,329,353,10,7,3,770,391,379,6,2,4,69,34,35
2048,243,Jeff Davis County,1518,754,764,672,324,348,10,7,3,763,389,374,6,2,4,67,32,35
2049,243,Jeff Davis County,1493,738,755,665,319,346,10,7,3,746,379,367,6,2,4,66,31,35
2050,243,Jeff Davis County,1454,712,742,655,315,340,10,7,3,718,358,360,6,2,4,65,30,35
2010,245,Jefferson County,252273,128946,123327,112503,56360,56143,84500,41709,42791,42899,24388,18511,8525,4522,4003,3846,1967,1879
2011,245,Jefferson County,253084,129462,123622,111723,56053,55670,84629,41791,42838,44023,24964,19059,8746,4628,4118,3963,2026,1937
2012,245,Jefferson County,253540,129819,123721,110697,55632,55065,84667,41839,42828,45120,25529,19591,8976,4734,4242,4080,2085,1995
2013,245,Jefferson County,254082,130230,123852,109724,55241,54483,84720,41906,42814,46228,26096,20132,9208,4839,4369,4202,2148,2054
2014,245,Jefferson County,254668,130629,124039,108778,54847,53931,84796,41983,42813,47322,26651,20671,9448,4944,4504,4324,2204,2120
2015,245,Jefferson County,255299,131079,124220,107827,54453,53374,84893,42080,42813,48438,27222,21216,9693,5056,4637,4448,2268,2180
2016,245,Jefferson County,255991,131523,124468,106895,54055,52840,85005,42180,42825,49565,27788,21777,9945,5166,4779,4581,2334,2247
2017,245,Jefferson County,256679,131970,124709,105964,53656,52308,85099,42270,42829,50705,28366,22339,10199,5278,4921,4712,2400,2312
2018,245,Jefferson County,257359,132395,124964,105015,53249,51766,85177,42345,42832,51857,28944,22913,10467,5393,5074,4843,2464,2379
2019,245,Jefferson County,258014,132799,125215,104082,52851,51231,85211,42397,42814,53004,29515,23489,10738,5505,5233,4979,2531,2448
2020,245,Jefferson County,258670,133198,125472,103148,52448,50700,85196,42419,42777,54182,30101,24081,11026,5629,5397,5118,2601,2517
2021,245,Jefferson County,259234,133562,125672,102182,52020,50162,85136,42430,42706,55353,30691,24662,11310,5749,5561,5253,2672,2581
2022,245,Jefferson County,259712,133875,125837,101180,51578,49602,85025,42416,42609,56528,31273,25255,11602,5872,5730,5377,2736,2641
2023,245,Jefferson County,260117,134149,125968,100137,51112,49025,84860,42378,42482,57709,31858,25851,11900,5995,5905,5511,2806,2705
2024,245,Jefferson County,260453,134383,126070,99067,50627,48440,84655,42327,42328,58906,32448,26458,12187,6112,6075,5638,2869,2769
2025,245,Jefferson County,260744,134595,126149,97955,50118,47837,84418,42255,42163,60123,33050,27073,12481,6235,6246,5767,2937,2830
2026,245,Jefferson County,260959,134754,126205,96815,49599,47216,84139,42154,41985,61337,33645,27692,12763,6352,6411,5905,3004,2901
2027,245,Jefferson County,261100,134895,126205,95659,49071,46588,83809,42029,41780,62546,34246,28300,13048,6473,6575,6038,3076,2962
2028,245,Jefferson County,261203,134991,126212,94485,48530,45955,83461,41885,41576,63775,34851,28924,13321,6585,6736,6161,3140,3021
2029,245,Jefferson County,261261,135043,126218,93284,47958,45326,83082,41728,41354,65006,35456,29550,13596,6694,6902,6293,3207,3086
2030,245,Jefferson County,261238,135050,126188,92063,47382,44681,82669,41553,41116,66226,36051,30175,13860,6790,7070,6420,3274,3146
2031,245,Jefferson County,261175,135047,126128,90826,46808,44018,82226,41362,40864,67467,36657,30810,14108,6881,7227,6548,3339,3209
2032,245,Jefferson County,261050,135010,126040,89589,46225,43364,81751,41159,40592,68690,37256,31434,14355,6971,7384,6665,3399,3266
2033,245,Jefferson County,260900,134976,125924,88357,45646,42711,81243,40951,40292,69907,37854,32053,14608,7064,7544,6785,3461,3324
2034,245,Jefferson County,260745,134937,125808,87127,45067,42060,80711,40729,39982,71152,38459,32693,14853,7158,7695,6902,3524,3378
2035,245,Jefferson County,260556,134880,125676,85909,44496,41413,80164,40499,39665,72372,39054,33318,15096,7251,7845,7015,3580,3435
2036,245,Jefferson County,260325,134781,125544,84694,43926,40768,79589,40261,39328,73601,39639,33962,15319,7332,7987,7122,3623,3499
2037,245,Jefferson County,260116,134716,125400,83502,43366,40136,79004,40017,38987,74823,40232,34591,15538,7411,8127,7249,3690,3559
2038,245,Jefferson County,259827,134594,125233,82321,42814,39507,78392,39760,38632,76023,40807,35216,15745,7484,8261,7346,3729,3617
2039,245,Jefferson County,259566,134465,125101,81148,42256,38892,77767,39492,38275,77231,41381,35850,15960,7561,8399,7460,3775,3685
2040,245,Jefferson County,259280,134353,124927,79981,41708,38273,77121,39221,37900,78447,41967,36480,16166,7636,8530,7565,3821,3744
2041,245,Jefferson County,258942,134186,124756,78832,41165,37667,76448,38932,37516,79642,42533,37109,16354,7697,8657,7666,3859,3807
2042,245,Jefferson County,258602,134022,124580,77697,40629,37068,75765,38631,37134,80824,43096,37728,16558,7768,8790,7758,3898,3860
2043,245,Jefferson County,258247,133858,124389,76580,40102,36478,75060,38334,36726,81993,43651,38342,16755,7841,8914,7859,3930,3929
2044,245,Jefferson County,257857,133654,124203,75465,39576,35889,74340,38018,36322,83158,44189,38969,16948,7912,9036,7946,3959,3987
2045,245,Jefferson County,257476,133459,124017,74387,39072,35315,73593,37690,35903,84315,44722,39593,17139,7980,9159,8042,3995,4047
2046,245,Jefferson County,257082,133248,123834,73319,38564,34755,72836,37362,35474,85455,45247,40208,17335,8047,9288,8137,4028,4109
2047,245,Jefferson County,256675,133015,123660,72276,38070,34206,72062,37023,35039,86586,45758,40828,17526,8115,9411,8225,4049,4176
2048,245,Jefferson County,256244,132786,123458,71258,37588,33670,71276,36685,34591,87696,46265,41431,17701,8178,9523,8313,4070,4243
2049,245,Jefferson County,255850,132557,123293,70260,37117,33143,70490,36335,34155,88791,46754,42037,17894,8242,9652,8415,4109,4306
2050,245,Jefferson County,255423,132309,123114,69267,36640,32627,69682,35977,33705,89861,47233,42628,18096,8312,9784,8517,4147,4370
2010,247,Jim Hogg County,5300,2616,2684,334,174,160,18,16,2,4907,2407,2500,14,6,8,27,13,14
2011,247,Jim Hogg County,5270,2610,2660,340,177,163,18,16,2,4870,2398,2472,14,6,8,28,13,15
2012,247,Jim Hogg County,5248,2607,2641,346,180,166,18,16,2,4841,2391,2450,14,6,8,29,14,15
2013,247,Jim Hogg County,5230,2603,2627,352,183,169,18,16,2,4816,2384,2432,14,6,8,30,14,16
2014,247,Jim Hogg County,5210,2602,2608,357,186,171,18,16,2,4790,2379,2411,14,6,8,31,15,16
2015,247,Jim Hogg County,5190,2599,2591,362,189,173,18,16,2,4764,2373,2391,14,6,8,32,15,17
2016,247,Jim Hogg County,5170,2598,2572,367,192,175,18,16,2,4738,2368,2370,14,6,8,33,16,17
2017,247,Jim Hogg County,5150,2595,2555,371,194,177,18,16,2,4712,2363,2349,14,6,8,35,16,19
2018,247,Jim Hogg County,5122,2588,2534,374,196,178,18,16,2,4679,2353,2326,14,6,8,37,17,20
2019,247,Jim Hogg County,5099,2584,2515,378,198,180,18,16,2,4650,2347,2303,14,6,8,39,17,22
2020,247,Jim Hogg County,5077,2582,2495,382,200,182,18,16,2,4622,2342,2280,14,6,8,41,18,23
2021,247,Jim Hogg County,5053,2575,2478,383,200,183,18,16,2,4594,2335,2259,14,6,8,44,18,26
2022,247,Jim Hogg County,5026,2568,2458,386,202,184,18,16,2,4563,2325,2238,14,6,8,45,19,26
2023,247,Jim Hogg County,4997,2557,2440,388,203,185,18,16,2,4531,2313,2218,14,6,8,46,19,27
2024,247,Jim Hogg County,4969,2550,2419,389,203,186,18,16,2,4501,2305,2196,14,6,8,47,20,27
2025,247,Jim Hogg County,4936,2541,2395,390,204,186,18,16,2,4467,2295,2172,14,6,8,47,20,27
2026,247,Jim Hogg County,4908,2536,2372,394,206,188,18,16,2,4434,2287,2147,14,6,8,48,21,27
2027,247,Jim Hogg County,4869,2519,2350,395,206,189,18,16,2,4393,2270,2123,14,6,8,49,21,28
2028,247,Jim Hogg County,4834,2504,2330,397,207,190,18,16,2,4355,2253,2102,14,6,8,50,22,28
2029,247,Jim Hogg County,4792,2487,2305,398,209,189,18,16,2,4311,2234,2077,14,6,8,51,22,29
2030,247,Jim Hogg County,4760,2475,2285,399,209,190,18,16,2,4277,2221,2056,14,6,8,52,23,29
2031,247,Jim Hogg County,4721,2459,2262,400,211,189,18,16,2,4236,2203,2033,14,6,8,53,23,30
2032,247,Jim Hogg County,4688,2450,2238,402,213,189,18,16,2,4200,2191,2009,14,6,8,54,24,30
2033,247,Jim Hogg County,4649,2433,2216,403,214,189,18,16,2,4159,2173,1986,14,6,8,55,24,31
2034,247,Jim Hogg County,4618,2420,2198,406,215,191,18,16,2,4124,2158,1966,14,6,8,56,25,31
2035,247,Jim Hogg County,4582,2404,2178,408,216,192,18,16,2,4085,2141,1944,14,6,8,57,25,32
2036,247,Jim Hogg County,4536,2383,2153,408,216,192,18,16,2,4038,2119,1919,14,6,8,58,26,32
2037,247,Jim Hogg County,4492,2362,2130,410,217,193,18,16,2,3991,2097,1894,14,6,8,59,26,33
2038,247,Jim Hogg County,4446,2341,2105,409,215,194,18,16,2,3946,2078,1868,14,6,8,59,26,33
2039,247,Jim Hogg County,4403,2323,2080,408,215,193,18,16,2,3903,2060,1843,14,6,8,60,26,34
2040,247,Jim Hogg County,4372,2312,2060,409,215,194,18,16,2,3870,2048,1822,14,6,8,61,27,34
2041,247,Jim Hogg County,4335,2294,2041,411,217,194,18,16,2,3831,2029,1802,14,6,8,61,26,35
2042,247,Jim Hogg County,4296,2276,2020,412,217,195,18,16,2,3790,2010,1780,14,6,8,62,27,35
2043,247,Jim Hogg County,4257,2255,2002,412,217,195,18,16,2,3751,1990,1761,14,6,8,62,26,36
2044,247,Jim Hogg County,4218,2234,1984,412,217,195,18,16,2,3713,1970,1743,14,6,8,61,25,36
2045,247,Jim Hogg County,4171,2209,1962,414,218,196,18,16,2,3663,1944,1719,14,6,8,62,25,37
2046,247,Jim Hogg County,4124,2185,1939,412,217,195,18,16,2,3618,1920,1698,14,6,8,62,26,36
2047,247,Jim Hogg County,4080,2164,1916,413,219,194,18,16,2,3573,1898,1675,14,6,8,62,25,37
2048,247,Jim Hogg County,4030,2138,1892,415,221,194,18,16,2,3523,1870,1653,13,6,7,61,25,36
2049,247,Jim Hogg County,3979,2116,1863,414,222,192,18,16,2,3474,1849,1625,12,5,7,61,24,37
2050,247,Jim Hogg County,3935,2094,1841,414,221,193,17,15,2,3431,1828,1603,12,5,7,61,25,36
2010,249,Jim Wells County,40838,20107,20731,8062,3988,4074,156,93,63,32254,15849,16405,134,62,72,232,115,117
2011,249,Jim Wells County,41038,20229,20809,7973,3948,4025,161,96,65,32528,16003,16525,137,63,74,239,119,120
2012,249,Jim Wells County,41253,20359,20894,7906,3920,3986,166,99,67,32795,16152,16643,140,65,75,246,123,123
2013,249,Jim Wells County,41450,20474,20976,7832,3887,3945,171,102,69,33051,16292,16759,143,66,77,253,127,126
2014,249,Jim Wells County,41678,20608,21070,7763,3857,3906,176,105,71,33334,16448,16886,146,68,78,259,130,129
2015,249,Jim Wells County,41884,20726,21158,7696,3826,3870,181,108,73,33592,16589,17003,149,69,80,266,134,132
2016,249,Jim Wells County,42090,20843,21247,7627,3793,3834,186,111,75,33854,16732,17122,151,70,81,272,137,135
2017,249,Jim Wells County,42298,20964,21334,7558,3758,3800,191,114,77,34118,16880,17238,153,71,82,278,141,137
2018,249,Jim Wells County,42509,21077,21432,7495,3729,3766,196,117,79,34380,17016,17364,155,72,83,283,143,140
2019,249,Jim Wells County,42697,21191,21506,7429,3695,3734,201,120,81,34620,17156,17464,157,73,84,290,147,143
2020,249,Jim Wells County,42890,21298,21592,7376,3668,3708,205,122,83,34854,17283,17571,159,74,85,296,151,145
2021,249,Jim Wells County,43074,21406,21668,7324,3640,3684,210,125,85,35078,17412,17666,161,75,86,301,154,147
2022,249,Jim Wells County,43229,21497,21732,7269,3612,3657,215,128,87,35270,17519,17751,163,76,87,312,162,150
2023,249,Jim Wells County,43372,21585,21787,7212,3584,3628,220,131,89,35458,17628,17830,165,77,88,317,165,152
2024,249,Jim Wells County,43508,21673,21835,7151,3555,3596,225,134,91,35640,17735,17905,167,78,89,325,171,154
2025,249,Jim Wells County,43607,21733,21874,7087,3520,3567,229,137,92,35794,17824,17970,169,79,90,328,173,155
2026,249,Jim Wells County,43683,21784,21899,7020,3481,3539,232,139,93,35926,17908,18018,171,80,91,334,176,158
2027,249,Jim Wells County,43770,21847,21923,6969,3454,3515,237,142,95,36052,17992,18060,173,81,92,339,178,161
2028,249,Jim Wells County,43829,21885,21944,6906,3419,3487,240,143,97,36161,18058,18103,177,83,94,345,182,163
2029,249,Jim Wells County,43891,21941,21950,6842,3389,3453,244,145,99,36279,18139,18140,178,84,94,348,184,164
2030,249,Jim Wells County,43909,21966,21943,6763,3350,3413,249,148,101,36361,18196,18165,181,85,96,355,187,168
2031,249,Jim Wells County,43922,21987,21935,6687,3312,3375,253,150,103,36439,18249,18190,181,85,96,362,191,171
2032,249,Jim Wells County,43934,22012,21922,6618,3279,3339,258,153,105,36512,18303,18209,181,84,97,365,193,172
2033,249,Jim Wells County,43916,22014,21902,6534,3237,3297,262,155,107,36569,18343,18226,181,84,97,370,195,175
2034,249,Jim Wells County,43908,22028,21880,6455,3200,3255,268,158,110,36624,18385,18239,183,85,98,378,200,178
2035,249,Jim Wells County,43893,22031,21862,6384,3164,3220,272,160,112,36671,18421,18250,185,86,99,381,200,181
2036,249,Jim Wells County,43848,22020,21828,6298,3121,3177,275,160,115,36705,18451,18254,185,87,98,385,201,184
2037,249,Jim Wells County,43830,22021,21809,6230,3086,3144,281,163,118,36742,18480,18262,184,87,97,393,205,188
2038,249,Jim Wells County,43788,22010,21778,6150,3043,3107,284,163,121,36774,18512,18262,185,88,97,395,204,191
2039,249,Jim Wells County,43756,22008,21748,6085,3012,3073,290,166,124,36800,18537,18263,185,89,96,396,204,192
2040,249,Jim Wells County,43714,21998,21716,6020,2977,3043,295,169,126,36815,18558,18257,185,89,96,399,205,194
2041,249,Jim Wells County,43683,21999,21684,5954,2945,3009,300,172,128,36836,18583,18253,188,91,97,405,208,197
2042,249,Jim Wells County,43644,21990,21654,5894,2912,2982,305,174,131,36847,18602,18245,187,91,96,411,211,200
2043,249,Jim Wells County,43594,21976,21618,5838,2881,2957,309,175,134,36844,18616,18228,189,91,98,414,213,201
2044,249,Jim Wells County,43547,21972,21575,5787,2856,2931,313,177,136,36841,18634,18207,187,90,97,419,215,204
2045,249,Jim Wells County,43487,21956,21531,5731,2824,2907,316,178,138,36828,18645,18183,186,90,96,426,219,207
2046,249,Jim Wells County,43412,21931,21481,5676,2794,2882,321,180,141,36798,18647,18151,185,89,96,432,221,211
2047,249,Jim Wells County,43340,21909,21431,5621,2764,2857,322,181,141,36770,18648,18122,187,90,97,440,226,214
2048,249,Jim Wells County,43259,21882,21377,5573,2738,2835,325,182,143,36730,18645,18085,187,90,97,444,227,217
2049,249,Jim Wells County,43169,21853,21316,5533,2719,2814,329,184,145,36674,18633,18041,187,90,97,446,227,219
2050,249,Jim Wells County,43088,21830,21258,5495,2700,2795,333,186,147,36622,18625,17997,187,90,97,451,229,222
2010,251,Johnson County,150934,75519,75415,115545,56890,58655,3797,2104,1693,27319,14401,12918,951,423,528,3322,1701,1621
2011,251,Johnson County,152918,76458,76460,116182,57164,59018,3969,2190,1779,28346,14904,13442,968,432,536,3453,1768,1685
2012,251,Johnson County,154957,77413,77544,116815,57430,59385,4155,2284,1871,29404,15414,13990,991,444,547,3592,1841,1751
2013,251,Johnson County,157026,78368,78658,117441,57685,59756,4345,2381,1964,30487,15932,14555,1009,453,556,3744,1917,1827
2014,251,Johnson County,159110,79352,79758,118066,57954,60112,4525,2465,2060,31595,16474,15121,1036,469,567,3888,1990,1898
2015,251,Johnson County,161209,80330,80879,118665,58203,60462,4705,2562,2143,32734,17017,15717,1060,480,580,4045,2068,1977
2016,251,Johnson County,163278,81294,81984,119216,58430,60786,4895,2660,2235,33887,17567,16320,1079,489,590,4201,2148,2053
2017,251,Johnson County,165360,82264,83096,119741,58648,61093,5092,2761,2331,35074,18131,16943,1097,498,599,4356,2226,2130
2018,251,Johnson County,167449,83226,84223,120255,58853,61402,5286,2856,2430,36277,18701,17576,1112,507,605,4519,2309,2210
2019,251,Johnson County,169575,84199,85376,120751,59046,61705,5497,2963,2534,37518,19283,18235,1127,515,612,4682,2392,2290
2020,251,Johnson County,171701,85177,86524,121240,59238,62002,5686,3062,2624,38776,19871,18905,1144,524,620,4855,2482,2373
2021,251,Johnson County,173886,86180,87706,121715,59422,62293,5899,3169,2730,40075,20477,19598,1160,533,627,5037,2579,2458
2022,251,Johnson County,176084,87190,88894,122167,59597,62570,6112,3276,2836,41411,21101,20310,1178,542,636,5216,2674,2542
2023,251,Johnson County,178295,88195,90100,122583,59749,62834,6337,3385,2952,42775,21737,21038,1190,550,640,5410,2774,2636
2024,251,Johnson County,180517,89215,91302,122967,59893,63074,6558,3494,3064,44175,22387,21788,1209,561,648,5608,2880,2728
2025,251,Johnson County,182777,90250,92527,123318,60027,63291,6802,3613,3189,45627,23061,22566,1221,568,653,5809,2981,2828
2026,251,Johnson County,185062,91288,93774,123649,60144,63505,7059,3734,3325,47093,23739,23354,1241,579,662,6020,3092,2928
2027,251,Johnson County,187341,92335,95006,123929,60242,63687,7320,3862,3458,48603,24434,24169,1251,586,665,6238,3211,3027
2028,251,Johnson County,189603,93355,96248,124174,60319,63855,7587,3986,3601,50123,25126,24997,1266,596,670,6453,3328,3125
2029,251,Johnson County,191867,94389,97478,124357,60373,63984,7873,4120,3753,51678,25840,25838,1279,604,675,6680,3452,3228
2030,251,Johnson County,194069,95395,98674,124466,60388,64078,8147,4249,3898,53260,26568,26692,1288,610,678,6908,3580,3328
2031,251,Johnson County,196259,96400,99859,124535,60394,64141,8431,4383,4048,54866,27306,27560,1293,613,680,7134,3704,3430
2032,251,Johnson County,198427,97392,101035,124542,60367,64175,8719,4525,4194,56502,28053,28449,1301,618,683,7363,3829,3534
2033,251,Johnson County,200573,98382,102191,124498,60325,64173,9008,4664,4344,58161,28812,29349,1308,622,686,7598,3959,3639
2034,251,Johnson County,202683,99336,103347,124397,60245,64152,9310,4810,4500,59826,29566,30260,1315,625,690,7835,4090,3745
2035,251,Johnson County,204784,100300,104484,124253,60155,64098,9620,4960,4660,61536,30346,31190,1319,628,691,8056,4211,3845
2036,251,Johnson County,206880,101260,105620,124058,60038,64020,9941,5117,4824,63260,31133,32127,1322,629,693,8299,4343,3956
2037,251,Johnson County,208921,102198,106723,123813,59905,63908,10252,5271,4981,65011,31929,33082,1323,629,694,8522,4464,4058
2038,251,Johnson County,210991,103130,107861,123531,59746,63785,10574,5428,5146,66802,32740,34062,1332,634,698,8752,4582,4170
2039,251,Johnson County,213058,104078,108980,123222,59581,63641,10909,5594,5315,68602,33552,35050,1341,643,698,8984,4708,4276
2040,251,Johnson County,215134,105016,110118,122881,59408,63473,11253,5757,5496,70433,34383,36050,1349,648,701,9218,4820,4398
2041,251,Johnson County,217270,105984,111286,122525,59228,63297,11625,5938,5687,72300,35234,37066,1357,652,705,9463,4932,4531
2042,251,Johnson County,219377,106923,112454,122131,59025,63106,12008,6124,5884,74186,36084,38102,1352,650,702,9700,5040,4660
2043,251,Johnson County,221528,107889,113639,121738,58827,62911,12399,6314,6085,76094,36952,39142,1356,654,702,9941,5142,4799
2044,251,Johnson County,223716,108886,114830,121338,58631,62707,12790,6509,6281,78030,37827,40203,1354,655,699,10204,5264,4940
2045,251,Johnson County,225928,109881,116047,120922,58429,62493,13197,6704,6493,79989,38711,41278,1360,660,700,10460,5377,5083
2046,251,Johnson County,228145,110877,117268,120517,58232,62285,13584,6892,6692,81966,39599,42367,1355,664,691,10723,5490,5233
2047,251,Johnson County,230416,111913,118503,120100,58037,62063,13985,7090,6895,83971,40506,43465,1359,669,690,11001,5611,5390
2048,251,Johnson County,232717,112943,119774,119694,57845,61849,14389,7282,7107,85998,41417,44581,1355,665,690,11281,5734,5547
2049,251,Johnson County,235040,113985,121055,119271,57641,61630,14796,7480,7316,88043,42339,45704,1355,663,692,11575,5862,5713
2050,251,Johnson County,237420,115054,122366,118866,57458,61408,15233,7686,7547,90099,43263,46836,1361,667,694,11861,5980,5881
2010,253,Jones County,20202,12383,7819,12549,6809,5740,2292,1997,295,5009,3399,1610,76,34,42,276,144,132
2011,253,Jones County,20128,12390,7738,12377,6746,5631,2306,2008,298,5087,3455,1632,77,34,43,281,147,134
2012,253,Jones County,20070,12408,7662,12215,6687,5528,2321,2019,302,5170,3517,1653,78,35,43,286,150,136
2013,253,Jones County,20009,12417,7592,12057,6631,5426,2325,2019,306,5257,3579,1678,79,35,44,291,153,138
2014,253,Jones County,19955,12428,7527,11909,6579,5330,2331,2022,309,5340,3636,1704,80,36,44,295,155,140
2015,253,Jones County,19905,12447,7458,11764,6529,5235,2337,2027,310,5424,3697,1727,81,36,45,299,158,141
2016,253,Jones County,19862,12468,7394,11628,6483,5145,2345,2030,315,5503,3757,1746,82,37,45,304,161,143
2017,253,Jones County,19827,12493,7334,11497,6437,5060,2353,2034,319,5585,3821,1764,83,37,46,309,164,145
2018,253,Jones County,19790,12519,7271,11361,6387,4974,2363,2043,320,5670,3885,1785,84,38,46,312,166,146
2019,253,Jones County,19766,12546,7220,11240,6344,4896,2372,2049,323,5754,3948,1806,85,38,47,315,167,148
2020,253,Jones County,19735,12563,7172,11114,6291,4823,2377,2052,325,5838,4011,1827,86,39,47,320,170,150
2021,253,Jones County,19702,12586,7116,10983,6243,4740,2381,2055,326,5926,4076,1850,87,39,48,325,173,152
2022,253,Jones County,19666,12601,7065,10858,6198,4660,2374,2046,328,6012,4137,1875,88,40,48,334,180,154
2023,253,Jones County,19626,12605,7021,10722,6147,4575,2369,2035,334,6108,4201,1907,89,40,49,338,182,156
2024,253,Jones County,19588,12618,6970,10594,6102,4492,2364,2031,333,6198,4261,1937,90,41,49,342,183,159
2025,253,Jones County,19544,12624,6920,10463,6052,4411,2349,2016,333,6293,4329,1964,91,41,50,348,186,162
2026,253,Jones County,19507,12631,6876,10335,6000,4335,2335,2002,333,6391,4397,1994,93,42,51,353,190,163
2027,253,Jones County,19469,12641,6828,10204,5950,4254,2324,1991,333,6487,4463,2024,95,43,52,359,194,165
2028,253,Jones County,19435,12646,6789,10071,5896,4175,2317,1982,335,6586,4527,2059,97,44,53,364,197,167
2029,253,Jones County,19381,12649,6732,9929,5840,4089,2302,1969,333,6682,4594,2088,98,45,53,370,201,169
2030,253,Jones County,19342,12654,6688,9789,5782,4007,2294,1963,331,6787,4661,2126,100,46,54,372,202,170
2031,253,Jones County,19295,12655,6640,9637,5717,3920,2286,1955,331,6891,4731,2160,102,47,55,379,205,174
2032,253,Jones County,19239,12654,6585,9487,5658,3829,2271,1942,329,6990,4795,2195,104,48,56,387,211,176
2033,253,Jones County,19178,12638,6540,9338,5596,3742,2259,1931,328,7082,4848,2234,105,48,57,394,215,179
2034,253,Jones County,19090,12614,6476,9176,5528,3648,2239,1912,327,7172,4909,2263,106,49,57,397,216,181
2035,253,Jones County,19012,12597,6415,9018,5457,3561,2226,1900,326,7262,4974,2288,106,49,57,400,217,183
2036,253,Jones County,18933,12569,6364,8864,5388,3476,2212,1885,327,7349,5029,2320,107,50,57,401,217,184
2037,253,Jones County,18858,12553,6305,8709,5319,3390,2192,1866,326,7447,5101,2346,108,50,58,402,217,185
2038,253,Jones County,18779,12531,6248,8558,5254,3304,2166,1841,325,7542,5168,2374,108,50,58,405,218,187
2039,253,Jones County,18710,12513,6197,8402,5184,3218,2150,1824,326,7640,5235,2405,110,51,59,408,219,189
2040,253,Jones County,18627,12490,6137,8244,5110,3134,2130,1802,328,7732,5307,2425,109,51,58,412,220,192
2041,253,Jones County,18561,12480,6081,8093,5042,3051,2111,1784,327,7830,5381,2449,111,52,59,416,221,195
2042,253,Jones County,18511,12482,6029,7949,4981,2968,2100,1773,327,7936,5457,2479,110,52,58,416,219,197
2043,253,Jones County,18454,12474,5980,7812,4920,2892,2081,1754,327,8031,5528,2503,113,54,59,417,218,199
2044,253,Jones County,18378,12456,5922,7668,4856,2812,2065,1739,326,8119,5593,2526,111,53,58,415,215,200
2045,253,Jones County,18342,12468,5874,7537,4798,2739,2054,1726,328,8219,5672,2547,111,53,58,421,219,202
2046,253,Jones County,18304,12472,5832,7413,4745,2668,2041,1712,329,8323,5746,2577,109,53,56,418,216,202
2047,253,Jones County,18266,12475,5791,7285,4687,2598,2027,1698,329,8422,5819,2603,108,52,56,424,219,205
2048,253,Jones County,18232,12482,5750,7164,4632,2532,2015,1688,327,8527,5896,2631,107,52,55,419,214,205
2049,253,Jones County,18220,12507,5713,7050,4584,2466,2001,1675,326,8637,5977,2660,107,51,56,425,220,205
2050,253,Jones County,18192,12511,5681,6928,4531,2397,1987,1662,325,8750,6054,2696,107,51,56,420,213,207
2010,255,Karnes County,14824,8842,5982,5956,3214,2742,1351,1255,96,7376,4301,3075,25,13,12,116,59,57
2011,255,Karnes County,14841,8835,6006,5893,3187,2706,1317,1219,98,7480,4349,3131,25,13,12,126,67,59
2012,255,Karnes County,14887,8841,6046,5844,3164,2680,1286,1186,100,7596,4402,3194,25,13,12,136,76,60
2013,255,Karnes County,14949,8856,6093,5802,3145,2657,1258,1156,102,7716,4456,3260,25,13,12,148,86,62
2014,255,Karnes County,15010,8878,6132,5752,3123,2629,1230,1126,104,7843,4519,3324,25,13,12,160,97,63
2015,255,Karnes County,15083,8902,6181,5715,3105,2610,1201,1095,106,7962,4574,3388,25,13,12,180,115,65
2016,255,Karnes County,15166,8935,6231,5669,3081,2588,1177,1070,107,8092,4634,3458,25,13,12,203,137,66
2017,255,Karnes County,15269,8983,6286,5627,3060,2567,1158,1049,109,8224,4694,3530,25,13,12,235,167,68
2018,255,Karnes County,15370,9029,6341,5587,3037,2550,1135,1025,110,8351,4751,3600,25,13,12,272,203,69
2019,255,Karnes County,15486,9096,6390,5535,3015,2520,1119,1007,112,8487,4812,3675,25,13,12,320,249,71
2020,255,Karnes County,15627,9175,6452,5501,2998,2503,1100,988,112,8619,4867,3752,26,14,12,381,308,73
2021,255,Karnes County,15771,9258,6513,5456,2974,2482,1078,964,114,8755,4925,3830,26,14,12,456,381,75
2022,255,Karnes County,15959,9377,6582,5418,2953,2465,1057,942,115,8904,4991,3913,26,14,12,554,477,77
2023,255,Karnes County,16183,9536,6647,5385,2937,2448,1043,926,117,9045,5054,3991,26,14,12,684,605,79
2024,255,Karnes County,16432,9719,6713,5350,2915,2435,1028,911,117,9186,5118,4068,26,14,12,842,761,81
2025,255,Karnes County,16743,9963,6780,5326,2901,2425,1017,899,118,9323,5181,4142,26,14,12,1051,968,83
2026,255,Karnes County,17100,10249,6851,5298,2884,2414,1000,882,118,9467,5245,4222,26,14,12,1309,1224,85
2027,255,Karnes County,17537,10612,6925,5264,2865,2399,991,871,120,9619,5312,4307,26,14,12,1637,1550,87
2028,255,Karnes County,18074,11071,7003,5238,2851,2387,978,857,121,9774,5379,4395,26,14,12,2058,1970,88
2029,255,Karnes County,18710,11634,7076,5208,2835,2373,971,848,123,9914,5434,4480,26,14,12,2591,2503,88
2030,255,Karnes County,19489,12332,7157,5177,2814,2363,963,838,125,10065,5498,4567,26,14,12,3258,3168,90
2031,255,Karnes County,20445,13213,7232,5145,2798,2347,956,829,127,10210,5557,4653,26,14,12,4108,4015,93
2032,255,Karnes County,21601,14297,7304,5106,2778,2328,951,823,128,10356,5615,4741,26,14,12,5162,5067,95
2033,255,Karnes County,23028,15648,7380,5076,2761,2315,947,818,129,10500,5673,4827,26,14,12,6479,6382,97
2034,255,Karnes County,24754,17301,7453,5034,2740,2294,942,811,131,10638,5720,4918,25,14,11,8115,8016,99
2035,255,Karnes County,26857,19333,7524,4987,2717,2270,941,809,132,10791,5780,5011,25,14,11,10113,10013,100
2036,255,Karnes County,29388,21792,7596,4936,2692,2244,938,805,133,10938,5832,5106,25,14,11,12551,12449,102
2037,255,Karnes County,32452,24782,7670,4883,2664,2219,935,800,135,11094,5892,5202,25,14,11,15515,15412,103
2038,255,Karnes County,36034,28292,7742,4836,2641,2195,931,794,137,11236,5942,5294,25,14,11,19006,18901,105
2039,255,Karnes County,40275,32449,7826,4789,2609,2180,926,788,138,11390,6000,5390,25,14,11,23145,23038,107
2040,255,Karnes County,45166,37261,7905,4743,2583,2160,926,787,139,11538,6052,5486,25,14,11,27934,27825,109
2041,255,Karnes County,50694,42717,7977,4686,2553,2133,917,776,141,11697,6115,5582,24,14,10,33370,33259,111
2042,255,Karnes County,56951,48897,8054,4634,2525,2109,911,769,142,11863,6182,5681,24,14,10,39519,39407,112
2043,255,Karnes County,63856,55718,8138,4597,2508,2089,902,759,143,12027,6244,5783,24,14,10,46306,46193,113
2044,255,Karnes County,71337,63106,8231,4559,2483,2076,894,750,144,12202,6316,5886,24,14,10,53658,53543,115
2045,255,Karnes County,79444,71118,8326,4521,2459,2062,889,744,145,12379,6387,5992,24,14,10,61631,61514,117
2046,255,Karnes County,88014,79598,8416,4481,2432,2049,880,735,145,12551,6456,6095,24,14,10,70078,69961,117
2047,255,Karnes County,97014,88512,8502,4448,2413,2035,875,728,147,12717,6525,6192,23,14,9,78951,78832,119
2048,255,Karnes County,106438,97838,8600,4416,2396,2020,873,724,149,12896,6594,6302,23,14,9,88230,88110,120
2049,255,Karnes County,116230,107542,8688,4375,2376,1999,864,716,148,13074,6664,6410,22,13,9,97895,97773,122
2050,255,Karnes County,126431,117648,8783,4342,2356,1986,858,711,147,13251,6733,6518,22,13,9,107958,107835,123
2010,257,Kaufman County,103350,50811,52539,72328,35429,36899,10571,5036,5535,17548,8975,8573,869,386,483,2034,985,1049
2011,257,Kaufman County,105305,51824,53481,73065,35821,37244,10812,5175,5637,18450,9424,9026,891,394,497,2087,1010,1077
2012,257,Kaufman County,107309,52854,54455,73811,36210,37601,11054,5318,5736,19390,9890,9500,910,401,509,2144,1035,1109
2013,257,Kaufman County,109360,53891,55469,74543,36587,37956,11309,5458,5851,20370,10373,9997,937,411,526,2201,1062,1139
2014,257,Kaufman County,111494,54975,56519,75281,36970,38311,11589,5617,5972,21398,10873,10525,961,422,539,2265,1093,1172
2015,257,Kaufman County,113657,56071,57586,76008,37348,38660,11860,5765,6095,22467,11397,11070,985,431,554,2337,1130,1207
2016,257,Kaufman County,115860,57175,58685,76725,37717,39008,12149,5920,6229,23571,11935,11636,1004,439,565,2411,1164,1247
2017,257,Kaufman County,118093,58300,59793,77431,38084,39347,12439,6075,6364,24718,12497,12221,1024,445,579,2481,1199,1282
2018,257,Kaufman County,120397,59463,60934,78146,38457,39689,12724,6232,6492,25922,13081,12841,1047,456,591,2558,1237,1321
2019,257,Kaufman County,122724,60635,62089,78833,38827,40006,13016,6390,6626,27172,13680,13492,1064,461,603,2639,1277,1362
2020,257,Kaufman County,125133,61855,63278,79525,39200,40325,13315,6547,6768,28483,14321,14162,1084,468,616,2726,1319,1407
2021,257,Kaufman County,127642,63116,64526,80228,39575,40653,13621,6715,6906,29865,14983,14882,1106,476,630,2822,1367,1455
2022,257,Kaufman County,130208,64395,65813,80953,39962,40991,13926,6873,7053,31288,15665,15623,1122,481,641,2919,1414,1505
2023,257,Kaufman County,132831,65714,67117,81646,40334,41312,14243,7041,7202,32790,16391,16399,1140,486,654,3012,1462,1550
2024,257,Kaufman County,135508,67059,68449,82326,40700,41626,14565,7211,7354,34357,17148,17209,1153,493,660,3107,1507,1600
2025,257,Kaufman County,138249,68437,69812,82990,41061,41929,14882,7377,7505,35988,17935,18053,1172,500,672,3217,1564,1653
2026,257,Kaufman County,141029,69838,71191,83636,41417,42219,15193,7543,7650,37691,18753,18938,1193,509,684,3316,1616,1700
2027,257,Kaufman County,143885,71282,72603,84274,41774,42500,15504,7710,7794,39461,19605,19856,1210,518,692,3436,1675,1761
2028,257,Kaufman County,146763,72726,74037,84882,42111,42771,15813,7881,7932,41278,20477,20801,1231,524,707,3559,1733,1826
2029,257,Kaufman County,149692,74198,75494,85490,42442,43048,16105,8045,8060,43174,21391,21783,1242,529,713,3681,1791,1890
2030,257,Kaufman County,152667,75675,76992,86068,42750,43318,16404,8214,8190,45124,22323,22801,1265,535,730,3806,1853,1953
2031,257,Kaufman County,155704,77189,78515,86612,43046,43566,16701,8385,8316,47165,23301,23864,1282,539,743,3944,1918,2026
2032,257,Kaufman County,158731,78691,80040,87115,43318,43797,16988,8543,8445,49252,24300,24952,1295,544,751,4081,1986,2095
2033,257,Kaufman County,161787,80203,81584,87559,43558,44001,17272,8703,8569,51428,25344,26084,1321,550,771,4207,2048,2159
2034,257,Kaufman County,164854,81711,83143,87959,43777,44182,17561,8867,8694,53646,26391,27255,1345,559,786,4343,2117,2226
2035,257,Kaufman County,167907,83229,84678,88301,43979,44322,17841,9035,8806,55927,27473,28454,1360,563,797,4478,2179,2299
2036,257,Kaufman County,171023,84779,86244,88617,44168,44449,18121,9200,8921,58291,28598,29693,1377,568,809,4617,2245,2372
2037,257,Kaufman County,174144,86327,87817,88886,44334,44552,18399,9368,9031,60715,29743,30972,1398,574,824,4746,2308,2438
2038,257,Kaufman County,177292,87888,89404,89103,44476,44627,18673,9537,9136,63220,30931,32289,1413,577,836,4883,2367,2516
2039,257,Kaufman County,180491,89472,91019,89298,44609,44689,18942,9697,9245,65799,32150,33649,1433,585,848,5019,2431,2588
2040,257,Kaufman County,183668,91047,92621,89443,44718,44725,19216,9864,9352,68421,33391,35030,1445,588,857,5143,2486,2657
2041,257,Kaufman County,186925,92661,94264,89564,44822,44742,19477,10027,9450,71143,34668,36475,1465,599,866,5276,2545,2731
2042,257,Kaufman County,190225,94280,95945,89653,44905,44748,19750,10200,9550,73933,35969,37964,1479,601,878,5410,2605,2805
2043,257,Kaufman County,193561,95927,97634,89716,44978,44738,20011,10365,9646,76805,37317,39488,1488,604,884,5541,2663,2878
2044,257,Kaufman County,196975,97584,99391,89756,45041,44715,20271,10522,9749,79768,38697,41071,1500,600,900,5680,2724,2956
2045,257,Kaufman County,200444,99281,101163,89778,45104,44674,20519,10682,9837,82812,40115,42697,1511,601,910,5824,2779,3045
2046,257,Kaufman County,203993,101003,102990,89769,45147,44622,20789,10849,9940,85936,41561,44375,1527,609,918,5972,2837,3135
2047,257,Kaufman County,207605,102741,104864,89751,45180,44571,21040,11012,10028,89153,43042,46111,1544,610,934,6117,2897,3220
2048,257,Kaufman County,211299,104532,106767,89728,45222,44506,21299,11182,10117,92467,44578,47889,1559,612,947,6246,2938,3308
2049,257,Kaufman County,215042,106345,108697,89675,45248,44427,21540,11338,10202,95858,46144,49714,1575,617,958,6394,2998,3396
2050,257,Kaufman County,218922,108210,110712,89636,45281,44355,21795,11496,10299,99359,47758,51601,1590,620,970,6542,3055,3487
2010,259,Kendall County,33410,16299,17111,25746,12404,13342,138,79,59,6829,3480,3349,202,78,124,495,258,237
2011,259,Kendall County,34445,16812,17633,26360,12707,13653,139,79,60,7234,3684,3550,208,79,129,504,263,241
2012,259,Kendall County,35535,17355,18180,26990,13021,13969,140,80,60,7678,3905,3773,214,81,133,513,268,245
2013,259,Kendall County,36656,17913,18743,27630,13344,14286,141,80,61,8142,4134,4008,220,82,138,523,273,250
2014,259,Kendall County,37839,18490,19349,28294,13671,14623,141,81,60,8643,4376,4267,226,83,143,535,279,256
2015,259,Kendall County,39099,19096,20003,28994,14010,14984,143,81,62,9185,4637,4548,231,84,147,546,284,262
2016,259,Kendall County,40416,19738,20678,29718,14365,15353,144,82,62,9758,4914,4844,235,86,149,561,291,270
2017,259,Kendall County,41785,20391,21394,30466,14720,15746,145,82,63,10359,5204,5155,240,87,153,575,298,277
2018,259,Kendall County,43197,21063,22134,31230,15089,16141,146,83,63,10986,5499,5487,247,89,158,588,303,285
2019,259,Kendall County,44712,21782,22930,32041,15478,16563,147,83,64,11665,5819,5846,254,90,164,605,312,293
2020,259,Kendall County,46306,22546,23760,32902,15898,17004,148,84,64,12370,6150,6220,261,92,169,625,322,303
2021,259,Kendall County,48000,23343,24657,33806,16335,17471,149,84,65,13133,6499,6634,271,94,177,641,331,310
2022,259,Kendall County,49757,24171,25586,34747,16784,17963,151,85,66,13920,6866,7054,281,96,185,658,340,318
2023,259,Kendall County,51632,25069,26563,35745,17273,18472,153,86,67,14768,7262,7506,291,99,192,675,349,326
2024,259,Kendall County,53603,26002,27601,36793,17783,19010,155,87,68,15656,7671,7985,303,102,201,696,359,337
2025,259,Kendall County,55683,26985,28698,37899,18317,19582,157,88,69,16592,8104,8488,316,106,210,719,370,349
2026,259,Kendall County,57851,28004,29847,39047,18869,20178,159,89,70,17578,8557,9021,330,110,220,737,379,358
2027,259,Kendall County,60128,29083,31045,40257,19457,20800,160,89,71,18607,9032,9575,346,115,231,758,390,368
2028,259,Kendall County,62509,30219,32290,41512,20073,21439,161,90,71,19687,9531,10156,367,122,245,782,403,379
2029,259,Kendall County,64974,31390,33584,42809,20707,22102,162,90,72,20811,10052,10759,389,129,260,803,412,391
2030,259,Kendall County,67550,32621,34929,44156,21369,22787,163,91,72,21988,10599,11389,416,137,279,827,425,402
2031,259,Kendall County,70210,33888,36322,45544,22058,23486,164,91,73,23211,11158,12053,442,147,295,849,434,415
2032,259,Kendall County,72946,35197,37749,46949,22753,24196,165,92,73,24491,11749,12742,471,158,313,870,445,425
2033,259,Kendall County,75766,36553,39213,48395,23471,24924,166,92,74,25808,12366,13442,506,169,337,891,455,436
2034,259,Kendall County,78669,37948,40721,49855,24202,25653,166,93,73,27187,13003,14184,543,181,362,918,469,449
2035,259,Kendall County,81647,39382,42265,51339,24948,26391,165,92,73,28616,13666,14950,585,196,389,942,480,462
2036,259,Kendall County,84711,40869,43842,52848,25716,27132,165,93,72,30108,14359,15749,621,208,413,969,493,476
2037,259,Kendall County,87843,42387,45456,54366,26492,27874,165,92,73,31660,15079,16581,659,220,439,993,504,489
2038,259,Kendall County,91060,43945,47115,55889,27274,28615,165,92,73,33289,15832,17457,698,231,467,1019,516,503
2039,259,Kendall County,94373,45553,48820,57440,28076,29364,166,92,74,34988,16613,18375,737,244,493,1042,528,514
2040,259,Kendall County,97764,47190,50574,58989,28880,30109,166,92,74,36759,17422,19337,780,256,524,1070,540,530
2041,259,Kendall County,101271,48892,52379,60556,29695,30861,165,91,74,38626,18280,20346,825,271,554,1099,555,544
2042,259,Kendall County,104867,50633,54234,62132,30520,31612,163,90,73,40560,19167,21393,880,286,594,1132,570,562
2043,259,Kendall County,108581,52422,56159,63740,31362,32378,163,89,74,42583,20087,22496,942,307,635,1153,577,576
2044,259,Kendall County,112441,54286,58155,65391,32235,33156,160,88,72,44706,21050,23656,1004,324,680,1180,589,591
2045,259,Kendall County,116446,56210,60236,67073,33119,33954,158,86,72,46924,22054,24870,1082,349,733,1209,602,607
2046,259,Kendall County,120597,58218,62379,68786,34027,34759,154,84,70,49254,23116,26138,1164,376,788,1239,615,624
2047,259,Kendall County,124895,60282,64613,70551,34958,35593,151,81,70,51671,24207,27464,1253,406,847,1269,630,639
2048,259,Kendall County,129398,62438,66960,72378,35918,36460,146,78,68,54225,25360,28865,1344,436,908,1305,646,659
2049,259,Kendall County,134082,64672,69410,74266,36901,37365,144,76,68,56884,26562,30322,1444,468,976,1344,665,679
2050,259,Kendall County,138957,66992,71965,76214,37919,38295,144,76,68,59662,27813,31849,1550,501,1049,1387,683,704
2010,261,Kenedy County,416,212,204,86,40,46,1,0,1,319,167,152,1,1,0,9,4,5
2011,261,Kenedy County,422,215,207,87,40,47,1,0,1,324,170,154,1,1,0,9,4,5
2012,261,Kenedy County,428,219,209,88,41,47,1,0,1,329,173,156,1,1,0,9,4,5
2013,261,Kenedy County,434,222,212,89,41,48,1,0,1,334,176,158,1,1,0,9,4,5
2014,261,Kenedy County,439,225,214,90,42,48,1,0,1,338,178,160,1,1,0,9,4,5
2015,261,Kenedy County,445,228,217,91,42,49,1,0,1,343,181,162,1,1,0,9,4,5
2016,261,Kenedy County,451,232,219,92,43,49,1,0,1,348,184,164,1,1,0,9,4,5
2017,261,Kenedy County,458,235,223,93,43,50,1,0,1,354,187,167,1,1,0,9,4,5
2018,261,Kenedy County,464,239,225,93,44,49,1,0,1,360,190,170,1,1,0,9,4,5
2019,261,Kenedy County,470,242,228,94,44,50,1,0,1,365,193,172,1,1,0,9,4,5
2020,261,Kenedy County,476,246,230,95,45,50,1,0,1,370,196,174,1,1,0,9,4,5
2021,261,Kenedy County,483,249,234,96,45,51,1,0,1,376,199,177,1,1,0,9,4,5
2022,261,Kenedy County,487,252,235,96,46,50,1,0,1,380,201,179,1,1,0,9,4,5
2023,261,Kenedy County,490,253,237,96,45,51,1,0,1,383,203,180,1,1,0,9,4,5
2024,261,Kenedy County,494,256,238,97,46,51,1,0,1,386,205,181,1,1,0,9,4,5
2025,261,Kenedy County,497,257,240,98,46,52,1,0,1,388,206,182,1,1,0,9,4,5
2026,261,Kenedy County,501,261,240,98,47,51,1,0,1,392,209,183,1,1,0,9,4,5
2027,261,Kenedy County,504,263,241,98,46,52,1,0,1,396,212,184,1,1,0,8,4,4
2028,261,Kenedy County,508,267,241,98,47,51,1,0,1,400,215,185,1,1,0,8,4,4
2029,261,Kenedy County,511,268,243,99,47,52,1,0,1,402,216,186,1,1,0,8,4,4
2030,261,Kenedy County,514,270,244,100,48,52,1,0,1,404,217,187,1,1,0,8,4,4
2031,261,Kenedy County,517,271,246,100,48,52,1,0,1,406,218,188,1,1,0,9,4,5
2032,261,Kenedy County,519,273,246,101,49,52,1,0,1,407,219,188,1,1,0,9,4,5
2033,261,Kenedy County,521,273,248,101,48,53,1,0,1,409,220,189,1,1,0,9,4,5
2034,261,Kenedy County,524,276,248,101,48,53,1,0,1,412,223,189,1,1,0,9,4,5
2035,261,Kenedy County,526,277,249,102,48,54,1,0,1,413,224,189,1,1,0,9,4,5
2036,261,Kenedy County,529,281,248,102,49,53,1,0,1,416,227,189,1,1,0,9,4,5
2037,261,Kenedy County,529,281,248,103,49,54,1,0,1,415,227,188,1,1,0,9,4,5
2038,261,Kenedy County,531,284,247,104,50,54,1,0,1,416,229,187,1,1,0,9,4,5
2039,261,Kenedy County,533,284,249,105,50,55,1,0,1,417,229,188,1,1,0,9,4,5
2040,261,Kenedy County,536,286,250,105,50,55,1,0,1,420,231,189,1,1,0,9,4,5
2041,261,Kenedy County,536,285,251,106,50,56,1,0,1,419,230,189,1,1,0,9,4,5
2042,261,Kenedy County,537,286,251,107,51,56,1,0,1,420,231,189,1,1,0,8,3,5
2043,261,Kenedy County,539,286,253,106,50,56,1,0,1,423,232,191,1,1,0,8,3,5
2044,261,Kenedy County,541,286,255,106,50,56,1,0,1,426,233,193,1,1,0,7,2,5
2045,261,Kenedy County,542,284,258,106,49,57,1,0,1,427,232,195,1,1,0,7,2,5
2046,261,Kenedy County,543,285,258,105,49,56,1,0,1,429,233,196,1,1,0,7,2,5
2047,261,Kenedy County,546,285,261,105,48,57,1,0,1,432,234,198,1,1,0,7,2,5
2048,261,Kenedy County,548,285,263,104,48,56,1,0,1,435,234,201,1,1,0,7,2,5
2049,261,Kenedy County,548,286,262,104,48,56,1,0,1,435,235,200,1,1,0,7,2,5
2050,261,Kenedy County,546,287,259,103,49,54,1,0,1,434,235,199,1,1,0,7,2,5
2010,263,Kent County,808,392,416,669,320,349,6,2,4,120,64,56,0,0,0,13,6,7
2011,263,Kent County,806,391,415,665,318,347,6,2,4,122,65,57,0,0,0,13,6,7
2012,263,Kent County,802,390,412,659,316,343,6,2,4,124,66,58,0,0,0,13,6,7
2013,263,Kent County,799,389,410,654,314,340,6,2,4,126,67,59,0,0,0,13,6,7
2014,263,Kent County,792,386,406,645,310,335,6,2,4,128,68,60,0,0,0,13,6,7
2015,263,Kent County,789,386,403,641,309,332,6,2,4,129,69,60,0,0,0,13,6,7
2016,263,Kent County,786,385,401,636,307,329,6,2,4,131,70,61,0,0,0,13,6,7
2017,263,Kent County,787,386,401,636,308,328,6,2,4,132,70,62,0,0,0,13,6,7
2018,263,Kent County,791,389,402,637,309,328,6,2,4,135,72,63,0,0,0,13,6,7
2019,263,Kent County,792,387,405,635,306,329,6,2,4,138,73,65,0,0,0,13,6,7
2020,263,Kent County,795,388,407,635,305,330,6,2,4,141,75,66,0,0,0,13,6,7
2021,263,Kent County,798,392,406,633,306,327,6,2,4,146,78,68,0,0,0,13,6,7
2022,263,Kent County,800,394,406,630,305,325,6,2,4,151,81,70,0,0,0,13,6,7
2023,263,Kent County,803,397,406,629,305,324,6,2,4,156,84,72,0,0,0,12,6,6
2024,263,Kent County,808,401,407,629,306,323,6,2,4,161,87,74,0,0,0,12,6,6
2025,263,Kent County,814,404,410,630,306,324,6,2,4,166,90,76,0,0,0,12,6,6
2026,263,Kent County,819,407,412,630,306,324,6,2,4,171,93,78,0,0,0,12,6,6
2027,263,Kent County,824,409,415,630,305,325,6,2,4,176,96,80,0,0,0,12,6,6
2028,263,Kent County,828,412,416,629,305,324,6,2,4,182,100,82,0,0,0,11,5,6
2029,263,Kent County,830,414,416,626,303,323,6,2,4,187,104,83,0,0,0,11,5,6
2030,263,Kent County,832,416,416,622,300,322,6,2,4,193,109,84,0,0,0,11,5,6
2031,263,Kent County,835,417,418,619,298,321,6,2,4,198,112,86,0,0,0,12,5,7
2032,263,Kent County,836,418,418,616,296,320,6,2,4,203,115,88,0,0,0,11,5,6
2033,263,Kent County,828,415,413,605,291,314,6,2,4,206,117,89,0,0,0,11,5,6
2034,263,Kent County,825,412,413,599,287,312,6,2,4,209,118,91,0,0,0,11,5,6
2035,263,Kent County,823,412,411,595,286,309,6,2,4,211,119,92,0,0,0,11,5,6
2036,263,Kent County,820,412,408,588,284,304,6,2,4,215,121,94,0,0,0,11,5,6
2037,263,Kent County,819,412,407,585,283,302,6,2,4,218,122,96,0,0,0,10,5,5
2038,263,Kent County,814,408,406,577,278,299,6,2,4,221,123,98,0,0,0,10,5,5
2039,263,Kent County,810,405,405,569,273,296,6,2,4,225,125,100,0,0,0,10,5,5
2040,263,Kent County,804,401,403,560,267,293,6,2,4,228,127,101,0,0,0,10,5,5
2041,263,Kent County,800,399,401,553,264,289,6,2,4,231,128,103,0,0,0,10,5,5
2042,263,Kent County,796,396,400,545,259,286,6,2,4,235,130,105,0,0,0,10,5,5
2043,263,Kent County,793,393,400,538,253,285,6,2,4,239,133,106,0,0,0,10,5,5
2044,263,Kent County,789,392,397,532,250,282,6,2,4,242,135,107,0,0,0,9,5,4
2045,263,Kent County,786,391,395,525,246,279,6,2,4,246,138,108,0,0,0,9,5,4
2046,263,Kent County,788,392,396,522,244,278,6,2,4,251,141,110,0,0,0,9,5,4
2047,263,Kent County,786,391,395,516,240,276,6,2,4,255,144,111,0,0,0,9,5,4
2048,263,Kent County,782,391,391,509,237,272,5,2,3,259,147,112,0,0,0,9,5,4
2049,263,Kent County,782,391,391,504,234,270,5,2,3,264,150,114,0,0,0,9,5,4
2050,263,Kent County,784,392,392,501,232,269,5,2,3,269,153,116,0,0,0,9,5,4
2010,265,Kerr County,49625,24068,25557,35851,17086,18765,739,437,302,11895,5999,5896,361,156,205,779,390,389
2011,265,Kerr County,49846,24171,25675,35740,17017,18723,747,441,306,12198,6156,6042,366,159,207,795,398,397
2012,265,Kerr County,50065,24279,25786,35611,16943,18668,760,449,311,12514,6320,6194,371,162,209,809,405,404
2013,265,Kerr County,50330,24396,25934,35522,16882,18640,770,455,315,12841,6483,6358,376,165,211,821,411,410
2014,265,Kerr County,50604,24527,26077,35423,16823,18600,783,461,322,13182,6659,6523,381,168,213,835,416,419
2015,265,Kerr County,50864,24641,26223,35316,16757,18559,793,465,328,13519,6826,6693,385,170,215,851,423,428
2016,265,Kerr County,51140,24767,26373,35210,16692,18518,805,472,333,13871,7002,6869,389,172,217,865,429,436
2017,265,Kerr County,51421,24898,26523,35098,16629,18469,820,480,340,14229,7175,7054,391,174,217,883,440,443
2018,265,Kerr County,51715,25041,26674,35001,16576,18425,827,483,344,14594,7361,7233,396,176,220,897,445,452
2019,265,Kerr County,51993,25174,26819,34882,16511,18371,835,487,348,14959,7541,7418,402,179,223,915,456,459
2020,265,Kerr County,52267,25311,26956,34761,16451,18310,845,490,355,15325,7723,7602,405,181,224,931,466,465
2021,265,Kerr County,52544,25435,27109,34632,16381,18251,855,494,361,15702,7905,7797,409,184,225,946,471,475
2022,265,Kerr County,52830,25574,27256,34507,16321,18186,865,500,365,16084,8089,7995,411,185,226,963,479,484
2023,265,Kerr County,53104,25713,27391,34381,16262,18119,873,505,368,16461,8272,8189,414,188,226,975,486,489
2024,265,Kerr County,53363,25839,27524,34229,16190,18039,882,511,371,16845,8453,8392,418,192,226,989,493,496
2025,265,Kerr County,53631,25970,27661,34084,16117,17967,885,514,371,17236,8643,8593,420,194,226,1006,502,504
2026,265,Kerr County,53858,26080,27778,33909,16032,17877,893,520,373,17620,8827,8793,424,196,228,1012,505,507
2027,265,Kerr County,54056,26187,27869,33718,15940,17778,897,524,373,17988,9010,8978,427,198,229,1026,515,511
2028,265,Kerr County,54260,26285,27975,33510,15843,17667,904,528,376,18378,9194,9184,430,200,230,1038,520,518
2029,265,Kerr County,54441,26377,28064,33296,15743,17553,911,532,379,18759,9375,9384,430,200,230,1045,527,518
2030,265,Kerr County,54600,26445,28155,33056,15629,17427,916,534,382,19144,9553,9591,432,201,231,1052,528,524
2031,265,Kerr County,54733,26512,28221,32796,15511,17285,914,532,382,19520,9729,9791,437,205,232,1066,535,531
2032,265,Kerr County,54873,26572,28301,32537,15388,17149,918,534,384,19906,9904,10002,437,207,230,1075,539,536
2033,265,Kerr County,54955,26612,28343,32246,15253,16993,917,531,386,20263,10074,10189,442,210,232,1087,544,543
2034,265,Kerr County,55033,26650,28383,31940,15113,16827,918,530,388,20633,10245,10388,443,212,231,1099,550,549
2035,265,Kerr County,55100,26675,28425,31632,14966,16666,919,529,390,20994,10409,10585,447,216,231,1108,555,553
2036,265,Kerr County,55157,26702,28455,31325,14828,16497,923,530,393,21347,10572,10775,445,215,230,1117,557,560
2037,265,Kerr County,55205,26727,28478,31012,14686,16326,923,529,394,21706,10738,10968,441,214,227,1123,560,563
2038,265,Kerr County,55251,26747,28504,30701,14547,16154,921,525,396,22056,10900,11156,441,213,228,1132,562,570
2039,265,Kerr County,55278,26767,28511,30384,14403,15981,928,529,399,22385,11055,11330,441,214,227,1140,566,574
2040,265,Kerr County,55325,26795,28530,30069,14263,15806,933,531,402,22730,11216,11514,442,214,228,1151,571,580
2041,265,Kerr County,55374,26819,28555,29767,14127,15640,934,529,405,23076,11376,11700,440,217,223,1157,570,587
2042,265,Kerr County,55407,26835,28572,29459,13988,15471,934,528,406,23411,11532,11879,437,216,221,1166,571,595
2043,265,Kerr County,55475,26867,28608,29176,13868,15308,936,525,411,23753,11685,12068,434,216,218,1176,573,603
2044,265,Kerr County,55534,26903,28631,28889,13742,15147,936,524,412,24099,11853,12246,432,214,218,1178,570,608
2045,265,Kerr County,55608,26935,28673,28621,13623,14998,932,519,413,24435,12007,12428,430,212,218,1190,574,616
2046,265,Kerr County,55685,26983,28702,28362,13516,14846,932,518,414,24770,12166,12604,430,212,218,1191,571,620
2047,265,Kerr County,55770,27029,28741,28109,13409,14700,928,516,412,25105,12318,12787,430,213,217,1198,573,625
2048,265,Kerr County,55877,27088,28789,27884,13318,14566,925,513,412,25435,12469,12966,432,215,217,1201,573,628
2049,265,Kerr County,55972,27149,28823,27655,13227,14428,922,513,409,25757,12618,13139,431,216,215,1207,575,632
2050,265,Kerr County,56080,27205,28875,27433,13138,14295,921,513,408,26087,12763,13324,431,216,215,1208,575,633
2010,267,Kimble County,4607,2281,2326,3450,1686,1764,16,12,4,1077,550,527,19,9,10,45,24,21
2011,267,Kimble County,4570,2256,2314,3406,1656,1750,16,12,4,1083,555,528,19,9,10,46,24,22
2012,267,Kimble County,4539,2239,2300,3364,1631,1733,16,12,4,1093,562,531,19,9,10,47,25,22
2013,267,Kimble County,4513,2225,2288,3324,1609,1715,16,12,4,1106,570,536,19,9,10,48,25,23
2014,267,Kimble County,4487,2210,2277,3278,1581,1697,16,12,4,1125,582,543,19,9,10,49,26,23
2015,267,Kimble County,4464,2199,2265,3233,1557,1676,16,12,4,1146,595,551,19,9,10,50,26,24
2016,267,Kimble County,4440,2189,2251,3185,1531,1654,16,12,4,1169,610,559,19,9,10,51,27,24
2017,267,Kimble County,4420,2179,2241,3143,1507,1636,16,12,4,1190,624,566,19,9,10,52,27,25
2018,267,Kimble County,4387,2163,2224,3089,1477,1612,16,12,4,1210,637,573,19,9,10,53,28,25
2019,267,Kimble County,4365,2151,2214,3046,1453,1593,16,12,4,1230,649,581,19,9,10,54,28,26
2020,267,Kimble County,4344,2141,2203,3007,1432,1575,16,12,4,1247,659,588,19,9,10,55,29,26
2021,267,Kimble County,4309,2121,2188,2957,1402,1555,16,12,4,1261,669,592,19,9,10,56,29,27
2022,267,Kimble County,4277,2106,2171,2909,1376,1533,16,12,4,1276,679,597,19,9,10,57,30,27
2023,267,Kimble County,4245,2088,2157,2858,1346,1512,16,12,4,1295,692,603,19,9,10,57,29,28
2024,267,Kimble County,4208,2070,2138,2810,1319,1491,16,12,4,1307,701,606,19,9,10,56,29,27
2025,267,Kimble County,4177,2054,2123,2762,1294,1468,16,12,4,1323,710,613,19,9,10,57,29,28
2026,267,Kimble County,4141,2031,2110,2715,1266,1449,16,12,4,1335,715,620,19,9,10,56,29,27
2027,267,Kimble County,4117,2019,2098,2675,1243,1432,16,12,4,1352,727,625,19,9,10,55,28,27
2028,267,Kimble County,4088,2006,2082,2630,1219,1411,17,13,4,1366,736,630,19,9,10,56,29,27
2029,267,Kimble County,4044,1978,2066,2578,1187,1391,18,13,5,1373,741,632,19,9,10,56,28,28
2030,267,Kimble County,4011,1961,2050,2537,1163,1374,19,14,5,1380,746,634,19,9,10,56,29,27
2031,267,Kimble County,3979,1937,2042,2491,1133,1358,20,14,6,1393,753,640,18,9,9,57,28,29
2032,267,Kimble County,3944,1916,2028,2445,1105,1340,21,15,6,1403,759,644,18,9,9,57,28,29
2033,267,Kimble County,3906,1899,2007,2404,1083,1321,22,15,7,1405,764,641,18,9,9,57,28,29
2034,267,Kimble County,3864,1875,1989,2359,1058,1301,23,16,7,1406,763,643,18,9,9,58,29,29
2035,267,Kimble County,3822,1856,1966,2315,1037,1278,24,16,8,1406,765,641,18,9,9,59,29,30
2036,267,Kimble County,3790,1845,1945,2280,1021,1259,24,16,8,1408,769,639,18,9,9,60,30,30
2037,267,Kimble County,3753,1831,1922,2243,1005,1238,24,16,8,1407,771,636,18,9,9,61,30,31
2038,267,Kimble County,3719,1817,1902,2205,987,1218,24,16,8,1411,775,636,18,9,9,61,30,31
2039,267,Kimble County,3685,1804,1881,2167,969,1198,24,16,8,1416,781,635,18,9,9,60,29,31
2040,267,Kimble County,3646,1794,1852,2130,953,1177,24,16,8,1413,786,627,18,9,9,61,30,31
2041,267,Kimble County,3605,1779,1826,2093,940,1153,23,15,8,1412,787,625,17,8,9,60,29,31
2042,267,Kimble County,3567,1764,1803,2054,924,1130,23,15,8,1413,789,624,17,8,9,60,28,32
2043,267,Kimble County,3536,1757,1779,2024,914,1110,23,15,8,1411,792,619,17,8,9,61,28,33
2044,267,Kimble County,3497,1741,1756,1986,898,1088,23,15,8,1410,792,618,16,8,8,62,28,34
2045,267,Kimble County,3461,1726,1735,1954,884,1070,23,15,8,1405,791,614,16,8,8,63,28,35
2046,267,Kimble County,3434,1716,1718,1925,871,1054,23,15,8,1406,793,613,16,8,8,64,29,35
2047,267,Kimble County,3404,1702,1702,1896,858,1038,23,15,8,1405,793,612,16,8,8,64,28,36
2048,267,Kimble County,3381,1693,1688,1872,849,1023,23,15,8,1405,793,612,16,8,8,65,28,37
2049,267,Kimble County,3354,1680,1674,1845,839,1006,22,14,8,1406,793,613,15,7,8,66,27,39
2050,267,Kimble County,3322,1665,1657,1817,828,989,23,15,8,1402,787,615,15,7,8,65,28,37
2010,269,King County,286,141,145,242,115,127,0,0,0,39,24,15,0,0,0,5,2,3
2011,269,King County,285,141,144,240,115,125,0,0,0,40,24,16,0,0,0,5,2,3
2012,269,King County,286,143,143,240,116,124,0,0,0,41,25,16,0,0,0,5,2,3
2013,269,King County,289,144,145,242,117,125,0,0,0,42,25,17,0,0,0,5,2,3
2014,269,King County,292,146,146,244,118,126,0,0,0,43,26,17,0,0,0,5,2,3
2015,269,King County,295,147,148,246,119,127,0,0,0,44,26,18,0,0,0,5,2,3
2016,269,King County,298,149,149,248,120,128,0,0,0,45,27,18,0,0,0,5,2,3
2017,269,King County,301,150,151,250,121,129,0,0,0,46,27,19,0,0,0,5,2,3
2018,269,King County,303,152,151,251,122,129,0,0,0,47,28,19,0,0,0,5,2,3
2019,269,King County,306,153,153,253,123,130,0,0,0,48,28,20,0,0,0,5,2,3
2020,269,King County,309,155,154,255,124,131,0,0,0,49,29,20,0,0,0,5,2,3
2021,269,King County,313,156,157,258,125,133,0,0,0,50,29,21,0,0,0,5,2,3
2022,269,King County,317,159,158,261,127,134,0,0,0,51,30,21,0,0,0,5,2,3
2023,269,King County,320,159,161,263,127,136,0,0,0,52,30,22,0,0,0,5,2,3
2024,269,King County,323,161,162,265,128,137,0,0,0,53,31,22,0,0,0,5,2,3
2025,269,King County,326,161,165,267,128,139,0,0,0,54,31,23,0,0,0,5,2,3
2026,269,King County,330,164,166,270,130,140,0,0,0,55,32,23,0,0,0,5,2,3
2027,269,King County,333,164,169,272,130,142,0,0,0,56,32,24,0,0,0,5,2,3
2028,269,King County,337,167,170,275,132,143,0,0,0,57,33,24,0,0,0,5,2,3
2029,269,King County,339,167,172,276,132,144,0,0,0,58,33,25,0,0,0,5,2,3
2030,269,King County,341,169,172,277,133,144,0,0,0,59,34,25,0,0,0,5,2,3
2031,269,King County,343,169,174,278,133,145,0,0,0,60,34,26,0,0,0,5,2,3
2032,269,King County,345,172,173,279,135,144,0,0,0,61,35,26,0,0,0,5,2,3
2033,269,King County,348,173,175,281,136,145,0,0,0,62,35,27,0,0,0,5,2,3
2034,269,King County,349,175,174,281,137,144,0,0,0,63,36,27,0,0,0,5,2,3
2035,269,King County,351,175,176,282,137,145,0,0,0,64,36,28,0,0,0,5,2,3
2036,269,King County,350,176,174,280,137,143,0,0,0,65,37,28,0,0,0,5,2,3
2037,269,King County,352,176,176,281,137,144,0,0,0,66,37,29,0,0,0,5,2,3
2038,269,King County,354,178,176,282,138,144,0,0,0,67,38,29,0,0,0,5,2,3
2039,269,King County,355,177,178,282,137,145,0,0,0,68,38,30,0,0,0,5,2,3
2040,269,King County,357,179,178,283,138,145,0,0,0,69,39,30,0,0,0,5,2,3
2041,269,King County,358,178,180,283,137,146,0,0,0,70,39,31,0,0,0,5,2,3
2042,269,King County,359,179,180,283,137,146,0,0,0,71,40,31,0,0,0,5,2,3
2043,269,King County,361,179,182,284,137,147,0,0,0,72,40,32,0,0,0,5,2,3
2044,269,King County,361,179,182,283,136,147,0,0,0,73,41,32,0,0,0,5,2,3
2045,269,King County,362,178,184,283,135,148,0,0,0,74,41,33,0,0,0,5,2,3
2046,269,King County,364,180,184,284,136,148,0,0,0,75,42,33,0,0,0,5,2,3
2047,269,King County,363,177,186,282,133,149,0,0,0,76,42,34,0,0,0,5,2,3
2048,269,King County,359,176,183,277,131,146,0,0,0,77,43,34,0,0,0,5,2,3
2049,269,King County,359,174,185,276,129,147,0,0,0,78,43,35,0,0,0,5,2,3
2050,269,King County,359,174,185,274,128,146,0,0,0,80,44,36,0,0,0,5,2,3
2010,271,Kinney County,3598,1955,1643,1496,749,747,39,21,18,2004,1153,851,10,5,5,49,27,22
2011,271,Kinney County,3564,1942,1622,1448,728,720,39,21,18,2017,1161,856,10,5,5,50,27,23
2012,271,Kinney County,3539,1934,1605,1408,711,697,39,21,18,2031,1169,862,10,5,5,51,28,23
2013,271,Kinney County,3515,1924,1591,1371,691,680,39,21,18,2043,1179,864,10,5,5,52,28,24
2014,271,Kinney County,3499,1925,1574,1333,673,660,40,22,18,2063,1196,867,10,5,5,53,29,24
2015,271,Kinney County,3486,1923,1563,1302,660,642,41,22,19,2079,1207,872,10,5,5,54,29,25
2016,271,Kinney County,3477,1926,1551,1278,648,630,42,23,19,2092,1220,872,10,5,5,55,30,25
2017,271,Kinney County,3468,1927,1541,1246,633,613,43,23,20,2113,1236,877,10,5,5,56,30,26
2018,271,Kinney County,3467,1939,1528,1220,623,597,44,24,20,2136,1256,880,10,5,5,57,31,26
2019,271,Kinney County,3465,1946,1519,1194,614,580,45,24,21,2158,1272,886,10,5,5,58,31,27
2020,271,Kinney County,3462,1953,1509,1170,602,568,46,25,21,2178,1289,889,10,5,5,58,32,26
2021,271,Kinney County,3458,1954,1504,1148,589,559,46,25,21,2195,1303,892,10,5,5,59,32,27
2022,271,Kinney County,3453,1959,1494,1129,580,549,46,25,21,2208,1316,892,10,5,5,60,33,27
2023,271,Kinney County,3453,1968,1485,1110,573,537,46,25,21,2227,1333,894,10,5,5,60,32,28
2024,271,Kinney County,3444,1970,1474,1084,562,522,46,25,21,2243,1345,898,10,5,5,61,33,28
2025,271,Kinney County,3435,1971,1464,1057,550,507,46,25,21,2260,1358,902,10,5,5,62,33,29
2026,271,Kinney County,3419,1969,1450,1027,536,491,47,26,21,2274,1370,904,10,5,5,61,32,29
2027,271,Kinney County,3413,1970,1443,1003,523,480,48,26,22,2291,1385,906,10,5,5,61,31,30
2028,271,Kinney County,3407,1972,1435,979,510,469,49,27,22,2308,1398,910,10,5,5,61,32,29
2029,271,Kinney County,3392,1966,1426,950,494,456,50,27,23,2320,1408,912,10,5,5,62,32,30
2030,271,Kinney County,3377,1963,1414,923,479,444,51,28,23,2331,1418,913,10,5,5,62,33,29
2031,271,Kinney County,3370,1959,1411,900,465,435,52,28,24,2346,1430,916,10,5,5,62,31,31
2032,271,Kinney County,3356,1956,1400,878,451,427,52,28,24,2353,1440,913,10,5,5,63,32,31
2033,271,Kinney County,3347,1952,1395,859,438,421,52,27,25,2363,1450,913,10,5,5,63,32,31
2034,271,Kinney County,3328,1940,1388,839,424,415,52,27,25,2363,1451,912,10,5,5,64,33,31
2035,271,Kinney County,3322,1940,1382,825,417,408,53,27,26,2368,1457,911,10,5,5,66,34,32
2036,271,Kinney County,3304,1934,1370,811,407,404,54,28,26,2364,1461,903,10,5,5,65,33,32
2037,271,Kinney County,3296,1936,1360,802,401,401,55,28,27,2364,1469,895,10,5,5,65,33,32
2038,271,Kinney County,3283,1934,1349,788,391,397,56,29,27,2363,1475,888,10,5,5,66,34,32
2039,271,Kinney County,3265,1927,1338,776,384,392,57,29,28,2358,1476,882,9,5,4,65,33,32
2040,271,Kinney County,3244,1922,1322,760,376,384,57,30,27,2352,1477,875,9,5,4,66,34,32
2041,271,Kinney County,3224,1919,1305,749,370,379,57,29,28,2344,1482,862,9,5,4,65,33,32
2042,271,Kinney County,3206,1920,1286,737,364,373,58,30,28,2336,1487,849,9,5,4,66,34,32
2043,271,Kinney County,3194,1917,1277,727,358,369,58,30,28,2335,1491,844,9,5,4,65,33,32
2044,271,Kinney County,3177,1911,1266,714,348,366,58,31,27,2332,1495,837,9,5,4,64,32,32
2045,271,Kinney County,3172,1911,1261,706,341,365,57,30,27,2336,1503,833,9,5,4,64,32,32
2046,271,Kinney County,3154,1899,1255,694,333,361,57,31,26,2330,1498,832,9,5,4,64,32,32
2047,271,Kinney County,3144,1893,1251,682,323,359,56,29,27,2335,1506,829,9,5,4,62,30,32
2048,271,Kinney County,3138,1894,1244,672,317,355,56,29,27,2338,1512,826,9,5,4,63,31,32
2049,271,Kinney County,3125,1887,1238,663,313,350,56,29,27,2335,1511,824,9,5,4,62,29,33
2050,271,Kinney County,3123,1890,1233,657,309,348,55,29,26,2339,1517,822,9,5,4,63,30,33
2010,273,Kleberg County,32061,16337,15724,7479,3961,3518,1070,621,449,22495,11183,11312,715,405,310,302,167,135
2011,273,Kleberg County,31906,16280,15626,7279,3858,3421,1059,618,441,22554,11225,11329,708,409,299,306,170,136
2012,273,Kleberg County,31731,16205,15526,7076,3746,3330,1058,620,438,22579,11252,11327,708,415,293,310,172,138
2013,273,Kleberg County,31539,16109,15430,6881,3636,3245,1063,622,441,22575,11261,11314,706,416,290,314,174,140
2014,273,Kleberg County,31366,16022,15344,6700,3532,3168,1074,629,445,22569,11268,11301,704,416,288,319,177,142
2015,273,Kleberg County,31225,15947,15278,6545,3441,3104,1088,636,452,22570,11278,11292,698,412,286,324,180,144
2016,273,Kleberg County,31129,15902,15227,6392,3356,3036,1108,647,461,22610,11309,11301,690,407,283,329,183,146
2017,273,Kleberg County,31057,15863,15194,6265,3278,2987,1121,653,468,22655,11346,11309,683,401,282,333,185,148
2018,273,Kleberg County,31028,15850,15178,6150,3210,2940,1132,661,471,22720,11387,11333,688,405,283,338,187,151
2019,273,Kleberg County,31002,15846,15156,6050,3157,2893,1144,670,474,22774,11424,11350,693,406,287,341,189,152
2020,273,Kleberg County,30987,15857,15130,5951,3102,2849,1156,681,475,22832,11467,11365,700,414,286,348,193,155
2021,273,Kleberg County,30909,15824,15085,5834,3037,2797,1157,679,478,22867,11497,11370,699,415,284,352,196,156
2022,273,Kleberg County,30854,15816,15038,5717,2978,2739,1150,678,472,22925,11538,11387,706,423,283,356,199,157
2023,273,Kleberg County,30792,15795,14997,5591,2915,2676,1153,677,476,22974,11572,11402,712,428,284,362,203,159
2024,273,Kleberg County,30736,15776,14960,5475,2855,2620,1156,679,477,23021,11605,11416,719,432,287,365,205,160
2025,273,Kleberg County,30695,15770,14925,5355,2790,2565,1161,682,479,23077,11647,11430,732,443,289,370,208,162
2026,273,Kleberg County,30639,15753,14886,5238,2729,2509,1173,689,484,23119,11681,11438,736,445,291,373,209,164
2027,273,Kleberg County,30604,15749,14855,5132,2678,2454,1184,697,487,23170,11716,11454,738,445,293,380,213,167
2028,273,Kleberg County,30548,15727,14821,5028,2621,2407,1196,705,491,23200,11739,11461,738,446,292,386,216,170
2029,273,Kleberg County,30513,15721,14792,4933,2570,2363,1207,713,494,23237,11765,11472,746,454,292,390,219,171
2030,273,Kleberg County,30482,15718,14764,4852,2529,2323,1215,719,496,23264,11784,11480,756,465,291,395,221,174
2031,273,Kleberg County,30421,15691,14730,4757,2480,2277,1218,721,497,23292,11804,11488,755,464,291,399,222,177
2032,273,Kleberg County,30328,15653,14675,4667,2432,2235,1212,718,494,23292,11815,11477,752,464,288,405,224,181
2033,273,Kleberg County,30237,15614,14623,4588,2390,2198,1205,715,490,23284,11820,11464,751,463,288,409,226,183
2034,273,Kleberg County,30157,15570,14587,4513,2351,2162,1200,713,487,23278,11819,11459,749,457,292,417,230,187
2035,273,Kleberg County,30067,15537,14530,4444,2318,2126,1194,712,482,23258,11816,11442,755,462,293,416,229,187
2036,273,Kleberg County,29971,15493,14478,4377,2283,2094,1189,711,478,23227,11805,11422,757,463,294,421,231,190
2037,273,Kleberg County,29861,15449,14412,4310,2251,2059,1185,710,475,23179,11787,11392,761,468,293,426,233,193
2038,273,Kleberg County,29748,15392,14356,4249,2217,2032,1183,710,473,23122,11760,11362,766,473,293,428,232,196
2039,273,Kleberg County,29634,15338,14296,4193,2187,2006,1179,710,469,23061,11729,11332,769,476,293,432,236,196
2040,273,Kleberg County,29514,15284,14230,4140,2161,1979,1177,707,470,22985,11696,11289,778,485,293,434,235,199
2041,273,Kleberg County,29386,15230,14156,4088,2132,1956,1172,704,468,22913,11668,11245,776,488,288,437,238,199
2042,273,Kleberg County,29259,15170,14089,4034,2103,1931,1169,702,467,22845,11640,11205,775,490,285,436,235,201
2043,273,Kleberg County,29115,15090,14025,3981,2073,1908,1164,698,466,22757,11592,11165,775,490,285,438,237,201
2044,273,Kleberg County,28967,15019,13948,3925,2039,1886,1162,697,465,22674,11560,11114,769,489,280,437,234,203
2045,273,Kleberg County,28838,14959,13879,3876,2017,1859,1152,692,460,22606,11530,11076,765,485,280,439,235,204
2046,273,Kleberg County,28682,14876,13806,3826,1988,1838,1145,687,458,22516,11486,11030,754,478,276,441,237,204
2047,273,Kleberg County,28541,14805,13736,3777,1963,1814,1138,684,454,22442,11452,10990,747,473,274,437,233,204
2048,273,Kleberg County,28409,14744,13665,3740,1944,1796,1132,680,452,22361,11420,10941,739,467,272,437,233,204
2049,273,Kleberg County,28271,14668,13603,3704,1926,1778,1122,673,449,22281,11378,10903,728,459,269,436,232,204
2050,273,Kleberg County,28144,14605,13539,3669,1908,1761,1117,670,447,22203,11348,10855,720,450,270,435,229,206
2010,275,Knox County,3719,1835,1884,2347,1142,1205,209,98,111,1101,559,542,7,4,3,55,32,23
2011,275,Knox County,3727,1837,1890,2335,1135,1200,208,96,112,1121,570,551,7,4,3,56,32,24
2012,275,Knox County,3741,1845,1896,2326,1131,1195,209,96,113,1142,581,561,7,4,3,57,33,24
2013,275,Knox County,3763,1856,1907,2323,1129,1194,211,97,114,1164,593,571,7,4,3,58,33,25
2014,275,Knox County,3786,1865,1921,2318,1123,1195,215,99,116,1187,605,582,7,4,3,59,34,25
2015,275,Knox County,3813,1876,1937,2318,1121,1197,218,100,118,1210,617,593,7,4,3,60,34,26
2016,275,Knox County,3838,1892,1946,2316,1121,1195,221,102,119,1233,630,603,7,4,3,61,35,26
2017,275,Knox County,3866,1906,1960,2314,1120,1194,224,103,121,1259,644,615,7,4,3,62,35,27
2018,275,Knox County,3888,1917,1971,2308,1117,1191,227,105,122,1282,655,627,7,4,3,64,36,28
2019,275,Knox County,3912,1927,1985,2299,1112,1187,231,107,124,1309,667,642,7,4,3,66,37,29
2020,275,Knox County,3937,1941,1996,2295,1111,1184,234,109,125,1334,680,654,7,4,3,67,37,30
2021,275,Knox County,3960,1951,2009,2291,1107,1184,238,111,127,1356,692,664,7,4,3,68,37,31
2022,275,Knox County,3987,1961,2026,2286,1101,1185,243,113,130,1381,705,676,7,4,3,70,38,32
2023,275,Knox County,4017,1973,2044,2286,1097,1189,246,115,131,1406,718,688,7,4,3,72,39,33
2024,275,Knox County,4043,1988,2055,2282,1094,1188,250,117,133,1430,733,697,7,4,3,74,40,34
2025,275,Knox County,4072,2002,2070,2282,1093,1189,254,119,135,1453,745,708,7,4,3,76,41,35
2026,275,Knox County,4099,2013,2086,2283,1091,1192,256,120,136,1475,756,719,7,4,3,78,42,36
2027,275,Knox County,4115,2017,2098,2275,1084,1191,258,121,137,1495,765,730,7,4,3,80,43,37
2028,275,Knox County,4138,2026,2112,2276,1080,1196,259,122,137,1515,776,739,7,4,3,81,44,37
2029,275,Knox County,4157,2033,2124,2270,1075,1195,262,123,139,1536,787,749,7,4,3,82,44,38
2030,275,Knox County,4165,2036,2129,2263,1068,1195,262,125,137,1549,794,755,7,4,3,84,45,39
2031,275,Knox County,4178,2042,2136,2256,1061,1195,263,125,138,1565,806,759,7,4,3,87,46,41
2032,275,Knox County,4198,2049,2149,2254,1055,1199,264,126,138,1584,817,767,7,4,3,89,47,42
2033,275,Knox County,4216,2056,2160,2250,1051,1199,266,126,140,1602,827,775,7,4,3,91,48,43
2034,275,Knox County,4225,2057,2168,2239,1042,1197,268,127,141,1618,835,783,7,4,3,93,49,44
2035,275,Knox County,4242,2066,2176,2232,1037,1195,271,129,142,1637,846,791,7,4,3,95,50,45
2036,275,Knox County,4253,2069,2184,2221,1028,1193,274,131,143,1654,855,799,7,4,3,97,51,46
2037,275,Knox County,4268,2077,2191,2214,1024,1190,276,131,145,1673,867,806,7,4,3,98,51,47
2038,275,Knox County,4285,2081,2204,2210,1016,1194,278,132,146,1690,876,814,7,4,3,100,53,47
2039,275,Knox County,4309,2086,2223,2209,1010,1199,280,132,148,1710,886,824,7,4,3,103,54,49
2040,275,Knox County,4330,2095,2235,2209,1007,1202,281,133,148,1727,895,832,7,4,3,106,56,50
2041,275,Knox County,4346,2096,2250,2210,1004,1206,282,133,149,1741,901,840,7,4,3,106,54,52
2042,275,Knox County,4361,2101,2260,2203,996,1207,284,135,149,1757,909,848,7,4,3,110,57,53
2043,275,Knox County,4373,2099,2274,2199,989,1210,284,135,149,1772,915,857,7,4,3,111,56,55
2044,275,Knox County,4390,2104,2286,2200,987,1213,285,136,149,1787,922,865,7,4,3,111,55,56
2045,275,Knox County,4384,2095,2289,2198,984,1214,285,136,149,1779,914,865,7,4,3,115,57,58
2046,275,Knox County,4391,2091,2300,2201,978,1223,285,137,148,1782,914,868,7,4,3,116,58,58
2047,275,Knox County,4409,2094,2315,2207,975,1232,282,135,147,1797,924,873,7,4,3,116,56,60
2048,275,Knox County,4412,2092,2320,2206,969,1237,281,135,146,1800,926,874,7,4,3,118,58,60
2049,275,Knox County,4429,2088,2341,2210,964,1246,283,136,147,1809,927,882,7,4,3,120,57,63
2050,275,Knox County,4443,2093,2350,2221,966,1255,281,137,144,1812,927,885,7,4,3,122,59,63
2010,277,Lamar County,49793,24044,25749,37891,18362,19529,6628,3061,3567,3223,1661,1562,304,125,179,1747,835,912
2011,277,Lamar County,49805,24061,25744,37776,18298,19478,6606,3063,3543,3338,1724,1614,309,128,181,1776,848,928
2012,277,Lamar County,49856,24093,25763,37681,18243,19438,6597,3065,3532,3456,1790,1666,314,131,183,1808,864,944
2013,277,Lamar County,49910,24140,25770,37583,18194,19389,6579,3069,3510,3586,1862,1724,319,134,185,1843,881,962
2014,277,Lamar County,49938,24156,25782,37485,18138,19347,6537,3052,3485,3709,1931,1778,324,137,187,1883,898,985
2015,277,Lamar County,49980,24186,25794,37376,18077,19299,6511,3042,3469,3842,2008,1834,329,140,189,1922,919,1003
2016,277,Lamar County,50006,24206,25800,37254,18004,19250,6480,3034,3446,3977,2088,1889,335,144,191,1960,936,1024
2017,277,Lamar County,50022,24246,25776,37121,17936,19185,6444,3036,3408,4121,2171,1950,340,147,193,1996,956,1040
2018,277,Lamar County,50031,24259,25772,36987,17860,19127,6403,3021,3382,4269,2257,2012,346,150,196,2026,971,1055
2019,277,Lamar County,50032,24274,25758,36841,17779,19062,6360,3008,3352,4414,2343,2071,349,152,197,2068,992,1076
2020,277,Lamar County,50014,24270,25744,36693,17686,19007,6314,2992,3322,4557,2433,2124,351,153,198,2099,1006,1093
2021,277,Lamar County,50008,24280,25728,36543,17594,18949,6262,2979,3283,4710,2526,2184,355,155,200,2138,1026,1112
2022,277,Lamar County,49955,24265,25690,36358,17486,18872,6210,2963,3247,4860,2619,2241,358,158,200,2169,1039,1130
2023,277,Lamar County,49896,24253,25643,36170,17378,18792,6157,2950,3207,5012,2714,2298,362,160,202,2195,1051,1144
2024,277,Lamar County,49813,24222,25591,35956,17257,18699,6099,2928,3171,5167,2809,2358,367,164,203,2224,1064,1160
2025,277,Lamar County,49707,24188,25519,35728,17133,18595,6035,2904,3131,5320,2901,2419,372,168,204,2252,1082,1170
2026,277,Lamar County,49579,24139,25440,35489,17002,18487,5963,2879,3084,5471,2989,2482,377,172,205,2279,1097,1182
2027,277,Lamar County,49443,24089,25354,35234,16862,18372,5892,2854,3038,5625,3084,2541,383,176,207,2309,1113,1196
2028,277,Lamar County,49277,24020,25257,34954,16711,18243,5820,2826,2994,5784,3182,2602,388,179,209,2331,1122,1209
2029,277,Lamar County,49108,23948,25160,34667,16555,18112,5742,2795,2947,5951,3282,2669,389,181,208,2359,1135,1224
2030,277,Lamar County,48913,23865,25048,34366,16400,17966,5662,2763,2899,6109,3373,2736,393,183,210,2383,1146,1237
2031,277,Lamar County,48704,23771,24933,34041,16229,17812,5580,2729,2851,6279,3472,2807,399,187,212,2405,1154,1251
2032,277,Lamar County,48489,23672,24817,33718,16058,17660,5490,2686,2804,6453,3575,2878,404,191,213,2424,1162,1262
2033,277,Lamar County,48258,23577,24681,33380,15887,17493,5399,2647,2752,6628,3678,2950,408,194,214,2443,1171,1272
2034,277,Lamar County,48031,23482,24549,33040,15715,17325,5305,2607,2698,6816,3787,3029,410,196,214,2460,1177,1283
2035,277,Lamar County,47786,23378,24408,32687,15537,17150,5216,2568,2648,7001,3892,3109,413,200,213,2469,1181,1288
2036,277,Lamar County,47523,23268,24255,32318,15351,16967,5117,2526,2591,7191,4006,3185,412,201,211,2485,1184,1301
2037,277,Lamar County,47275,23164,24111,31959,15174,16785,5030,2487,2543,7374,4111,3263,412,201,211,2500,1191,1309
2038,277,Lamar County,47030,23062,23968,31573,14985,16588,4955,2451,2504,7577,4230,3347,416,204,212,2509,1192,1317
2039,277,Lamar County,46785,22961,23824,31203,14799,16404,4871,2418,2453,7770,4343,3427,417,206,211,2524,1195,1329
2040,277,Lamar County,46529,22858,23671,30829,14615,16214,4794,2383,2411,7958,4457,3501,418,206,212,2530,1197,1333
2041,277,Lamar County,46267,22743,23524,30446,14425,16021,4730,2353,2377,8136,4560,3576,418,209,209,2537,1196,1341
2042,277,Lamar County,46019,22644,23375,30075,14244,15831,4654,2319,2335,8325,4676,3649,418,208,210,2547,1197,1350
2043,277,Lamar County,45752,22539,23213,29695,14057,15638,4582,2285,2297,8509,4794,3715,419,209,210,2547,1194,1353
2044,277,Lamar County,45508,22443,23065,29332,13881,15451,4512,2252,2260,8704,4916,3788,414,208,206,2546,1186,1360
2045,277,Lamar County,45254,22348,22906,28955,13693,15262,4445,2222,2223,8902,5048,3854,409,204,205,2543,1181,1362
2046,277,Lamar County,45011,22255,22756,28593,13519,15074,4368,2182,2186,9093,5172,3921,410,205,205,2547,1177,1370
2047,277,Lamar County,44769,22169,22600,28233,13343,14890,4307,2155,2152,9275,5295,3980,410,205,205,2544,1171,1373
2048,277,Lamar County,44526,22088,22438,27869,13163,14706,4223,2114,2109,9478,5439,4039,409,207,202,2547,1165,1382
2049,277,Lamar County,44283,22010,22273,27513,12995,14518,4153,2080,2073,9661,5562,4099,408,207,201,2548,1166,1382
2050,277,Lamar County,44041,21923,22118,27172,12821,14351,4078,2045,2033,9840,5692,4148,407,206,201,2544,1159,1385
2010,279,Lamb County,13977,6964,7013,6020,2925,3095,555,281,274,7231,3689,3542,17,4,13,154,65,89
2011,279,Lamb County,13833,6889,6944,5887,2855,3032,557,283,274,7215,3680,3535,17,4,13,157,67,90
2012,279,Lamb County,13723,6825,6898,5770,2790,2980,562,286,276,7213,3676,3537,17,4,13,161,69,92
2013,279,Lamb County,13598,6760,6838,5646,2727,2919,566,288,278,7204,3669,3535,17,4,13,165,72,93
2014,279,Lamb County,13474,6697,6777,5524,2663,2861,570,291,279,7194,3665,3529,17,4,13,169,74,95
2015,279,Lamb County,13356,6629,6727,5414,2604,2810,572,293,279,7183,3655,3528,17,4,13,170,73,97
2016,279,Lamb County,13239,6565,6674,5302,2542,2760,577,297,280,7173,3651,3522,17,4,13,170,71,99
2017,279,Lamb County,13128,6502,6626,5194,2485,2709,580,299,281,7165,3643,3522,17,4,13,172,71,101
2018,279,Lamb County,13018,6436,6582,5091,2428,2663,580,298,282,7156,3635,3521,17,4,13,174,71,103
2019,279,Lamb County,12903,6372,6531,4988,2373,2615,582,298,284,7138,3624,3514,17,4,13,178,73,105
2020,279,Lamb County,12776,6304,6472,4883,2318,2565,583,297,286,7112,3611,3501,17,4,13,181,74,107
2021,279,Lamb County,12672,6248,6424,4789,2269,2520,586,296,290,7095,3603,3492,17,4,13,185,76,109
2022,279,Lamb County,12556,6197,6359,4691,2224,2467,591,297,294,7068,3594,3474,17,4,13,189,78,111
2023,279,Lamb County,12440,6147,6293,4602,2186,2416,596,299,297,7032,3578,3454,17,4,13,193,80,113
2024,279,Lamb County,12306,6086,6220,4503,2138,2365,595,297,298,6994,3565,3429,17,4,13,197,82,115
2025,279,Lamb County,12166,6024,6142,4403,2092,2311,597,299,298,6950,3547,3403,17,4,13,199,82,117
2026,279,Lamb County,12031,5960,6071,4304,2044,2260,600,300,300,6909,3530,3379,17,4,13,201,82,119
2027,279,Lamb County,11901,5899,6002,4205,1995,2210,603,302,301,6872,3514,3358,17,4,13,204,84,120
2028,279,Lamb County,11757,5827,5930,4104,1945,2159,607,303,304,6822,3490,3332,17,4,13,207,85,122
2029,279,Lamb County,11628,5769,5859,4010,1896,2114,613,306,307,6777,3475,3302,17,4,13,211,88,123
2030,279,Lamb County,11493,5700,5793,3920,1848,2072,616,308,308,6727,3452,3275,17,4,13,213,88,125
2031,279,Lamb County,11365,5641,5724,3839,1812,2027,620,310,310,6674,3427,3247,17,4,13,215,88,127
2032,279,Lamb County,11246,5582,5664,3756,1771,1985,624,311,313,6631,3407,3224,17,4,13,218,89,129
2033,279,Lamb County,11101,5513,5588,3666,1725,1941,624,312,312,6574,3383,3191,17,4,13,220,89,131
2034,279,Lamb County,10965,5449,5516,3583,1684,1899,621,311,310,6520,3359,3161,17,4,13,224,91,133
2035,279,Lamb County,10829,5381,5448,3499,1638,1861,622,313,309,6466,3335,3131,17,4,13,225,91,134
2036,279,Lamb County,10679,5310,5369,3405,1596,1809,623,314,309,6405,3303,3102,17,4,13,229,93,136
2037,279,Lamb County,10557,5251,5306,3331,1561,1770,623,315,308,6355,3277,3078,17,4,13,231,94,137
2038,279,Lamb County,10418,5183,5235,3256,1525,1731,621,313,308,6291,3247,3044,17,4,13,233,94,139
2039,279,Lamb County,10263,5113,5150,3174,1488,1686,619,313,306,6221,3215,3006,15,3,12,234,94,140
2040,279,Lamb County,10126,5051,5075,3094,1450,1644,619,314,305,6163,3189,2974,14,3,11,236,95,141
2041,279,Lamb County,9995,4993,5002,3025,1420,1605,616,313,303,6101,3161,2940,14,3,11,239,96,143
2042,279,Lamb County,9871,4945,4926,2964,1398,1566,617,314,303,6039,3135,2904,13,3,10,238,95,143
2043,279,Lamb County,9741,4879,4862,2909,1374,1535,617,314,303,5966,3095,2871,13,3,10,236,93,143
2044,279,Lamb County,9616,4819,4797,2855,1352,1503,616,314,302,5898,3060,2838,13,3,10,234,90,144
2045,279,Lamb County,9491,4764,4727,2802,1329,1473,615,314,301,5823,3026,2797,13,3,10,238,92,146
2046,279,Lamb County,9366,4704,4662,2751,1309,1442,611,312,299,5751,2988,2763,13,3,10,240,92,148
2047,279,Lamb County,9240,4645,4595,2701,1289,1412,611,311,300,5677,2951,2726,12,3,9,239,91,148
2048,279,Lamb County,9123,4579,4544,2653,1265,1388,607,309,298,5609,2911,2698,12,3,9,242,91,151
2049,279,Lamb County,8995,4515,4480,2600,1242,1358,603,307,296,5538,2873,2665,12,3,9,242,90,152
2050,279,Lamb County,8867,4450,4417,2553,1221,1332,601,306,295,5460,2832,2628,12,3,9,241,88,153
2010,281,Lampasas County,19677,9705,9972,14836,7290,7546,581,298,283,3443,1759,1684,184,51,133,633,307,326
2011,281,Lampasas County,19794,9750,10044,14840,7280,7560,592,303,289,3531,1803,1728,186,52,134,645,312,333
2012,281,Lampasas County,19910,9790,10120,14838,7261,7577,603,307,296,3625,1853,1772,188,53,135,656,316,340
2013,281,Lampasas County,20035,9846,10189,14836,7249,7587,613,312,301,3727,1909,1818,190,54,136,669,322,347
2014,281,Lampasas County,20169,9897,10272,14836,7231,7605,625,318,307,3836,1967,1869,191,55,136,681,326,355
2015,281,Lampasas County,20295,9945,10350,14824,7207,7617,638,324,314,3945,2027,1918,193,56,137,695,331,364
2016,281,Lampasas County,20436,10016,10420,14818,7194,7624,655,333,322,4059,2094,1965,195,57,138,709,338,371
2017,281,Lampasas County,20581,10079,10502,14817,7175,7642,669,340,329,4171,2159,2012,196,57,139,728,348,380
2018,281,Lampasas County,20727,10142,10585,14810,7149,7661,683,347,336,4294,2231,2063,197,58,139,743,357,386
2019,281,Lampasas County,20885,10220,10665,14810,7137,7673,694,352,342,4418,2306,2112,199,59,140,764,366,398
2020,281,Lampasas County,21037,10300,10737,14800,7118,7682,707,358,349,4545,2387,2158,199,60,139,786,377,409
2021,281,Lampasas County,21192,10372,10820,14797,7094,7703,717,362,355,4673,2469,2204,200,61,139,805,386,419
2022,281,Lampasas County,21328,10439,10889,14771,7060,7711,725,367,358,4801,2550,2251,201,62,139,830,400,430
2023,281,Lampasas County,21466,10514,10952,14744,7031,7713,735,373,362,4930,2632,2298,199,63,136,858,415,443
2024,281,Lampasas County,21600,10587,11013,14716,7001,7715,742,379,363,5054,2714,2340,200,64,136,888,429,459
2025,281,Lampasas County,21727,10653,11074,14684,6968,7716,750,383,367,5171,2792,2379,201,65,136,921,445,476
2026,281,Lampasas County,21854,10723,11131,14650,6934,7716,760,388,372,5292,2874,2418,202,66,136,950,461,489
2027,281,Lampasas County,21971,10784,11187,14614,6898,7716,764,388,376,5410,2950,2460,202,67,135,981,481,500
2028,281,Lampasas County,22094,10853,11241,14572,6860,7712,772,392,380,5533,3032,2501,203,68,135,1014,501,513
2029,281,Lampasas County,22195,10911,11284,14521,6819,7702,774,392,382,5657,3114,2543,202,69,133,1041,517,524
2030,281,Lampasas County,22284,10970,11314,14469,6782,7687,776,393,383,5770,3190,2580,199,70,129,1070,535,535
2031,281,Lampasas County,22348,11015,11333,14383,6724,7659,778,393,385,5886,3273,2613,198,70,128,1103,555,548
2032,281,Lampasas County,22426,11073,11353,14305,6676,7629,780,393,387,6009,3357,2652,199,71,128,1133,576,557
2033,281,Lampasas County,22469,11102,11367,14209,6618,7591,782,393,389,6121,3429,2692,199,72,127,1158,590,568
2034,281,Lampasas County,22538,11143,11395,14118,6556,7562,787,396,391,6244,3513,2731,201,73,128,1188,605,583
2035,281,Lampasas County,22584,11176,11408,14021,6502,7519,790,396,394,6364,3589,2775,199,72,127,1210,617,593
2036,281,Lampasas County,22607,11201,11406,13917,6439,7478,792,397,395,6469,3663,2806,198,72,126,1231,630,601
2037,281,Lampasas County,22629,11223,11406,13791,6367,7424,793,396,397,6587,3745,2842,198,72,126,1260,643,617
2038,281,Lampasas County,22654,11249,11405,13670,6300,7370,792,395,397,6712,3830,2882,198,73,125,1282,651,631
2039,281,Lampasas County,22668,11269,11399,13548,6231,7317,793,396,397,6833,3911,2922,199,75,124,1295,656,639
2040,281,Lampasas County,22649,11266,11383,13405,6152,7253,794,394,400,6943,3988,2955,199,75,124,1308,657,651
2041,281,Lampasas County,22638,11274,11364,13272,6081,7191,790,392,398,7060,4067,2993,198,75,123,1318,659,659
2042,281,Lampasas County,22623,11285,11338,13129,6000,7129,791,392,399,7174,4152,3022,195,75,120,1334,666,668
2043,281,Lampasas County,22596,11297,11299,12976,5925,7051,789,393,396,7287,4232,3055,195,76,119,1349,671,678
2044,281,Lampasas County,22573,11305,11268,12835,5854,6981,787,393,394,7397,4305,3092,191,77,114,1363,676,687
2045,281,Lampasas County,22573,11321,11252,12697,5783,6914,779,392,387,7520,4383,3137,191,78,113,1386,685,701
2046,281,Lampasas County,22555,11333,11222,12552,5713,6839,775,390,385,7628,4459,3169,192,80,112,1408,691,717
2047,281,Lampasas County,22541,11342,11199,12398,5635,6763,778,392,386,7745,4540,3205,190,79,111,1430,696,734
2048,281,Lampasas County,22528,11353,11175,12240,5560,6680,775,390,385,7873,4620,3253,188,79,109,1452,704,748
2049,281,Lampasas County,22532,11379,11153,12106,5495,6611,776,392,384,7989,4703,3286,185,78,107,1476,711,765
2050,281,Lampasas County,22531,11403,11128,11957,5428,6529,777,394,383,8117,4786,3331,186,79,107,1494,716,778
2010,283,La Salle County,6886,4089,2797,894,465,429,18,17,1,5920,3575,2345,6,3,3,48,29,19
2011,283,La Salle County,7009,4151,2858,902,468,434,18,17,1,6034,3634,2400,6,3,3,49,29,20
2012,283,La Salle County,7144,4219,2925,910,471,439,18,17,1,6160,3698,2462,6,3,3,50,30,20
2013,283,La Salle County,7284,4288,2996,918,475,443,18,17,1,6291,3763,2528,6,3,3,51,30,21
2014,283,La Salle County,7421,4358,3063,926,480,446,18,17,1,6419,3827,2592,6,3,3,52,31,21
2015,283,La Salle County,7556,4420,3136,936,484,452,18,17,1,6543,3885,2658,6,3,3,53,31,22
2016,283,La Salle County,7695,4491,3204,943,488,455,18,17,1,6674,3951,2723,6,3,3,54,32,22
2017,283,La Salle County,7844,4563,3281,954,495,459,18,17,1,6811,4016,2795,6,3,3,55,32,23
2018,283,La Salle County,8000,4644,3356,958,496,462,18,17,1,6962,4095,2867,6,3,3,56,33,23
2019,283,La Salle County,8154,4723,3431,962,498,464,18,17,1,7112,4172,2940,6,3,3,56,33,23
2020,283,La Salle County,8309,4800,3509,963,496,467,19,18,1,7264,4249,3015,6,3,3,57,34,23
2021,283,La Salle County,8479,4894,3585,969,499,470,20,18,2,7427,4340,3087,6,3,3,57,34,23
2022,283,La Salle County,8651,4989,3662,974,503,471,21,19,2,7593,4429,3164,6,3,3,57,35,22
2023,283,La Salle County,8825,5072,3753,978,505,473,22,19,3,7762,4511,3251,6,3,3,57,34,23
2024,283,La Salle County,9000,5162,3838,984,507,477,23,20,3,7929,4597,3332,6,3,3,58,35,23
2025,283,La Salle County,9175,5252,3923,993,514,479,24,20,4,8093,4680,3413,6,3,3,59,35,24
2026,283,La Salle County,9332,5333,3999,994,514,480,25,21,4,8248,4759,3489,6,3,3,59,36,23
2027,283,La Salle County,9493,5416,4077,994,512,482,26,21,5,8407,4844,3563,6,3,3,60,36,24
2028,283,La Salle County,9643,5498,4145,991,509,482,26,21,5,8559,4928,3631,6,3,3,61,37,24
2029,283,La Salle County,9804,5579,4225,990,507,483,27,21,6,8720,5012,3708,6,3,3,61,36,25
2030,283,La Salle County,9956,5656,4300,983,500,483,28,22,6,8877,5094,3783,6,3,3,62,37,25
2031,283,La Salle County,10115,5736,4379,981,497,484,28,21,7,9036,5178,3858,6,3,3,64,37,27
2032,283,La Salle County,10262,5807,4455,975,491,484,29,22,7,9188,5254,3934,6,3,3,64,37,27
2033,283,La Salle County,10404,5877,4527,970,488,482,30,22,8,9334,5328,4006,6,3,3,64,36,28
2034,283,La Salle County,10538,5948,4590,963,485,478,31,23,8,9473,5400,4073,6,3,3,65,37,28
2035,283,La Salle County,10684,6025,4659,956,482,474,33,24,9,9623,5479,4144,6,3,3,66,37,29
2036,283,La Salle County,10830,6111,4719,948,481,467,34,25,9,9775,5563,4212,6,3,3,67,39,28
2037,283,La Salle County,10975,6186,4789,942,480,462,35,25,10,9924,5639,4285,6,3,3,68,39,29
2038,283,La Salle County,11124,6264,4860,935,478,457,36,26,10,10080,5719,4361,6,3,3,67,38,29
2039,283,La Salle County,11261,6339,4922,926,475,451,37,26,11,10225,5797,4428,6,3,3,67,38,29
2040,283,La Salle County,11414,6416,4998,922,474,448,38,27,11,10380,5873,4507,6,3,3,68,39,29
2041,283,La Salle County,11551,6491,5060,917,473,444,39,27,12,10519,5948,4571,6,3,3,70,40,30
2042,283,La Salle County,11689,6557,5132,913,470,443,39,27,12,10663,6018,4645,6,3,3,68,39,29
2043,283,La Salle County,11832,6634,5198,908,468,440,40,27,13,10810,6097,4713,6,3,3,68,39,29
2044,283,La Salle County,11976,6703,5273,905,467,438,41,28,13,10958,6168,4790,6,3,3,66,37,29
2045,283,La Salle County,12131,6785,5346,904,467,437,42,28,14,11110,6248,4862,6,3,3,69,39,30
2046,283,La Salle County,12296,6870,5426,902,467,435,43,29,14,11275,6332,4943,6,3,3,70,39,31
2047,283,La Salle County,12444,6945,5499,898,466,432,43,28,15,11429,6411,5018,6,3,3,68,37,31
2048,283,La Salle County,12584,7020,5564,894,465,429,44,29,15,11571,6484,5087,6,3,3,69,39,30
2049,283,La Salle County,12730,7095,5635,889,463,426,45,29,16,11720,6561,5159,6,3,3,70,39,31
2050,283,La Salle County,12898,7179,5719,889,462,427,46,30,16,11886,6645,5241,6,3,3,71,39,32
2010,285,Lavaca County,19263,9416,9847,14674,7109,7565,1255,612,643,3077,1567,1510,56,18,38,201,110,91
2011,285,Lavaca County,19350,9468,9882,14643,7104,7539,1261,617,644,3183,1616,1567,56,18,38,207,113,94
2012,285,Lavaca County,19441,9518,9923,14603,7091,7512,1271,623,648,3297,1669,1628,57,19,38,213,116,97
2013,285,Lavaca County,19562,9583,9979,14587,7094,7493,1284,629,655,3414,1722,1692,58,19,39,219,119,100
2014,285,Lavaca County,19683,9648,10035,14561,7090,7471,1297,637,660,3540,1778,1762,59,20,39,226,123,103
2015,285,Lavaca County,19818,9713,10105,14546,7086,7460,1309,643,666,3669,1837,1832,60,20,40,234,127,107
2016,285,Lavaca County,19978,9790,10188,14552,7092,7460,1325,651,674,3797,1894,1903,61,21,40,243,132,111
2017,285,Lavaca County,20155,9875,10280,14576,7108,7468,1335,656,679,3931,1954,1977,62,21,41,251,136,115
2018,285,Lavaca County,20324,9951,10373,14588,7112,7476,1345,661,684,4068,2015,2053,63,22,41,260,141,119
2019,285,Lavaca County,20522,10051,10471,14620,7133,7487,1359,672,687,4208,2076,2132,64,22,42,271,148,123
2020,285,Lavaca County,20735,10151,10584,14662,7154,7508,1371,678,693,4355,2144,2211,65,23,42,282,152,130
2021,285,Lavaca County,20958,10258,10700,14716,7179,7537,1378,686,692,4502,2210,2292,67,23,44,295,160,135
2022,285,Lavaca County,21191,10365,10826,14777,7205,7572,1380,689,691,4655,2280,2375,69,24,45,310,167,143
2023,285,Lavaca County,21426,10476,10950,14834,7237,7597,1389,696,693,4813,2347,2466,71,24,47,319,172,147
2024,285,Lavaca County,21679,10595,11084,14896,7271,7625,1401,700,701,4978,2420,2558,73,25,48,331,179,152
2025,285,Lavaca County,21945,10721,11224,14962,7305,7657,1406,705,701,5156,2497,2659,75,25,50,346,189,157
2026,285,Lavaca County,22200,10838,11362,15027,7339,7688,1405,706,699,5335,2573,2762,76,26,50,357,194,163
2027,285,Lavaca County,22487,10965,11522,15104,7379,7725,1414,712,702,5523,2648,2875,77,26,51,369,200,169
2028,285,Lavaca County,22783,11102,11681,15179,7416,7763,1420,717,703,5725,2736,2989,78,27,51,381,206,175
2029,285,Lavaca County,23065,11231,11834,15256,7456,7800,1426,722,704,5914,2817,3097,79,27,52,390,209,181
2030,285,Lavaca County,23366,11369,11997,15332,7499,7833,1435,727,708,6119,2902,3217,81,28,53,399,213,186
2031,285,Lavaca County,23641,11495,12146,15400,7537,7863,1438,728,710,6310,2983,3327,84,29,55,409,218,191
2032,285,Lavaca County,23916,11609,12307,15465,7566,7899,1440,730,710,6504,3059,3445,87,30,57,420,224,196
2033,285,Lavaca County,24216,11746,12470,15546,7613,7933,1438,728,710,6715,3148,3567,90,31,59,427,226,201
2034,285,Lavaca County,24506,11868,12638,15604,7643,7961,1431,724,707,6940,3236,3704,93,32,61,438,233,205
2035,285,Lavaca County,24804,11999,12805,15679,7685,7994,1423,719,704,7159,3323,3836,96,33,63,447,239,208
2036,285,Lavaca County,25101,12125,12976,15751,7727,8024,1419,718,701,7376,3402,3974,98,34,64,457,244,213
2037,285,Lavaca County,25412,12258,13154,15828,7767,8061,1413,714,699,7603,3490,4113,99,35,64,469,252,217
2038,285,Lavaca County,25742,12394,13348,15901,7805,8096,1412,712,700,7847,3583,4264,101,36,65,481,258,223
2039,285,Lavaca County,26059,12540,13519,15971,7847,8124,1412,714,698,8081,3680,4401,103,37,66,492,262,230
2040,285,Lavaca County,26411,12695,13716,16063,7897,8166,1413,715,698,8329,3779,4550,105,38,67,501,266,235
2041,285,Lavaca County,26771,12841,13930,16152,7935,8217,1410,716,694,8590,3879,4711,106,39,67,513,272,241
2042,285,Lavaca County,27121,12992,14129,16242,7979,8263,1404,714,690,8843,3982,4861,107,40,67,525,277,248
2043,285,Lavaca County,27487,13146,14341,16338,8028,8310,1402,715,687,9107,4083,5024,109,41,68,531,279,252
2044,285,Lavaca County,27888,13314,14574,16455,8090,8365,1395,713,682,9386,4186,5200,109,42,67,543,283,260
2045,285,Lavaca County,28313,13495,14818,16566,8146,8420,1394,714,680,9682,4300,5382,110,43,67,561,292,269
2046,285,Lavaca County,28748,13684,15064,16683,8207,8476,1388,712,676,9988,4420,5568,111,44,67,578,301,277
2047,285,Lavaca County,29205,13880,15325,16808,8267,8541,1386,712,674,10305,4548,5757,113,45,68,593,308,285
2048,285,Lavaca County,29672,14088,15584,16947,8340,8607,1384,709,675,10618,4676,5942,113,46,67,610,317,293
2049,285,Lavaca County,30145,14299,15846,17089,8415,8674,1380,711,669,10940,4807,6133,113,46,67,623,320,303
2050,285,Lavaca County,30624,14508,16116,17218,8480,8738,1380,712,668,11273,4942,6331,114,47,67,639,327,312
2010,287,Lee County,16612,8410,8202,10798,5343,5455,1772,940,832,3724,1966,1758,52,28,24,266,133,133
2011,287,Lee County,16698,8449,8249,10797,5340,5457,1780,943,837,3798,2003,1795,53,28,25,270,135,135
2012,287,Lee County,16801,8503,8298,10795,5341,5454,1796,950,846,3880,2045,1835,54,29,25,276,138,138
2013,287,Lee County,16906,8555,8351,10790,5339,5451,1815,959,856,3964,2087,1877,55,29,26,282,141,141
2014,287,Lee County,17007,8610,8397,10786,5342,5444,1827,964,863,4051,2130,1921,56,30,26,287,144,143
2015,287,Lee County,17102,8655,8447,10767,5333,5434,1841,969,872,4142,2175,1967,57,30,27,295,148,147
2016,287,Lee County,17201,8712,8489,10753,5333,5420,1856,975,881,4232,2221,2011,58,31,27,302,152,150
2017,287,Lee County,17298,8759,8539,10746,5329,5417,1861,977,884,4324,2267,2057,59,31,28,308,155,153
2018,287,Lee County,17407,8828,8579,10743,5332,5411,1868,986,882,4420,2318,2102,60,32,28,316,160,156
2019,287,Lee County,17502,8872,8630,10729,5321,5408,1873,990,883,4515,2365,2150,61,32,29,324,164,160
2020,287,Lee County,17595,8921,8674,10714,5316,5398,1879,992,887,4608,2412,2196,62,33,29,332,168,164
2021,287,Lee County,17691,8971,8720,10695,5307,5388,1887,999,888,4706,2460,2246,63,33,30,340,172,168
2022,287,Lee County,17787,9020,8767,10680,5300,5380,1891,999,892,4803,2510,2293,64,34,30,349,177,172
2023,287,Lee County,17881,9068,8813,10665,5292,5373,1901,1005,896,4892,2555,2337,65,34,31,358,182,176
2024,287,Lee County,17971,9114,8857,10651,5286,5365,1899,1004,895,4987,2602,2385,66,35,31,368,187,181
2025,287,Lee County,18058,9159,8899,10633,5278,5355,1898,1005,893,5080,2647,2433,67,35,32,380,194,186
2026,287,Lee County,18142,9203,8939,10618,5276,5342,1900,1004,896,5166,2688,2478,68,36,32,390,199,191
2027,287,Lee County,18224,9240,8984,10606,5270,5336,1897,1000,897,5252,2729,2523,69,36,33,400,205,195
2028,287,Lee County,18289,9270,9019,10580,5260,5320,1892,996,896,5336,2766,2570,70,37,33,411,211,200
2029,287,Lee County,18349,9289,9060,10554,5242,5312,1890,995,895,5415,2800,2615,71,37,34,419,215,204
2030,287,Lee County,18394,9309,9085,10522,5230,5292,1887,993,894,5485,2828,2657,72,38,34,428,220,208
2031,287,Lee County,18425,9321,9104,10477,5210,5267,1886,993,893,5553,2857,2696,73,38,35,436,223,213
2032,287,Lee County,18471,9340,9131,10444,5194,5250,1878,988,890,5632,2893,2739,74,39,35,443,226,217
2033,287,Lee County,18483,9334,9149,10399,5174,5225,1860,972,888,5696,2919,2777,75,39,36,453,230,223
2034,287,Lee County,18491,9325,9166,10352,5145,5207,1850,963,887,5753,2944,2809,76,40,36,460,233,227
2035,287,Lee County,18484,9312,9172,10303,5121,5182,1830,949,881,5811,2970,2841,76,39,37,464,233,231
2036,287,Lee County,18481,9314,9167,10243,5096,5147,1818,944,874,5872,2998,2874,77,40,37,471,236,235
2037,287,Lee County,18484,9315,9169,10192,5069,5123,1801,937,864,5936,3029,2907,78,40,38,477,240,237
2038,287,Lee County,18495,9317,9178,10149,5048,5101,1791,931,860,5993,3054,2939,79,41,38,483,243,240
2039,287,Lee County,18479,9306,9173,10091,5019,5072,1778,926,852,6044,3076,2968,80,41,39,486,244,242
2040,287,Lee County,18459,9300,9159,10026,4988,5038,1763,920,843,6099,3105,2994,79,41,38,492,246,246
2041,287,Lee County,18445,9297,9148,9960,4956,5004,1751,917,834,6157,3136,3021,80,41,39,497,247,250
2042,287,Lee County,18424,9283,9141,9894,4918,4976,1741,916,825,6204,3157,3047,80,41,39,505,251,254
2043,287,Lee County,18392,9265,9127,9827,4888,4939,1728,909,819,6246,3177,3069,81,41,40,510,250,260
2044,287,Lee County,18365,9262,9103,9766,4864,4902,1713,902,811,6288,3202,3086,81,41,40,517,253,264
2045,287,Lee County,18360,9264,9096,9706,4839,4867,1704,898,806,6342,3229,3113,82,41,41,526,257,269
2046,287,Lee County,18351,9256,9095,9647,4810,4837,1698,896,802,6386,3244,3142,84,43,41,536,263,273
2047,287,Lee County,18320,9241,9079,9579,4780,4799,1688,893,795,6427,3261,3166,84,42,42,542,265,277
2048,287,Lee County,18320,9239,9081,9525,4753,4772,1681,889,792,6480,3285,3195,84,43,41,550,269,281
2049,287,Lee County,18310,9229,9081,9471,4728,4743,1676,889,787,6529,3305,3224,85,43,42,549,264,285
2050,287,Lee County,18280,9220,9060,9413,4707,4706,1662,883,779,6566,3320,3246,86,44,42,553,266,287
2010,289,Leon County,16801,8385,8416,13078,6501,6577,1181,561,620,2260,1205,1055,75,25,50,207,93,114
2011,289,Leon County,16870,8425,8445,13087,6506,6581,1183,566,617,2310,1231,1079,76,25,51,214,97,117
2012,289,Leon County,16938,8462,8476,13092,6505,6587,1185,572,613,2363,1258,1105,77,26,51,221,101,120
2013,289,Leon County,17021,8504,8517,13110,6511,6599,1189,577,612,2417,1285,1132,77,26,51,228,105,123
2014,289,Leon County,17123,8555,8568,13139,6525,6614,1196,582,614,2474,1313,1161,79,27,52,235,108,127
2015,289,Leon County,17227,8598,8629,13164,6529,6635,1205,587,618,2535,1343,1192,80,27,53,243,112,131
2016,289,Leon County,17322,8644,8678,13187,6536,6651,1208,590,618,2595,1374,1221,81,28,53,251,116,135
2017,289,Leon County,17414,8683,8731,13210,6540,6670,1216,594,622,2645,1399,1246,82,28,54,261,122,139
2018,289,Leon County,17504,8726,8778,13233,6546,6687,1215,597,618,2702,1428,1274,84,29,55,270,126,144
2019,289,Leon County,17617,8786,8831,13274,6565,6709,1214,599,615,2763,1459,1304,86,30,56,280,133,147
2020,289,Leon County,17707,8833,8874,13296,6578,6718,1215,601,614,2822,1488,1334,88,31,57,286,135,151
2021,289,Leon County,17805,8882,8923,13323,6588,6735,1217,602,615,2879,1518,1361,90,32,58,296,142,154
2022,289,Leon County,17905,8938,8967,13355,6608,6747,1213,602,611,2937,1547,1390,92,33,59,308,148,160
2023,289,Leon County,18006,8984,9022,13387,6620,6767,1211,602,609,2996,1575,1421,94,34,60,318,153,165
2024,289,Leon County,18105,9031,9074,13406,6626,6780,1213,604,609,3060,1607,1453,96,35,61,330,159,171
2025,289,Leon County,18202,9076,9126,13429,6634,6795,1212,605,607,3121,1635,1486,98,36,62,342,166,176
2026,289,Leon County,18281,9115,9166,13434,6637,6797,1213,606,607,3183,1665,1518,100,37,63,351,170,181
2027,289,Leon County,18353,9148,9205,13436,6633,6803,1208,605,603,3246,1698,1548,102,38,64,361,174,187
2028,289,Leon County,18401,9165,9236,13424,6623,6801,1203,603,600,3300,1721,1579,104,39,65,370,179,191
2029,289,Leon County,18447,9183,9264,13407,6609,6798,1202,605,597,3355,1746,1609,106,40,66,377,183,194
2030,289,Leon County,18488,9204,9284,13388,6601,6787,1195,601,594,3411,1774,1637,108,41,67,386,187,199
2031,289,Leon County,18501,9214,9287,13343,6578,6765,1194,605,589,3461,1797,1664,109,42,67,394,192,202
2032,289,Leon County,18517,9213,9304,13312,6558,6754,1185,601,584,3510,1816,1694,110,43,67,400,195,205
2033,289,Leon County,18515,9204,9311,13260,6530,6730,1176,597,579,3560,1836,1724,112,44,68,407,197,210
2034,289,Leon County,18513,9202,9311,13213,6512,6701,1167,592,575,3605,1852,1753,114,45,69,414,201,213
2035,289,Leon County,18525,9206,9319,13180,6502,6678,1159,586,573,3649,1867,1782,114,45,69,423,206,217
2036,289,Leon County,18522,9210,9312,13147,6494,6653,1148,582,566,3684,1879,1805,116,46,70,427,209,218
2037,289,Leon County,18520,9207,9313,13111,6477,6634,1136,576,560,3721,1892,1829,117,47,70,435,215,220
2038,289,Leon County,18526,9211,9315,13072,6465,6607,1128,570,558,3765,1909,1856,119,48,71,442,219,223
2039,289,Leon County,18537,9214,9323,13044,6454,6590,1120,565,555,3808,1929,1879,119,48,71,446,218,228
2040,289,Leon County,18570,9230,9340,13030,6448,6582,1107,559,548,3859,1953,1906,120,49,71,454,221,233
2041,289,Leon County,18589,9249,9340,13015,6447,6568,1095,556,539,3895,1970,1925,121,49,72,463,227,236
2042,289,Leon County,18619,9268,9351,13012,6448,6564,1087,554,533,3922,1983,1939,123,50,73,475,233,242
2043,289,Leon County,18636,9278,9358,13006,6450,6556,1075,548,527,3946,1991,1955,125,51,74,484,238,246
2044,289,Leon County,18689,9312,9377,13017,6463,6554,1069,545,524,3985,2011,1974,127,52,75,491,241,250
2045,289,Leon County,18764,9350,9414,13046,6486,6560,1058,538,520,4027,2025,2002,128,53,75,505,248,257
2046,289,Leon County,18824,9374,9450,13070,6497,6573,1051,532,519,4057,2038,2019,128,53,75,518,254,264
2047,289,Leon County,18903,9418,9485,13105,6521,6584,1049,531,518,4093,2055,2038,128,53,75,528,258,270
2048,289,Leon County,18953,9438,9515,13127,6535,6592,1042,527,515,4118,2060,2058,128,53,75,538,263,275
2049,289,Leon County,19028,9474,9554,13166,6559,6607,1042,530,512,4142,2065,2077,130,54,76,548,266,282
2050,289,Leon County,19107,9504,9603,13203,6574,6629,1036,526,510,4178,2079,2099,132,55,77,558,270,288
2010,291,Liberty County,75643,37190,38453,52321,25549,26772,8074,3798,4276,13602,7066,6536,337,158,179,1309,619,690
2011,291,Liberty County,76525,37632,38893,52573,25671,26902,8081,3797,4284,14187,7367,6820,345,163,182,1339,634,705
2012,291,Liberty County,77426,38077,39349,52831,25791,27040,8080,3792,4288,14793,7679,7114,352,167,185,1370,648,722
2013,291,Liberty County,78370,38545,39825,53086,25909,27177,8101,3797,4304,15425,8005,7420,359,171,188,1399,663,736
2014,291,Liberty County,79314,39015,40299,53344,26023,27321,8101,3796,4305,16073,8342,7731,367,176,191,1429,678,751
2015,291,Liberty County,80282,39500,40782,53594,26140,27454,8108,3795,4313,16743,8687,8056,374,180,194,1463,698,765
2016,291,Liberty County,81276,39996,41280,53833,26253,27580,8120,3800,4320,17445,9049,8396,383,185,198,1495,709,786
2017,291,Liberty County,82270,40482,41788,54057,26354,27703,8138,3802,4336,18160,9414,8746,388,189,199,1527,723,804
2018,291,Liberty County,83266,40974,42292,54269,26452,27817,8140,3799,4341,18892,9788,9104,393,193,200,1572,742,830
2019,291,Liberty County,84266,41471,42795,54460,26537,27923,8138,3794,4344,19653,10181,9472,399,197,202,1616,762,854
2020,291,Liberty County,85270,41970,43300,54650,26623,28027,8135,3787,4348,20418,10573,9845,407,203,204,1660,784,876
2021,291,Liberty County,86311,42493,43818,54848,26718,28130,8127,3781,4346,21215,10979,10236,415,208,207,1706,807,899
2022,291,Liberty County,87336,43011,44325,55015,26798,28217,8118,3773,4345,22026,11393,10633,424,213,211,1753,834,919
2023,291,Liberty County,88374,43530,44844,55172,26872,28300,8108,3766,4342,22864,11817,11047,431,220,211,1799,855,944
2024,291,Liberty County,89412,44046,45366,55293,26920,28373,8093,3756,4337,23746,12270,11476,444,229,215,1836,871,965
2025,291,Liberty County,90435,44569,45866,55378,26958,28420,8082,3748,4334,24641,12732,11909,453,236,217,1881,895,986
2026,291,Liberty County,91443,45079,46364,55448,26992,28456,8052,3733,4319,25555,13202,12353,461,241,220,1927,911,1016
2027,291,Liberty County,92447,45584,46863,55474,26992,28482,8030,3724,4306,26501,13690,12811,468,246,222,1974,932,1042
2028,291,Liberty County,93404,46057,47347,55449,26967,28482,8000,3700,4300,27463,14187,13276,476,253,223,2016,950,1066
2029,291,Liberty County,94418,46577,47841,55429,26952,28477,7982,3692,4290,28460,14700,13760,479,258,221,2068,975,1093
2030,291,Liberty County,95401,47073,48328,55353,26911,28442,7960,3672,4288,29486,15228,14258,485,264,221,2117,998,1119
2031,291,Liberty County,96388,47580,48808,55249,26858,28391,7940,3660,4280,30546,15777,14769,486,266,220,2167,1019,1148
2032,291,Liberty County,97363,48070,49293,55117,26782,28335,7912,3639,4273,31626,16332,15294,491,272,219,2217,1045,1172
2033,291,Liberty County,98367,48580,49787,54965,26711,28254,7884,3618,4266,32750,16904,15846,500,277,223,2268,1070,1198
2034,291,Liberty County,99361,49080,50281,54787,26614,28173,7856,3600,4256,33897,17494,16403,508,283,225,2313,1089,1224
2035,291,Liberty County,100357,49585,50772,54591,26522,28069,7822,3572,4250,35062,18087,16975,517,290,227,2365,1114,1251
2036,291,Liberty County,101378,50110,51268,54395,26425,27970,7794,3555,4239,36257,18702,17555,526,297,229,2406,1131,1275
2037,291,Liberty County,102399,50628,51771,54166,26308,27858,7758,3531,4227,37483,19331,18152,535,305,230,2457,1153,1304
2038,291,Liberty County,103433,51156,52277,53928,26198,27730,7719,3500,4219,38736,19973,18763,545,313,232,2505,1172,1333
2039,291,Liberty County,104492,51689,52803,53698,26082,27616,7687,3478,4209,39998,20614,19384,555,323,232,2554,1192,1362
2040,291,Liberty County,105574,52231,53343,53445,25958,27487,7654,3457,4197,41304,21273,20031,564,331,233,2607,1212,1395
2041,291,Liberty County,106678,52802,53876,53198,25844,27354,7624,3436,4188,42621,21944,20677,573,343,230,2662,1235,1427
2042,291,Liberty County,107829,53374,54455,52959,25728,27231,7594,3414,4180,43980,22630,21350,581,349,232,2715,1253,1462
2043,291,Liberty County,108993,53967,55026,52717,25614,27103,7571,3397,4174,45349,23327,22022,593,360,233,2763,1269,1494
2044,291,Liberty County,110176,54563,55613,52472,25496,26976,7536,3375,4161,46750,24038,22712,603,370,233,2815,1284,1531
2045,291,Liberty County,111414,55195,56219,52250,25390,26860,7509,3364,4145,48175,24758,23417,610,378,232,2870,1305,1565
2046,291,Liberty County,112692,55834,56858,52022,25287,26735,7489,3343,4146,49635,25494,24141,620,387,233,2926,1323,1603
2047,291,Liberty County,113998,56496,57502,51799,25181,26618,7462,3328,4134,51116,26243,24873,631,398,233,2990,1346,1644
2048,291,Liberty County,115336,57187,58149,51581,25084,26497,7437,3317,4120,52621,27007,25614,635,404,231,3062,1375,1687
2049,291,Liberty County,116694,57883,58811,51348,24980,26368,7413,3305,4108,54152,27781,26371,645,412,233,3136,1405,1731
2050,291,Liberty County,118081,58582,59499,51132,24877,26255,7384,3292,4092,55701,28563,27138,652,417,235,3212,1433,1779
2010,293,Limestone County,23384,12122,11262,14433,7321,7112,4041,2037,2004,4465,2544,1921,84,43,41,361,177,184
2011,293,Limestone County,23379,12113,11266,14347,7277,7070,4026,2032,1994,4552,2580,1972,85,43,42,369,181,188
2012,293,Limestone County,23401,12115,11286,14264,7230,7034,4026,2033,1993,4647,2622,2025,86,44,42,378,186,192
2013,293,Limestone County,23430,12133,11297,14190,7196,6994,4019,2035,1984,4748,2668,2080,87,44,43,386,190,196
2014,293,Limestone County,23463,12141,11322,14119,7160,6959,4013,2030,1983,4847,2710,2137,88,45,43,396,196,200
2015,293,Limestone County,23481,12139,11342,14040,7117,6923,4001,2025,1976,4945,2750,2195,89,45,44,406,202,204
2016,293,Limestone County,23506,12148,11358,13959,7073,6886,3999,2028,1971,5041,2793,2248,90,46,44,417,208,209
2017,293,Limestone County,23538,12150,11388,13883,7032,6851,3989,2021,1968,5144,2837,2307,91,46,45,431,214,217
2018,293,Limestone County,23556,12145,11411,13791,6978,6813,3988,2023,1965,5242,2878,2364,92,47,45,443,219,224
2019,293,Limestone County,23544,12123,11421,13684,6916,6768,3973,2015,1958,5342,2922,2420,93,47,46,452,223,229
2020,293,Limestone County,23544,12113,11431,13579,6857,6722,3960,2014,1946,5445,2963,2482,94,48,46,466,231,235
2021,293,Limestone County,23559,12110,11449,13488,6806,6682,3952,2012,1940,5548,3006,2542,95,48,47,476,238,238
2022,293,Limestone County,23574,12100,11474,13390,6752,6638,3947,2008,1939,5648,3045,2603,96,49,47,493,246,247
2023,293,Limestone County,23578,12081,11497,13282,6684,6598,3938,2004,1934,5756,3091,2665,97,49,48,505,253,252
2024,293,Limestone County,23552,12046,11506,13156,6616,6540,3927,1993,1934,5854,3128,2726,98,50,48,517,259,258
2025,293,Limestone County,23531,12027,11504,13032,6547,6485,3920,1993,1927,5950,3170,2780,99,50,49,530,267,263
2026,293,Limestone County,23487,11992,11495,12894,6472,6422,3914,1986,1928,6038,3211,2827,100,51,49,541,272,269
2027,293,Limestone County,23438,11953,11485,12759,6397,6362,3893,1975,1918,6131,3252,2879,101,51,50,554,278,276
2028,293,Limestone County,23374,11905,11469,12603,6318,6285,3879,1963,1916,6231,3293,2938,102,52,50,559,279,280
2029,293,Limestone County,23315,11855,11460,12458,6235,6223,3868,1957,1911,6324,3329,2995,101,52,49,564,282,282
2030,293,Limestone County,23240,11794,11446,12304,6153,6151,3840,1937,1903,6421,3365,3056,102,53,49,573,286,287
2031,293,Limestone County,23165,11741,11424,12142,6071,6071,3822,1921,1901,6515,3405,3110,103,53,50,583,291,292
2032,293,Limestone County,23072,11665,11407,11974,5980,5994,3801,1904,1897,6607,3436,3171,102,53,49,588,292,296
2033,293,Limestone County,22975,11584,11391,11818,5900,5918,3767,1874,1893,6690,3463,3227,103,53,50,597,294,303
2034,293,Limestone County,22878,11514,11364,11648,5806,5842,3755,1864,1891,6770,3494,3276,103,53,50,602,297,305
2035,293,Limestone County,22762,11434,11328,11481,5720,5761,3724,1838,1886,6843,3521,3322,104,53,51,610,302,308
2036,293,Limestone County,22653,11359,11294,11321,5640,5681,3693,1818,1875,6919,3543,3376,103,53,50,617,305,312
2037,293,Limestone County,22549,11280,11269,11158,5555,5603,3668,1803,1865,6995,3562,3433,104,53,51,624,307,317
2038,293,Limestone County,22448,11214,11234,11000,5473,5527,3644,1788,1856,7066,3585,3481,102,53,49,636,315,321
2039,293,Limestone County,22331,11138,11193,10837,5386,5451,3615,1772,1843,7134,3610,3524,102,53,49,643,317,326
2040,293,Limestone County,22239,11074,11165,10694,5314,5380,3585,1755,1830,7209,3635,3574,104,54,50,647,316,331
2041,293,Limestone County,22129,11004,11125,10544,5238,5306,3547,1737,1810,7286,3661,3625,104,54,50,648,314,334
2042,293,Limestone County,22013,10928,11085,10397,5168,5229,3518,1714,1804,7336,3672,3664,103,55,48,659,319,340
2043,293,Limestone County,21903,10858,11045,10258,5099,5159,3486,1698,1788,7394,3688,3706,104,55,49,661,318,343
2044,293,Limestone County,21831,10805,11026,10130,5036,5094,3459,1682,1777,7464,3705,3759,105,56,49,673,326,347
2045,293,Limestone County,21714,10729,10985,9995,4965,5030,3423,1665,1758,7521,3723,3798,105,56,49,670,320,350
2046,293,Limestone County,21613,10670,10943,9863,4906,4957,3391,1645,1746,7573,3736,3837,104,55,49,682,328,354
2047,293,Limestone County,21510,10600,10910,9737,4841,4896,3359,1626,1733,7626,3752,3874,105,55,50,683,326,357
2048,293,Limestone County,21398,10537,10861,9607,4782,4825,3320,1608,1712,7678,3766,3912,106,56,50,687,325,362
2049,293,Limestone County,21302,10475,10827,9482,4720,4762,3292,1595,1697,7731,3780,3951,105,55,50,692,325,367
2050,293,Limestone County,21199,10412,10787,9358,4663,4695,3263,1579,1684,7770,3783,3987,104,54,50,704,333,371
2010,295,Lipscomb County,3302,1662,1640,2213,1100,1113,7,2,5,1007,528,479,10,3,7,65,29,36
2011,295,Lipscomb County,3333,1681,1652,2220,1106,1114,7,2,5,1030,541,489,10,3,7,66,29,37
2012,295,Lipscomb County,3363,1702,1661,2229,1113,1116,7,2,5,1050,554,496,10,3,7,67,30,37
2013,295,Lipscomb County,3397,1721,1676,2242,1121,1121,7,2,5,1070,565,505,10,3,7,68,30,38
2014,295,Lipscomb County,3425,1738,1687,2248,1126,1122,7,2,5,1091,576,515,10,3,7,69,31,38
2015,295,Lipscomb County,3459,1758,1701,2260,1133,1127,7,2,5,1112,589,523,10,3,7,70,31,39
2016,295,Lipscomb County,3496,1780,1716,2271,1140,1131,7,2,5,1136,603,533,10,3,7,72,32,40
2017,295,Lipscomb County,3541,1805,1736,2289,1149,1140,7,2,5,1161,618,543,10,3,7,74,33,41
2018,295,Lipscomb County,3573,1820,1753,2294,1151,1143,7,2,5,1188,632,556,10,3,7,74,32,42
2019,295,Lipscomb County,3618,1845,1773,2304,1159,1145,7,2,5,1221,648,573,10,3,7,76,33,43
2020,295,Lipscomb County,3651,1863,1788,2309,1162,1147,7,2,5,1246,661,585,11,4,7,78,34,44
2021,295,Lipscomb County,3694,1884,1810,2322,1169,1153,7,2,5,1273,674,599,12,4,8,80,35,45
2022,295,Lipscomb County,3733,1908,1825,2328,1174,1154,7,2,5,1302,690,612,13,5,8,83,37,46
2023,295,Lipscomb County,3773,1930,1843,2336,1180,1156,7,2,5,1332,706,626,14,5,9,84,37,47
2024,295,Lipscomb County,3809,1949,1860,2339,1180,1159,7,2,5,1363,724,639,15,6,9,85,37,48
2025,295,Lipscomb County,3840,1966,1874,2338,1178,1160,7,2,5,1392,742,650,16,6,10,87,38,49
2026,295,Lipscomb County,3862,1978,1884,2340,1177,1163,7,2,5,1410,754,656,16,6,10,89,39,50
2027,295,Lipscomb County,3887,1993,1894,2342,1178,1164,7,2,5,1431,767,664,16,6,10,91,40,51
2028,295,Lipscomb County,3912,2007,1905,2341,1179,1162,7,2,5,1455,779,676,16,6,10,93,41,52
2029,295,Lipscomb County,3931,2011,1920,2337,1176,1161,7,2,5,1476,785,691,16,6,10,95,42,53
2030,295,Lipscomb County,3947,2014,1933,2336,1174,1162,7,2,5,1493,790,703,16,6,10,95,42,53
2031,295,Lipscomb County,3969,2024,1945,2332,1171,1161,7,2,5,1516,802,714,16,6,10,98,43,55
2032,295,Lipscomb County,3987,2036,1951,2325,1170,1155,7,2,5,1539,814,725,16,6,10,100,44,56
2033,295,Lipscomb County,4000,2046,1954,2314,1165,1149,7,2,5,1562,828,734,16,6,10,101,45,56
2034,295,Lipscomb County,4021,2063,1958,2309,1165,1144,7,2,5,1585,843,742,16,6,10,104,47,57
2035,295,Lipscomb County,4028,2071,1957,2297,1159,1138,7,2,5,1606,859,747,16,6,10,102,45,57
2036,295,Lipscomb County,4035,2074,1961,2285,1151,1134,7,2,5,1623,869,754,16,6,10,104,46,58
2037,295,Lipscomb County,4048,2085,1963,2277,1149,1128,7,2,5,1643,882,761,16,6,10,105,46,59
2038,295,Lipscomb County,4057,2093,1964,2264,1143,1121,7,2,5,1663,895,768,16,6,10,107,47,60
2039,295,Lipscomb County,4061,2094,1967,2251,1133,1118,7,2,5,1677,904,773,16,6,10,110,49,61
2040,295,Lipscomb County,4070,2099,1971,2239,1127,1112,7,2,5,1698,916,782,16,6,10,110,48,62
2041,295,Lipscomb County,4060,2095,1965,2223,1117,1106,7,2,5,1703,922,781,16,6,10,111,48,63
2042,295,Lipscomb County,4064,2098,1966,2215,1114,1101,7,2,5,1714,928,786,16,6,10,112,48,64
2043,295,Lipscomb County,4062,2095,1967,2199,1105,1094,7,2,5,1726,933,793,16,6,10,114,49,65
2044,295,Lipscomb County,4060,2091,1969,2188,1100,1088,7,2,5,1735,935,800,16,6,10,114,48,66
2045,295,Lipscomb County,4066,2093,1973,2178,1094,1084,7,2,5,1750,943,807,16,6,10,115,48,67
2046,295,Lipscomb County,4070,2097,1973,2172,1092,1080,7,2,5,1759,948,811,16,6,10,116,49,67
2047,295,Lipscomb County,4075,2103,1972,2164,1090,1074,7,2,5,1771,956,815,16,6,10,117,49,68
2048,295,Lipscomb County,4070,2100,1970,2156,1085,1071,7,2,5,1770,956,814,16,6,10,121,51,70
2049,295,Lipscomb County,4076,2106,1970,2151,1085,1066,7,2,5,1781,963,818,16,6,10,121,50,71
2050,295,Lipscomb County,4082,2112,1970,2144,1082,1062,7,2,5,1793,971,822,16,6,10,122,51,71
2010,297,Live Oak County,11531,6195,5336,6805,3491,3314,453,433,20,4060,2143,1917,56,39,17,157,89,68
2011,297,Live Oak County,11546,6200,5346,6763,3468,3295,454,433,21,4113,2170,1943,56,39,17,160,90,70
2012,297,Live Oak County,11583,6219,5364,6738,3454,3284,456,435,21,4170,2199,1971,56,39,17,163,92,71
2013,297,Live Oak County,11632,6241,5391,6715,3438,3277,459,437,22,4236,2234,2002,56,39,17,166,93,73
2014,297,Live Oak County,11688,6275,5413,6704,3433,3271,467,445,22,4292,2263,2029,56,39,17,169,95,74
2015,297,Live Oak County,11748,6300,5448,6699,3426,3273,470,447,23,4351,2292,2059,56,39,17,172,96,76
2016,297,Live Oak County,11812,6327,5485,6702,3424,3278,472,448,24,4407,2319,2088,56,39,17,175,97,78
2017,297,Live Oak County,11859,6346,5513,6692,3418,3274,473,448,25,4459,2342,2117,56,39,17,179,99,80
2018,297,Live Oak County,11912,6371,5541,6691,3416,3275,475,449,26,4508,2367,2141,56,39,17,182,100,82
2019,297,Live Oak County,11970,6401,5569,6691,3417,3274,478,451,27,4560,2393,2167,56,39,17,185,101,84
2020,297,Live Oak County,12030,6430,5600,6696,3420,3276,481,453,28,4609,2416,2193,56,39,17,188,102,86
2021,297,Live Oak County,12081,6458,5623,6690,3419,3271,484,455,29,4660,2441,2219,56,39,17,191,104,87
2022,297,Live Oak County,12132,6480,5652,6685,3416,3269,484,454,30,4713,2466,2247,56,39,17,194,105,89
2023,297,Live Oak County,12187,6510,5677,6685,3420,3265,488,457,31,4762,2488,2274,56,39,17,196,106,90
2024,297,Live Oak County,12245,6543,5702,6696,3433,3263,488,456,32,4804,2506,2298,56,39,17,201,109,92
2025,297,Live Oak County,12297,6567,5730,6700,3438,3262,490,457,33,4843,2520,2323,57,39,18,207,113,94
2026,297,Live Oak County,12339,6590,5749,6705,3447,3258,489,455,34,4877,2534,2343,58,40,18,210,114,96
2027,297,Live Oak County,12395,6625,5770,6722,3461,3261,492,457,35,4910,2551,2359,59,40,19,212,116,96
2028,297,Live Oak County,12430,6646,5784,6727,3467,3260,492,456,36,4936,2564,2372,60,41,19,215,118,97
2029,297,Live Oak County,12454,6660,5794,6723,3468,3255,489,452,37,4963,2579,2384,61,41,20,218,120,98
2030,297,Live Oak County,12479,6672,5807,6724,3469,3255,488,450,38,4983,2589,2394,62,42,20,222,122,100
2031,297,Live Oak County,12495,6676,5819,6716,3464,3252,488,449,39,5004,2599,2405,63,42,21,224,122,102
2032,297,Live Oak County,12520,6685,5835,6707,3457,3250,487,447,40,5035,2614,2421,64,43,21,227,124,103
2033,297,Live Oak County,12548,6693,5855,6705,3452,3253,486,445,41,5060,2626,2434,65,43,22,232,127,105
2034,297,Live Oak County,12555,6700,5855,6690,3450,3240,484,442,42,5081,2635,2446,65,44,21,235,129,106
2035,297,Live Oak County,12553,6696,5857,6679,3449,3230,485,442,43,5087,2633,2454,66,44,22,236,128,108
2036,297,Live Oak County,12570,6712,5858,6674,3453,3221,487,443,44,5100,2639,2461,67,45,22,242,132,110
2037,297,Live Oak County,12580,6719,5861,6671,3455,3216,489,444,45,5109,2642,2467,67,45,22,244,133,111
2038,297,Live Oak County,12607,6737,5870,6672,3459,3213,488,442,46,5133,2656,2477,67,45,22,247,135,112
2039,297,Live Oak County,12645,6756,5889,6678,3460,3218,491,444,47,5160,2671,2489,67,45,22,249,136,113
2040,297,Live Oak County,12665,6767,5898,6673,3458,3215,491,443,48,5181,2680,2501,66,45,21,254,141,113
2041,297,Live Oak County,12683,6777,5906,6678,3466,3212,491,442,49,5196,2684,2512,65,45,20,253,140,113
2042,297,Live Oak County,12707,6790,5917,6685,3479,3206,491,441,50,5212,2687,2525,64,44,20,255,139,116
2043,297,Live Oak County,12750,6813,5937,6701,3492,3209,492,440,52,5235,2697,2538,64,44,20,258,140,118
2044,297,Live Oak County,12804,6852,5952,6721,3512,3209,494,441,53,5260,2711,2549,64,44,20,265,144,121
2045,297,Live Oak County,12825,6871,5954,6727,3526,3201,495,440,55,5271,2716,2555,64,44,20,268,145,123
2046,297,Live Oak County,12879,6897,5982,6749,3541,3208,496,440,56,5295,2724,2571,65,44,21,274,148,126
2047,297,Live Oak County,12918,6923,5995,6766,3556,3210,498,440,58,5312,2733,2579,63,43,20,279,151,128
2048,297,Live Oak County,12974,6956,6018,6793,3578,3215,499,440,59,5337,2743,2594,60,41,19,285,154,131
2049,297,Live Oak County,13044,7003,6041,6828,3607,3221,503,442,61,5358,2751,2607,59,40,19,296,163,133
2050,297,Live Oak County,13088,7036,6052,6860,3632,3228,503,441,62,5365,2756,2609,60,41,19,300,166,134
2010,299,Llano County,19301,9329,9972,17303,8374,8929,102,60,42,1542,736,806,76,24,52,278,135,143
2011,299,Llano County,19312,9332,9980,17241,8340,8901,104,61,43,1605,768,837,78,25,53,284,138,146
2012,299,Llano County,19321,9335,9986,17171,8303,8868,107,63,44,1674,802,872,79,26,53,290,141,149
2013,299,Llano County,19319,9327,9992,17090,8257,8833,110,64,46,1744,837,907,80,26,54,295,143,152
2014,299,Llano County,19323,9322,10001,17011,8208,8803,113,66,47,1818,876,942,81,27,54,300,145,155
2015,299,Llano County,19348,9322,10026,16939,8158,8781,116,67,49,1903,920,983,82,27,55,308,150,158
2016,299,Llano County,19372,9322,10050,16871,8114,8757,119,69,50,1985,958,1027,83,28,55,314,153,161
2017,299,Llano County,19387,9317,10070,16791,8061,8730,122,70,52,2071,1001,1070,84,28,56,319,157,162
2018,299,Llano County,19408,9313,10095,16716,8010,8706,125,72,53,2157,1042,1115,85,29,56,325,160,165
2019,299,Llano County,19428,9309,10119,16632,7953,8679,128,73,55,2251,1091,1160,86,29,57,331,163,168
2020,299,Llano County,19452,9315,10137,16550,7906,8644,131,75,56,2345,1137,1208,87,30,57,339,167,172
2021,299,Llano County,19481,9325,10156,16469,7858,8611,134,76,58,2444,1190,1254,88,30,58,346,171,175
2022,299,Llano County,19503,9333,10170,16378,7806,8572,137,78,59,2544,1241,1303,89,31,58,355,177,178
2023,299,Llano County,19515,9336,10179,16277,7750,8527,140,79,61,2648,1297,1351,90,31,59,360,179,181
2024,299,Llano County,19527,9338,10189,16167,7688,8479,143,81,62,2759,1355,1404,91,32,59,367,182,185
2025,299,Llano County,19545,9336,10209,16057,7623,8434,146,82,64,2875,1413,1462,92,32,60,375,186,189
2026,299,Llano County,19547,9333,10214,15926,7554,8372,149,84,65,3000,1474,1526,93,33,60,379,188,191
2027,299,Llano County,19540,9327,10213,15785,7486,8299,152,85,67,3123,1531,1592,93,33,60,387,192,195
2028,299,Llano County,19530,9313,10217,15634,7402,8232,154,86,68,3254,1595,1659,94,34,60,394,196,198
2029,299,Llano County,19513,9294,10219,15480,7317,8163,157,87,70,3382,1657,1725,95,34,61,399,199,200
2030,299,Llano County,19516,9286,10230,15339,7239,8100,159,88,71,3518,1722,1796,95,35,60,405,202,203
2031,299,Llano County,19505,9279,10226,15187,7160,8027,161,88,73,3652,1791,1861,95,35,60,410,205,205
2032,299,Llano County,19486,9265,10221,15021,7073,7948,163,89,74,3789,1859,1930,96,36,60,417,208,209
2033,299,Llano County,19483,9263,10220,14871,7001,7870,164,88,76,3931,1929,2002,96,36,60,421,209,212
2034,299,Llano County,19478,9252,10226,14717,6918,7799,166,89,77,4069,1995,2074,97,37,60,429,213,216
2035,299,Llano County,19462,9245,10217,14559,6841,7718,169,90,79,4208,2066,2142,97,37,60,429,211,218
2036,299,Llano County,19473,9266,10207,14407,6775,7632,172,92,80,4366,2149,2217,97,38,59,431,212,219
2037,299,Llano County,19507,9289,10218,14265,6707,7558,175,93,82,4535,2236,2299,96,38,58,436,215,221
2038,299,Llano County,19534,9311,10223,14123,6636,7487,179,95,84,4696,2324,2372,97,39,58,439,217,222
2039,299,Llano County,19560,9331,10229,13981,6576,7405,182,96,86,4858,2402,2456,97,39,58,442,218,224
2040,299,Llano County,19595,9368,10227,13840,6513,7327,186,98,88,5027,2498,2529,98,40,58,444,219,225
2041,299,Llano County,19663,9412,10251,13715,6453,7262,189,100,89,5216,2600,2616,98,40,58,445,219,226
2042,299,Llano County,19724,9456,10268,13585,6393,7192,192,102,90,5398,2696,2702,98,41,57,451,224,227
2043,299,Llano County,19807,9510,10297,13471,6341,7130,193,102,91,5589,2799,2790,98,41,57,456,227,229
2044,299,Llano County,19906,9572,10334,13362,6294,7068,197,104,93,5792,2906,2886,96,41,55,459,227,232
2045,299,Llano County,20002,9617,10385,13244,6236,7008,201,106,95,5994,3003,2991,96,41,55,467,231,236
2046,299,Llano County,20116,9687,10429,13134,6184,6950,205,108,97,6207,3118,3089,96,42,54,474,235,239
2047,299,Llano County,20235,9757,10478,13028,6137,6891,208,110,98,6421,3231,3190,95,41,54,483,238,245
2048,299,Llano County,20365,9827,10538,12939,6093,6846,210,111,99,6636,3342,3294,95,42,53,485,239,246
2049,299,Llano County,20508,9900,10608,12853,6051,6802,211,112,99,6860,3457,3403,94,41,53,490,239,251
2050,299,Llano County,20657,9967,10690,12767,6007,6760,214,114,100,7084,3561,3523,95,42,53,497,243,254
2010,301,Loving County,82,46,36,60,34,26,0,0,0,18,9,9,0,0,0,4,3,1
2011,301,Loving County,83,46,37,60,34,26,0,0,0,19,9,10,0,0,0,4,3,1
2012,301,Loving County,84,47,37,60,34,26,0,0,0,20,10,10,0,0,0,4,3,1
2013,301,Loving County,85,47,38,60,34,26,0,0,0,21,10,11,0,0,0,4,3,1
2014,301,Loving County,86,48,38,60,34,26,0,0,0,22,11,11,0,0,0,4,3,1
2015,301,Loving County,87,48,39,60,34,26,0,0,0,23,11,12,0,0,0,4,3,1
2016,301,Loving County,88,49,39,60,34,26,0,0,0,24,12,12,0,0,0,4,3,1
2017,301,Loving County,89,49,40,60,34,26,0,0,0,25,12,13,0,0,0,4,3,1
2018,301,Loving County,90,50,40,60,34,26,0,0,0,26,13,13,0,0,0,4,3,1
2019,301,Loving County,91,50,41,60,34,26,0,0,0,27,13,14,0,0,0,4,3,1
2020,301,Loving County,92,51,41,60,34,26,0,0,0,28,14,14,0,0,0,4,3,1
2021,301,Loving County,93,51,42,60,34,26,0,0,0,29,14,15,0,0,0,4,3,1
2022,301,Loving County,93,51,42,60,34,26,0,0,0,29,14,15,0,0,0,4,3,1
2023,301,Loving County,93,51,42,60,34,26,0,0,0,29,14,15,0,0,0,4,3,1
2024,301,Loving County,93,51,42,60,34,26,0,0,0,29,14,15,0,0,0,4,3,1
2025,301,Loving County,93,51,42,60,34,26,0,0,0,29,14,15,0,0,0,4,3,1
2026,301,Loving County,93,51,42,60,34,26,0,0,0,29,14,15,0,0,0,4,3,1
2027,301,Loving County,92,51,41,59,34,25,0,0,0,29,14,15,0,0,0,4,3,1
2028,301,Loving County,91,50,41,58,33,25,0,0,0,29,14,15,0,0,0,4,3,1
2029,301,Loving County,91,50,41,58,33,25,0,0,0,29,14,15,0,0,0,4,3,1
2030,301,Loving County,90,49,41,57,32,25,0,0,0,29,14,15,0,0,0,4,3,1
2031,301,Loving County,89,48,41,56,31,25,0,0,0,29,14,15,0,0,0,4,3,1
2032,301,Loving County,87,46,41,55,30,25,0,0,0,29,14,15,0,0,0,3,2,1
2033,301,Loving County,87,46,41,55,30,25,0,0,0,29,14,15,0,0,0,3,2,1
2034,301,Loving County,87,46,41,54,29,25,0,0,0,30,15,15,0,0,0,3,2,1
2035,301,Loving County,87,45,42,53,28,25,0,0,0,31,15,16,0,0,0,3,2,1
2036,301,Loving County,88,46,42,53,28,25,0,0,0,32,16,16,0,0,0,3,2,1
2037,301,Loving County,87,44,43,51,26,25,0,0,0,33,16,17,0,0,0,3,2,1
2038,301,Loving County,87,44,43,50,25,25,0,0,0,34,17,17,0,0,0,3,2,1
2039,301,Loving County,87,44,43,49,25,24,0,0,0,35,17,18,0,0,0,3,2,1
2040,301,Loving County,88,45,43,49,25,24,0,0,0,36,18,18,0,0,0,3,2,1
2041,301,Loving County,88,44,44,49,25,24,0,0,0,37,18,19,0,0,0,2,1,1
2042,301,Loving County,89,45,44,48,24,24,0,0,0,38,19,19,0,0,0,3,2,1
2043,301,Loving County,86,42,44,45,22,23,0,0,0,39,19,20,0,0,0,2,1,1
2044,301,Loving County,85,42,43,43,21,22,0,0,0,40,20,20,0,0,0,2,1,1
2045,301,Loving County,85,41,44,42,20,22,0,0,0,41,20,21,0,0,0,2,1,1
2046,301,Loving County,86,42,44,42,20,22,0,0,0,42,21,21,0,0,0,2,1,1
2047,301,Loving County,82,40,42,38,18,20,0,0,0,42,21,21,0,0,0,2,1,1
2048,301,Loving County,81,40,41,36,17,19,0,0,0,43,22,21,0,0,0,2,1,1
2049,301,Loving County,79,39,40,34,16,18,0,0,0,43,22,21,0,0,0,2,1,1
2050,301,Loving County,77,38,39,32,15,17,0,0,0,43,22,21,0,0,0,2,1,1
2010,303,Lubbock County,278831,137786,141045,159815,78165,81650,19957,9918,10039,88924,44536,44388,5650,2885,2765,4485,2282,2203
2011,303,Lubbock County,282187,139469,142718,160008,78297,81711,20181,10024,10157,91568,45818,45750,5803,2974,2829,4627,2356,2271
2012,303,Lubbock County,285467,141104,144363,160075,78352,81723,20372,10120,10252,94293,47136,47157,5952,3065,2887,4775,2431,2344
2013,303,Lubbock County,288774,142747,146027,160099,78393,81706,20570,10219,10351,97070,48468,48602,6105,3162,2943,4930,2505,2425
2014,303,Lubbock County,292194,144437,147757,160143,78424,81719,20768,10314,10454,99934,49849,50085,6268,3271,2997,5081,2579,2502
2015,303,Lubbock County,295763,146198,149565,160226,78476,81750,20987,10423,10564,102884,51273,51611,6428,3372,3056,5238,2654,2584
2016,303,Lubbock County,299743,148191,151552,160564,78667,81897,21220,10539,10681,105957,52762,53195,6594,3483,3111,5408,2740,2668
2017,303,Lubbock County,303881,150278,153603,160939,78871,82068,21463,10667,10796,109113,54292,54821,6786,3616,3170,5580,2832,2748
2018,303,Lubbock County,308205,152449,155756,161374,79099,82275,21705,10797,10908,112380,55871,56509,6988,3757,3231,5758,2925,2833
2019,303,Lubbock County,312647,154712,157935,161813,79345,82468,21956,10935,11021,115736,57502,58234,7207,3909,3298,5935,3021,2914
2020,303,Lubbock County,317209,157030,160179,162255,79603,82652,22205,11072,11133,119190,59169,60021,7437,4064,3373,6122,3122,3000
2021,303,Lubbock County,321815,159356,162459,162672,79833,82839,22455,11205,11250,122724,60874,61850,7667,4228,3439,6297,3216,3081
2022,303,Lubbock County,326603,161763,164840,163139,80080,83059,22723,11354,11369,126350,62628,63722,7905,4388,3517,6486,3313,3173
2023,303,Lubbock County,331468,164209,167259,163605,80334,83271,22994,11496,11498,130060,64421,65639,8123,4540,3583,6686,3418,3268
2024,303,Lubbock County,336419,166675,169744,164070,80564,83506,23264,11640,11624,133849,66254,67595,8348,4698,3650,6888,3519,3369
2025,303,Lubbock County,341472,169210,172262,164526,80794,83732,23546,11789,11757,137717,68126,69591,8592,4871,3721,7091,3630,3461
2026,303,Lubbock County,346574,171759,174815,164935,81002,83933,23830,11939,11891,141651,70024,71627,8841,5048,3793,7317,3746,3571
2027,303,Lubbock County,351705,174315,177390,165317,81187,84130,24106,12083,12023,145652,71958,73694,9091,5220,3871,7539,3867,3672
2028,303,Lubbock County,356866,176883,179983,165640,81346,84294,24391,12231,12160,149718,73922,75796,9352,5403,3949,7765,3981,3784
2029,303,Lubbock County,362123,179513,182610,166005,81530,84475,24671,12381,12290,153840,75910,77930,9616,5586,4030,7991,4106,3885
2030,303,Lubbock County,367505,182188,185317,166456,81751,84705,24947,12530,12417,157988,77905,80083,9892,5775,4117,8222,4227,3995
2031,303,Lubbock County,372901,184888,188013,166871,81968,84903,25224,12678,12546,162200,79937,82263,10159,5961,4198,8447,4344,4103
2032,303,Lubbock County,378274,187581,190693,167249,82166,85083,25479,12822,12657,166441,81978,84463,10429,6150,4279,8676,4465,4211
2033,303,Lubbock County,383693,190287,193406,167596,82350,85246,25719,12955,12764,170739,84040,86699,10715,6350,4365,8924,4592,4332
2034,303,Lubbock County,389029,192969,196060,167851,82496,85355,25947,13085,12862,175086,86129,88957,10990,6546,4444,9155,4713,4442
2035,303,Lubbock County,394328,195601,198727,168040,82603,85437,26165,13203,12962,179467,88226,91241,11255,6731,4524,9401,4838,4563
2036,303,Lubbock County,399606,198221,201385,168161,82676,85485,26373,13314,13059,183908,90349,93559,11522,6917,4605,9642,4965,4677
2037,303,Lubbock County,404853,200836,204017,168220,82726,85494,26567,13427,13140,188393,92490,95903,11781,7099,4682,9892,5094,4798
2038,303,Lubbock County,410074,203404,206670,168199,82732,85467,26753,13523,13230,192937,94655,98282,12032,7276,4756,10153,5218,4935
2039,303,Lubbock County,415245,205961,209284,168129,82717,85412,26919,13612,13307,197534,96845,100689,12264,7442,4822,10399,5345,5054
2040,303,Lubbock County,420424,208515,211909,167980,82665,85315,27078,13697,13381,202193,99065,103128,12516,7622,4894,10657,5466,5191
2041,303,Lubbock County,425590,211052,214538,167762,82575,85187,27240,13785,13455,206923,101318,105605,12754,7792,4962,10911,5582,5329
2042,303,Lubbock County,430783,213606,217177,167504,82467,85037,27396,13868,13528,211707,103596,108111,13021,7986,5035,11155,5689,5466
2043,303,Lubbock County,435994,216179,219815,167201,82346,84855,27556,13949,13607,216547,105903,110644,13279,8166,5113,11411,5815,5596
2044,303,Lubbock County,441236,218756,222480,166881,82216,84665,27705,14029,13676,221457,108239,113218,13540,8353,5187,11653,5919,5734
2045,303,Lubbock County,446548,221385,225163,166546,82076,84470,27854,14109,13745,226436,110612,115824,13809,8549,5260,11903,6039,5864
2046,303,Lubbock County,451937,224034,227903,166216,81943,84273,28008,14188,13820,231483,113018,118465,14080,8738,5342,12150,6147,6003
2047,303,Lubbock County,457396,226726,230670,165903,81810,84093,28140,14256,13884,236599,115458,121141,14362,8944,5418,12392,6258,6134
2048,303,Lubbock County,462913,229456,233457,165600,81688,83912,28291,14338,13953,241747,117916,123831,14632,9143,5489,12643,6371,6272
2049,303,Lubbock County,468551,232242,236309,165323,81578,83745,28434,14416,14018,246984,120414,126570,14927,9357,5570,12883,6477,6406
2050,303,Lubbock County,474272,235080,239192,165082,81488,83594,28568,14493,14075,252262,122944,129318,15212,9561,5651,13148,6594,6554
2010,305,Lynn County,5915,2947,2968,2984,1437,1547,113,66,47,2743,1407,1336,8,3,5,67,34,33
2011,305,Lynn County,5850,2931,2919,2913,1413,1500,113,65,48,2748,1416,1332,8,3,5,68,34,34
2012,305,Lynn County,5796,2921,2875,2848,1392,1456,113,65,48,2757,1426,1331,8,3,5,70,35,35
2013,305,Lynn County,5766,2921,2845,2794,1373,1421,114,65,49,2778,1444,1334,8,3,5,72,36,36
2014,305,Lynn County,5737,2922,2815,2744,1358,1386,113,64,49,2798,1460,1338,8,3,5,74,37,37
2015,305,Lynn County,5716,2922,2794,2701,1343,1358,113,63,50,2818,1475,1343,8,3,5,76,38,38
2016,305,Lynn County,5689,2921,2768,2653,1324,1329,114,64,50,2836,1491,1345,8,3,5,78,39,39
2017,305,Lynn County,5663,2917,2746,2609,1306,1303,115,64,51,2851,1504,1347,8,3,5,80,40,40
2018,305,Lynn County,5642,2914,2728,2568,1286,1282,116,65,51,2868,1519,1349,8,3,5,82,41,41
2019,305,Lynn County,5613,2905,2708,2529,1267,1262,116,64,52,2877,1530,1347,8,3,5,83,41,42
2020,305,Lynn County,5588,2901,2687,2495,1252,1243,116,64,52,2884,1540,1344,8,3,5,85,42,43
2021,305,Lynn County,5562,2894,2668,2462,1236,1226,115,62,53,2890,1550,1340,8,3,5,87,43,44
2022,305,Lynn County,5534,2887,2647,2427,1220,1207,113,61,52,2897,1559,1338,8,3,5,89,44,45
2023,305,Lynn County,5498,2874,2624,2388,1201,1187,112,60,52,2899,1565,1334,8,3,5,91,45,46
2024,305,Lynn County,5465,2863,2602,2350,1184,1166,113,61,52,2901,1569,1332,8,3,5,93,46,47
2025,305,Lynn County,5437,2854,2583,2315,1169,1146,114,61,53,2905,1574,1331,8,3,5,95,47,48
2026,305,Lynn County,5399,2840,2559,2274,1150,1124,114,61,53,2906,1578,1328,8,3,5,97,48,49
2027,305,Lynn County,5371,2831,2540,2237,1131,1106,115,61,54,2912,1587,1325,8,3,5,99,49,50
2028,305,Lynn County,5348,2823,2525,2203,1113,1090,116,62,54,2920,1595,1325,8,3,5,101,50,51
2029,305,Lynn County,5316,2809,2507,2171,1097,1074,115,61,54,2920,1598,1322,8,3,5,102,50,52
2030,305,Lynn County,5283,2795,2488,2137,1076,1061,112,59,53,2922,1606,1316,8,3,5,104,51,53
2031,305,Lynn County,5247,2779,2468,2103,1057,1046,112,58,54,2918,1609,1309,8,3,5,106,52,54
2032,305,Lynn County,5204,2766,2438,2069,1043,1026,110,57,53,2909,1610,1299,8,3,5,108,53,55
2033,305,Lynn County,5162,2746,2416,2034,1024,1010,111,57,54,2901,1609,1292,8,3,5,108,53,55
2034,305,Lynn County,5123,2733,2390,2004,1011,993,110,57,53,2890,1608,1282,8,3,5,111,54,57
2035,305,Lynn County,5066,2712,2354,1967,995,972,109,56,53,2871,1604,1267,8,3,5,111,54,57
2036,305,Lynn County,5014,2691,2323,1934,979,955,108,56,52,2851,1598,1253,8,3,5,113,55,58
2037,305,Lynn County,4958,2665,2293,1899,961,938,108,56,52,2827,1588,1239,8,3,5,116,57,59
2038,305,Lynn County,4899,2639,2260,1865,945,920,108,56,52,2801,1578,1223,8,3,5,117,57,60
2039,305,Lynn County,4844,2616,2228,1836,933,903,109,56,53,2772,1566,1206,8,3,5,119,58,61
2040,305,Lynn County,4795,2596,2199,1807,919,888,109,56,53,2750,1559,1191,8,3,5,121,59,62
2041,305,Lynn County,4727,2562,2165,1774,901,873,108,55,53,2714,1543,1171,8,3,5,123,60,63
2042,305,Lynn County,4672,2540,2132,1746,886,860,107,55,52,2687,1535,1152,8,3,5,124,61,63
2043,305,Lynn County,4609,2504,2105,1712,866,846,106,53,53,2660,1523,1137,8,3,5,123,59,64
2044,305,Lynn County,4555,2482,2073,1678,849,829,106,54,52,2638,1516,1122,8,3,5,125,60,65
2045,305,Lynn County,4490,2449,2041,1643,830,813,105,53,52,2610,1504,1106,8,3,5,124,59,65
2046,305,Lynn County,4437,2426,2011,1613,815,798,104,54,50,2586,1494,1092,8,3,5,126,60,66
2047,305,Lynn County,4382,2399,1983,1578,796,782,104,54,50,2565,1486,1079,8,3,5,127,60,67
2048,305,Lynn County,4323,2368,1955,1543,775,768,105,55,50,2541,1476,1065,8,3,5,126,59,67
2049,305,Lynn County,4263,2337,1926,1506,755,751,103,54,49,2519,1466,1053,8,3,5,127,59,68
2050,305,Lynn County,4206,2310,1896,1476,738,738,102,54,48,2492,1456,1036,8,3,5,128,59,69
2010,307,McCulloch County,8283,4057,4226,5568,2672,2896,133,67,66,2476,1263,1213,28,16,12,78,39,39
2011,307,McCulloch County,8299,4084,4215,5543,2673,2870,135,68,67,2513,1287,1226,28,16,12,80,40,40
2012,307,McCulloch County,8328,4117,4211,5527,2678,2849,137,69,68,2554,1313,1241,28,16,12,82,41,41
2013,307,McCulloch County,8352,4148,4204,5506,2679,2827,139,70,69,2595,1341,1254,28,16,12,84,42,42
2014,307,McCulloch County,8393,4188,4205,5490,2684,2806,141,71,70,2647,1373,1274,28,16,12,87,44,43
2015,307,McCulloch County,8448,4228,4220,5486,2691,2795,143,72,71,2701,1404,1297,28,16,12,90,45,45
2016,307,McCulloch County,8486,4261,4225,5474,2695,2779,146,74,72,2745,1429,1316,28,16,12,93,47,46
2017,307,McCulloch County,8539,4297,4242,5475,2701,2774,149,75,74,2791,1457,1334,28,16,12,96,48,48
2018,307,McCulloch County,8576,4330,4246,5469,2707,2762,152,77,75,2828,1480,1348,28,16,12,99,50,49
2019,307,McCulloch County,8619,4357,4262,5469,2712,2757,154,78,76,2867,1501,1366,28,16,12,101,50,51
2020,307,McCulloch County,8660,4390,4270,5466,2714,2752,157,80,77,2905,1528,1377,28,16,12,104,52,52
2021,307,McCulloch County,8700,4420,4280,5462,2717,2745,159,80,79,2944,1554,1390,28,16,12,107,53,54
2022,307,McCulloch County,8738,4450,4288,5465,2722,2743,160,81,79,2976,1576,1400,28,16,12,109,55,54
2023,307,McCulloch County,8761,4471,4290,5452,2718,2734,162,82,80,3007,1599,1408,28,16,12,112,56,56
2024,307,McCulloch County,8789,4498,4291,5440,2717,2723,165,84,81,3041,1623,1418,28,16,12,115,58,57
2025,307,McCulloch County,8811,4518,4293,5424,2710,2714,166,84,82,3075,1649,1426,28,16,12,118,59,59
2026,307,McCulloch County,8836,4546,4290,5411,2710,2701,168,86,82,3110,1673,1437,28,16,12,119,61,58
2027,307,McCulloch County,8854,4563,4291,5395,2708,2687,171,87,84,3140,1692,1448,28,16,12,120,60,60
2028,307,McCulloch County,8880,4587,4293,5391,2708,2683,172,87,85,3166,1714,1452,28,16,12,123,62,61
2029,307,McCulloch County,8897,4605,4292,5378,2706,2672,173,87,86,3194,1734,1460,28,16,12,124,62,62
2030,307,McCulloch County,8921,4625,4296,5367,2700,2667,175,88,87,3224,1756,1468,29,17,12,126,64,62
2031,307,McCulloch County,8926,4632,4294,5340,2688,2652,177,89,88,3250,1774,1476,30,17,13,129,64,65
2032,307,McCulloch County,8924,4643,4281,5309,2680,2629,178,90,88,3275,1790,1485,31,18,13,131,65,66
2033,307,McCulloch County,8900,4643,4257,5270,2668,2602,180,91,89,3286,1800,1486,31,18,13,133,66,67
2034,307,McCulloch County,8888,4650,4238,5239,2657,2582,182,92,90,3301,1816,1485,31,18,13,135,67,68
2035,307,McCulloch County,8874,4655,4219,5196,2639,2557,185,94,91,3322,1834,1488,31,18,13,140,70,70
2036,307,McCulloch County,8851,4654,4197,5150,2619,2531,185,94,91,3341,1851,1490,31,18,13,144,72,72
2037,307,McCulloch County,8818,4640,4178,5105,2598,2507,185,94,91,3353,1859,1494,31,18,13,144,71,73
2038,307,McCulloch County,8788,4639,4149,5057,2583,2474,185,94,91,3366,1870,1496,31,18,13,149,74,75
2039,307,McCulloch County,8768,4640,4128,5023,2571,2452,185,93,92,3381,1885,1496,30,18,12,149,73,76
2040,307,McCulloch County,8750,4645,4105,4977,2554,2423,188,95,93,3402,1903,1499,30,18,12,153,75,78
2041,307,McCulloch County,8720,4651,4069,4929,2543,2386,190,95,95,3416,1918,1498,30,18,12,155,77,78
2042,307,McCulloch County,8691,4655,4036,4882,2531,2351,193,97,96,3427,1930,1497,30,18,12,159,79,80
2043,307,McCulloch County,8659,4655,4004,4840,2518,2322,194,97,97,3435,1943,1492,29,18,11,161,79,82
2044,307,McCulloch County,8628,4658,3970,4810,2517,2293,194,97,97,3433,1947,1486,29,18,11,162,79,83
2045,307,McCulloch County,8599,4660,3939,4777,2512,2265,196,97,99,3432,1953,1479,29,18,11,165,80,85
2046,307,McCulloch County,8585,4671,3914,4742,2509,2233,197,98,99,3450,1965,1485,29,18,11,167,81,86
2047,307,McCulloch County,8561,4669,3892,4710,2500,2210,198,98,100,3456,1972,1484,29,18,11,168,81,87
2048,307,McCulloch County,8546,4673,3873,4683,2497,2186,197,97,100,3465,1979,1486,29,18,11,172,82,90
2049,307,McCulloch County,8532,4675,3857,4657,2494,2163,195,96,99,3477,1984,1493,29,18,11,174,83,91
2050,307,McCulloch County,8523,4685,3838,4636,2490,2146,194,97,97,3488,1996,1492,29,18,11,176,84,92
2010,309,McLennan County,234906,114169,120737,138295,66939,71356,33892,15776,18116,55471,28147,27324,3128,1385,1743,4120,1922,2198
2011,309,McLennan County,236697,115170,121527,138226,66981,71245,34134,15923,18211,56853,28824,28029,3238,1455,1783,4246,1987,2259
2012,309,McLennan County,238429,116139,122290,138098,66990,71108,34340,16055,18285,58249,29505,28744,3359,1528,1831,4383,2061,2322
2013,309,McLennan County,240211,117121,123090,138044,67032,71012,34525,16164,18361,59654,30191,29463,3473,1603,1870,4515,2131,2384
2014,309,McLennan County,242009,118111,123898,138010,67096,70914,34700,16271,18429,61047,30863,30184,3601,1682,1919,4651,2199,2452
2015,309,McLennan County,243880,119122,124758,138042,67172,70870,34859,16364,18495,62460,31550,30910,3725,1759,1966,4794,2277,2517
2016,309,McLennan County,245788,120159,125629,138089,67253,70836,35021,16465,18556,63874,32238,31636,3861,1847,2014,4943,2356,2587
2017,309,McLennan County,247653,121152,126501,138115,67306,70809,35165,16554,18611,65279,32916,32363,4011,1943,2068,5083,2433,2650
2018,309,McLennan County,249463,122110,127353,138086,67326,70760,35307,16641,18666,66693,33601,33092,4163,2039,2124,5214,2503,2711
2019,309,McLennan County,251305,123082,128223,138061,67345,70716,35442,16717,18725,68105,34289,33816,4330,2145,2185,5367,2586,2781
2020,309,McLennan County,253060,124017,129043,137975,67331,70644,35568,16795,18773,69520,34979,34541,4491,2255,2236,5506,2657,2849
2021,309,McLennan County,254819,124941,129878,137868,67295,70573,35712,16882,18830,70933,35664,35269,4655,2365,2290,5651,2735,2916
2022,309,McLennan County,256602,125890,130712,137771,67275,70496,35835,16958,18877,72371,36365,36006,4821,2477,2344,5804,2815,2989
2023,309,McLennan County,258295,126788,131507,137628,67230,70398,35940,17024,18916,73785,37051,36734,4994,2592,2402,5948,2891,3057
2024,309,McLennan County,259970,127664,132306,137443,67159,70284,36046,17087,18959,75216,37740,37476,5165,2708,2457,6100,2970,3130
2025,309,McLennan County,261612,128548,133064,137242,67082,70160,36149,17155,18994,76640,38431,38209,5336,2832,2504,6245,3048,3197
2026,309,McLennan County,263244,129421,133823,137022,66991,70031,36250,17220,19030,78063,39120,38943,5512,2960,2552,6397,3130,3267
2027,309,McLennan County,264830,130260,134570,136773,66883,69890,36330,17274,19056,79489,39808,39681,5689,3082,2607,6549,3213,3336
2028,309,McLennan County,266358,131081,135277,136480,66748,69732,36392,17316,19076,80910,40500,40410,5876,3221,2655,6700,3296,3404
2029,309,McLennan County,267867,131884,135983,136182,66608,69574,36440,17355,19085,82318,41176,41142,6073,3363,2710,6854,3382,3472
2030,309,McLennan County,269342,132686,136656,135851,66457,69394,36484,17390,19094,83726,41860,41866,6275,3513,2762,7006,3466,3540
2031,309,McLennan County,270790,133442,137348,135503,66284,69219,36529,17421,19108,85127,42537,42590,6480,3657,2823,7151,3543,3608
2032,309,McLennan County,272165,134184,137981,135106,66095,69011,36557,17445,19112,86517,43209,43308,6699,3818,2881,7286,3617,3669
2033,309,McLennan County,273486,134891,138595,134673,65888,68785,36578,17465,19113,87911,43880,44031,6915,3975,2940,7409,3683,3726
2034,309,McLennan County,274717,135550,139167,134153,65642,68511,36581,17473,19108,89295,44539,44756,7135,4137,2998,7553,3759,3794
2035,309,McLennan County,275888,136199,139689,133605,65382,68223,36569,17476,19093,90669,45197,45472,7362,4309,3053,7683,3835,3848
2036,309,McLennan County,277020,136820,140200,133032,65115,67917,36548,17471,19077,92037,45856,46181,7580,4471,3109,7823,3907,3916
2037,309,McLennan County,278106,137425,140681,132425,64833,67592,36521,17469,19052,93402,46505,46897,7808,4641,3167,7950,3977,3973
2038,309,McLennan County,279163,138028,141135,131789,64545,67244,36481,17456,19025,94752,47154,47598,8051,4822,3229,8090,4051,4039
2039,309,McLennan County,280139,138580,141559,131138,64241,66897,36420,17435,18985,96086,47791,48295,8284,5000,3284,8211,4113,4098
2040,309,McLennan County,281063,139101,141962,130455,63923,66532,36357,17414,18943,97393,48408,48985,8524,5177,3347,8334,4179,4155
2041,309,McLennan County,281975,139639,142336,129766,63608,66158,36283,17391,18892,98688,49024,49664,8775,5371,3404,8463,4245,4218
2042,309,McLennan County,282844,140149,142695,129055,63276,65779,36198,17361,18837,99972,49634,50338,9033,5569,3464,8586,4309,4277
2043,309,McLennan County,283714,140653,143061,128335,62946,65389,36120,17326,18794,101252,50245,51007,9292,5766,3526,8715,4370,4345
2044,309,McLennan County,284529,141137,143392,127628,62619,65009,36011,17284,18727,102497,50835,51662,9552,5964,3588,8841,4435,4406
2045,309,McLennan County,285321,141627,143694,126925,62299,64626,35899,17246,18653,103720,51417,52303,9815,6164,3651,8962,4501,4461
2046,309,McLennan County,286115,142106,144009,126227,61977,64250,35780,17202,18578,104935,51995,52940,10086,6370,3716,9087,4562,4525
2047,309,McLennan County,286866,142560,144306,125537,61661,63876,35654,17154,18500,106096,52533,53563,10375,6594,3781,9204,4618,4586
2048,309,McLennan County,287621,143027,144594,124853,61349,63504,35518,17100,18418,107258,53084,54174,10663,6816,3847,9329,4678,4651
2049,309,McLennan County,288356,143483,144873,124187,61048,63139,35376,17045,18331,108393,53618,54775,10962,7047,3915,9438,4725,4713
2050,309,McLennan County,289089,143948,145141,123523,60745,62778,35241,16995,18246,109497,54141,55356,11262,7281,3981,9566,4786,4780
2010,311,McMullen County,707,367,340,432,219,213,8,5,3,261,142,119,3,0,3,3,1,2
2011,311,McMullen County,714,370,344,436,221,215,8,5,3,264,143,121,3,0,3,3,1,2
2012,311,McMullen County,722,374,348,440,223,217,8,5,3,268,145,123,3,0,3,3,1,2
2013,311,McMullen County,730,378,352,444,225,219,8,5,3,272,147,125,3,0,3,3,1,2
2014,311,McMullen County,738,382,356,448,227,221,8,5,3,276,149,127,3,0,3,3,1,2
2015,311,McMullen County,746,386,360,452,229,223,8,5,3,280,151,129,3,0,3,3,1,2
2016,311,McMullen County,754,390,364,456,231,225,8,5,3,284,153,131,3,0,3,3,1,2
2017,311,McMullen County,761,394,367,459,233,226,8,5,3,288,155,133,3,0,3,3,1,2
2018,311,McMullen County,766,396,370,460,233,227,8,5,3,292,157,135,3,0,3,3,1,2
2019,311,McMullen County,774,400,374,463,234,229,8,5,3,297,160,137,3,0,3,3,1,2
2020,311,McMullen County,783,406,377,467,237,230,8,5,3,302,163,139,3,0,3,3,1,2
2021,311,McMullen County,787,407,380,466,235,231,8,5,3,307,166,141,3,0,3,3,1,2
2022,311,McMullen County,787,407,380,463,234,229,8,5,3,311,168,143,3,0,3,2,0,2
2023,311,McMullen County,787,406,381,459,231,228,8,5,3,315,170,145,3,0,3,2,0,2
2024,311,McMullen County,787,407,380,454,229,225,8,5,3,320,173,147,3,0,3,2,0,2
2025,311,McMullen County,786,407,379,448,226,222,8,5,3,325,176,149,3,0,3,2,0,2
2026,311,McMullen County,784,406,378,441,222,219,8,5,3,330,179,151,3,0,3,2,0,2
2027,311,McMullen County,783,404,379,437,219,218,8,5,3,333,180,153,3,0,3,2,0,2
2028,311,McMullen County,777,401,376,430,216,214,8,5,3,334,180,154,3,0,3,2,0,2
2029,311,McMullen County,775,400,375,426,214,212,8,5,3,336,181,155,3,0,3,2,0,2
2030,311,McMullen County,773,399,374,423,213,210,8,5,3,337,181,156,3,0,3,2,0,2
2031,311,McMullen County,774,399,375,420,211,209,8,5,3,341,183,158,3,0,3,2,0,2
2032,311,McMullen County,776,400,376,418,210,208,8,5,3,345,185,160,3,0,3,2,0,2
2033,311,McMullen County,772,397,375,412,206,206,8,5,3,347,186,161,3,0,3,2,0,2
2034,311,McMullen County,772,398,374,410,206,204,8,5,3,349,187,162,3,0,3,2,0,2
2035,311,McMullen County,772,397,375,408,204,204,8,5,3,351,188,163,3,0,3,2,0,2
2036,311,McMullen County,775,398,377,407,203,204,8,5,3,355,190,165,3,0,3,2,0,2
2037,311,McMullen County,774,397,377,403,201,202,8,5,3,358,191,167,3,0,3,2,0,2
2038,311,McMullen County,771,396,375,400,200,200,8,5,3,358,191,167,3,0,3,2,0,2
2039,311,McMullen County,772,396,376,399,199,200,8,5,3,360,192,168,3,0,3,2,0,2
2040,311,McMullen County,768,394,374,393,196,197,8,5,3,362,193,169,3,0,3,2,0,2
2041,311,McMullen County,765,392,373,390,193,197,8,5,3,363,194,169,2,0,2,2,0,2
2042,311,McMullen County,761,391,370,384,190,194,8,5,3,365,196,169,2,0,2,2,0,2
2043,311,McMullen County,757,387,370,377,185,192,8,5,3,368,197,171,2,0,2,2,0,2
2044,311,McMullen County,754,387,367,371,183,188,8,5,3,371,199,172,2,0,2,2,0,2
2045,311,McMullen County,747,384,363,361,178,183,8,5,3,374,201,173,2,0,2,2,0,2
2046,311,McMullen County,747,385,362,358,177,181,8,5,3,377,203,174,2,0,2,2,0,2
2047,311,McMullen County,745,383,362,353,173,180,8,5,3,380,205,175,2,0,2,2,0,2
2048,311,McMullen County,743,383,360,350,172,178,8,5,3,381,206,175,2,0,2,2,0,2
2049,311,McMullen County,739,382,357,346,170,176,8,5,3,381,207,174,2,0,2,2,0,2
2050,311,McMullen County,736,381,355,342,169,173,8,5,3,382,207,175,2,0,2,2,0,2
2010,313,Madison County,13664,7873,5791,8030,4240,3790,2687,1750,937,2688,1752,936,77,39,38,182,92,90
2011,313,Madison County,13712,7899,5813,7984,4213,3771,2690,1761,929,2773,1791,982,78,39,39,187,95,92
2012,313,Madison County,13781,7938,5843,7947,4196,3751,2695,1770,925,2868,1834,1034,79,40,39,192,98,94
2013,313,Madison County,13865,7983,5882,7907,4174,3733,2711,1787,924,2970,1881,1089,80,40,40,197,101,96
2014,313,Madison County,13960,8034,5926,7876,4162,3714,2724,1798,926,3077,1929,1148,81,41,40,202,104,98
2015,313,Madison County,14054,8083,5971,7849,4157,3692,2729,1801,928,3188,1977,1211,81,41,40,207,107,100
2016,313,Madison County,14139,8129,6010,7813,4139,3674,2730,1805,925,3303,2033,1270,81,42,39,212,110,102
2017,313,Madison County,14223,8168,6055,7765,4113,3652,2745,1818,927,3414,2082,1332,82,42,40,217,113,104
2018,313,Madison County,14312,8209,6103,7717,4088,3629,2759,1826,933,3532,2137,1395,83,43,40,221,115,106
2019,313,Madison County,14420,8264,6156,7673,4066,3607,2777,1841,936,3660,2196,1464,84,43,41,226,118,108
2020,313,Madison County,14527,8313,6214,7622,4039,3583,2796,1850,946,3793,2259,1534,84,44,40,232,121,111
2021,313,Madison County,14636,8372,6264,7573,4014,3559,2812,1865,947,3929,2325,1604,85,44,41,237,124,113
2022,313,Madison County,14754,8429,6325,7528,3993,3535,2818,1872,946,4080,2393,1687,86,45,41,242,126,116
2023,313,Madison County,14868,8479,6389,7470,3962,3508,2830,1885,945,4233,2458,1775,87,45,42,248,129,119
2024,313,Madison County,14983,8522,6461,7415,3929,3486,2839,1894,945,4387,2522,1865,89,46,43,253,131,122
2025,313,Madison County,15093,8565,6528,7359,3897,3462,2848,1901,947,4539,2588,1951,90,46,44,257,133,124
2026,313,Madison County,15202,8609,6593,7295,3857,3438,2861,1913,948,4692,2655,2037,90,47,43,264,137,127
2027,313,Madison County,15310,8649,6661,7243,3825,3418,2862,1916,946,4844,2721,2123,91,47,44,270,140,130
2028,313,Madison County,15424,8689,6735,7192,3797,3395,2855,1912,943,5010,2789,2221,91,47,44,276,144,132
2029,313,Madison County,15549,8736,6813,7139,3768,3371,2859,1912,947,5178,2862,2316,92,47,45,281,147,134
2030,313,Madison County,15661,8774,6887,7083,3735,3348,2858,1915,943,5340,2926,2414,93,48,45,287,150,137
2031,313,Madison County,15794,8822,6972,7031,3700,3331,2858,1918,940,5516,3001,2515,95,49,46,294,154,140
2032,313,Madison County,15926,8874,7052,6978,3668,3310,2859,1925,934,5692,3073,2619,97,50,47,300,158,142
2033,313,Madison County,16078,8939,7139,6924,3641,3283,2859,1929,930,5889,3157,2732,99,51,48,307,161,146
2034,313,Madison County,16200,8986,7214,6865,3607,3258,2857,1934,923,6064,3229,2835,101,52,49,313,164,149
2035,313,Madison County,16352,9048,7304,6827,3589,3238,2856,1939,917,6248,3301,2947,103,53,50,318,166,152
2036,313,Madison County,16502,9112,7390,6771,3561,3210,2858,1950,908,6443,3377,3066,106,55,51,324,169,155
2037,313,Madison County,16640,9176,7464,6723,3538,3185,2848,1951,897,6636,3462,3174,106,55,51,327,170,157
2038,313,Madison County,16802,9237,7565,6679,3511,3168,2840,1950,890,6841,3547,3294,109,57,52,333,172,161
2039,313,Madison County,16946,9283,7663,6618,3475,3143,2838,1953,885,7043,3624,3419,110,57,53,337,174,163
2040,313,Madison County,17103,9348,7755,6559,3440,3119,2832,1955,877,7255,3717,3538,113,59,54,344,177,167
2041,313,Madison County,17260,9399,7861,6514,3415,3099,2815,1948,867,7471,3802,3669,113,58,55,347,176,171
2042,313,Madison County,17430,9461,7969,6468,3387,3081,2794,1938,856,7701,3898,3803,115,59,56,352,179,173
2043,313,Madison County,17619,9540,8079,6425,3365,3060,2789,1939,850,7933,3997,3936,117,60,57,355,179,176
2044,313,Madison County,17801,9604,8197,6375,3338,3037,2772,1933,839,8175,4091,4084,118,61,57,361,181,180
2045,313,Madison County,17996,9671,8325,6327,3308,3019,2763,1930,833,8425,4193,4232,118,61,57,363,179,184
2046,313,Madison County,18208,9737,8471,6282,3280,3002,2752,1923,829,8685,4289,4396,119,62,57,370,183,187
2047,313,Madison County,18430,9809,8621,6238,3251,2987,2744,1918,826,8957,4395,4562,119,62,57,372,183,189
2048,313,Madison County,18656,9884,8772,6192,3225,2967,2736,1914,822,9232,4497,4735,120,63,57,376,185,191
2049,313,Madison County,18885,9955,8930,6148,3199,2949,2715,1904,811,9521,4604,4917,120,62,58,381,186,195
2050,313,Madison County,19122,10030,9092,6111,3176,2935,2699,1895,804,9805,4707,5098,120,62,58,387,190,197
2010,315,Marion County,10546,5171,5375,7564,3796,3768,2319,1047,1272,328,164,164,50,26,24,285,138,147
2011,315,Marion County,10512,5159,5353,7516,3772,3744,2315,1049,1266,341,171,170,51,26,25,289,141,148
2012,315,Marion County,10504,5161,5343,7487,3756,3731,2318,1056,1262,354,178,176,52,27,25,293,144,149
2013,315,Marion County,10490,5152,5338,7448,3731,3717,2326,1063,1263,367,185,182,53,27,26,296,146,150
2014,315,Marion County,10478,5150,5328,7413,3711,3702,2331,1070,1261,380,192,188,54,28,26,300,149,151
2015,315,Marion County,10458,5141,5317,7378,3691,3687,2328,1072,1256,393,199,194,55,28,27,304,151,153
2016,315,Marion County,10433,5130,5303,7333,3665,3668,2330,1077,1253,406,206,200,56,29,27,308,153,155
2017,315,Marion County,10409,5123,5286,7291,3644,3647,2330,1081,1249,419,213,206,56,29,27,313,156,157
2018,315,Marion County,10389,5116,5273,7246,3617,3629,2337,1091,1246,432,220,212,56,29,27,318,159,159
2019,315,Marion County,10343,5100,5243,7186,3591,3595,2335,1092,1243,444,226,218,56,29,27,322,162,160
2020,315,Marion County,10294,5074,5220,7129,3562,3567,2328,1088,1240,456,232,224,56,29,27,325,163,162
2021,315,Marion County,10255,5057,5198,7076,3535,3541,2326,1089,1237,468,238,230,56,29,27,329,166,163
2022,315,Marion County,10199,5028,5171,7012,3503,3509,2317,1082,1235,481,245,236,56,29,27,333,169,164
2023,315,Marion County,10129,4996,5133,6934,3464,3470,2310,1081,1229,493,251,242,56,29,27,336,171,165
2024,315,Marion County,10063,4968,5095,6859,3432,3427,2303,1077,1226,506,258,248,56,29,27,339,172,167
2025,315,Marion County,9986,4935,5051,6779,3393,3386,2291,1075,1216,519,265,254,55,29,26,342,173,169
2026,315,Marion County,9901,4900,5001,6698,3357,3341,2274,1071,1203,532,272,260,55,29,26,342,171,171
2027,315,Marion County,9824,4864,4960,6611,3314,3297,2269,1069,1200,544,278,266,55,29,26,345,174,171
2028,315,Marion County,9739,4827,4912,6523,3272,3251,2253,1064,1189,559,285,274,55,29,26,349,177,172
2029,315,Marion County,9664,4790,4874,6442,3236,3206,2242,1055,1187,572,291,281,55,29,26,353,179,174
2030,315,Marion County,9580,4753,4827,6355,3193,3162,2230,1052,1178,584,297,287,55,29,26,356,182,174
2031,315,Marion County,9497,4722,4775,6270,3159,3111,2211,1043,1168,598,305,293,55,29,26,363,186,177
2032,315,Marion County,9428,4694,4734,6192,3125,3067,2200,1040,1160,613,313,300,55,29,26,368,187,181
2033,315,Marion County,9350,4659,4691,6109,3086,3023,2185,1034,1151,628,321,307,54,28,26,374,190,184
2034,315,Marion County,9277,4632,4645,6030,3054,2976,2173,1029,1144,641,328,313,53,28,25,380,193,187
2035,315,Marion County,9187,4593,4594,5946,3019,2927,2154,1019,1135,649,332,317,53,28,25,385,195,190
2036,315,Marion County,9102,4560,4542,5863,2983,2880,2135,1011,1124,661,339,322,53,28,25,390,199,191
2037,315,Marion County,9028,4525,4503,5793,2948,2845,2119,1004,1115,674,346,328,52,28,24,390,199,191
2038,315,Marion County,8945,4486,4459,5715,2909,2806,2105,999,1106,681,351,330,53,29,24,391,198,193
2039,315,Marion County,8872,4447,4425,5638,2869,2769,2093,994,1099,696,358,338,52,28,24,393,198,195
2040,315,Marion County,8788,4407,4381,5564,2834,2730,2078,989,1089,706,360,346,52,29,23,388,195,193
2041,315,Marion County,8721,4375,4346,5492,2803,2689,2068,985,1083,717,363,354,53,29,24,391,195,196
2042,315,Marion County,8648,4349,4299,5412,2767,2645,2060,987,1073,730,370,360,54,30,24,392,195,197
2043,315,Marion County,8565,4309,4256,5337,2730,2607,2052,984,1068,729,372,357,55,30,25,392,193,199
2044,315,Marion County,8493,4278,4215,5269,2701,2568,2042,980,1062,736,374,362,55,31,24,391,192,199
2045,315,Marion County,8430,4247,4183,5205,2670,2535,2030,975,1055,747,380,367,56,31,25,392,191,201
2046,315,Marion County,8374,4217,4157,5142,2637,2505,2023,972,1051,758,385,373,56,31,25,395,192,203
2047,315,Marion County,8314,4194,4120,5078,2608,2470,2015,970,1045,770,392,378,56,31,25,395,193,202
2048,315,Marion County,8268,4172,4096,5027,2583,2444,2011,970,1041,783,398,385,56,32,24,391,189,202
2049,315,Marion County,8212,4150,4062,4962,2553,2409,2005,972,1033,797,405,392,57,32,25,391,188,203
2050,315,Marion County,8155,4122,4033,4901,2525,2376,1997,966,1031,810,412,398,58,33,25,389,186,203
2010,317,Martin County,4799,2411,2388,2578,1289,1289,67,33,34,2086,1051,1035,11,5,6,57,33,24
2011,317,Martin County,4896,2457,2439,2599,1299,1300,69,34,35,2158,1085,1073,11,5,6,59,34,25
2012,317,Martin County,5003,2512,2491,2622,1312,1310,71,35,36,2238,1125,1113,11,5,6,61,35,26
2013,317,Martin County,5122,2569,2553,2649,1324,1325,73,36,37,2326,1168,1158,11,5,6,63,36,27
2014,317,Martin County,5237,2623,2614,2667,1331,1336,75,37,38,2419,1213,1206,11,5,6,65,37,28
2015,317,Martin County,5367,2687,2680,2691,1343,1348,77,38,39,2521,1263,1258,11,5,6,67,38,29
2016,317,Martin County,5494,2753,2741,2713,1355,1358,79,39,40,2622,1315,1307,11,5,6,69,39,30
2017,317,Martin County,5626,2821,2805,2737,1367,1370,81,40,41,2726,1369,1357,11,5,6,71,40,31
2018,317,Martin County,5757,2889,2868,2754,1373,1381,83,41,42,2836,1429,1407,11,5,6,73,41,32
2019,317,Martin County,5898,2967,2931,2776,1385,1391,85,42,43,2951,1493,1458,11,5,6,75,42,33
2020,317,Martin County,6044,3041,3003,2802,1399,1403,87,43,44,3067,1551,1516,11,5,6,77,43,34
2021,317,Martin County,6195,3116,3079,2823,1405,1418,89,44,45,3194,1618,1576,11,5,6,78,44,34
2022,317,Martin County,6349,3198,3151,2845,1419,1426,91,45,46,3322,1684,1638,11,5,6,80,45,35
2023,317,Martin County,6507,3277,3230,2863,1428,1435,94,46,48,3456,1752,1704,11,5,6,83,46,37
2024,317,Martin County,6655,3354,3301,2875,1436,1439,96,47,49,3587,1818,1769,11,5,6,86,48,38
2025,317,Martin County,6814,3435,3379,2893,1446,1447,98,48,50,3723,1887,1836,11,5,6,89,49,40
2026,317,Martin County,6969,3517,3452,2899,1450,1449,100,49,51,3867,1962,1905,11,5,6,92,51,41
2027,317,Martin County,7125,3600,3525,2917,1458,1459,102,50,52,4001,2035,1966,11,5,6,94,52,42
2028,317,Martin County,7285,3689,3596,2928,1465,1463,103,51,52,4146,2114,2032,11,5,6,97,54,43
2029,317,Martin County,7448,3774,3674,2937,1469,1468,105,52,53,4295,2193,2102,11,5,6,100,55,45
2030,317,Martin County,7618,3866,3752,2949,1474,1475,107,53,54,4448,2277,2171,11,5,6,103,57,46
2031,317,Martin County,7778,3954,3824,2945,1473,1472,109,54,55,4607,2365,2242,11,5,6,106,57,49
2032,317,Martin County,7948,4047,3901,2947,1473,1474,111,55,56,4770,2455,2315,11,5,6,109,59,50
2033,317,Martin County,8113,4145,3968,2952,1475,1477,114,56,58,4924,2549,2375,11,5,6,112,60,52
2034,317,Martin County,8295,4246,4049,2960,1478,1482,117,58,59,5092,2643,2449,11,5,6,115,62,53
2035,317,Martin County,8477,4346,4131,2963,1480,1483,120,59,61,5266,2740,2526,11,5,6,117,62,55
2036,317,Martin County,8656,4452,4204,2966,1485,1481,123,61,62,5436,2837,2599,11,5,6,120,64,56
2037,317,Martin County,8818,4554,4264,2959,1481,1478,125,62,63,5600,2941,2659,11,5,6,123,65,58
2038,317,Martin County,8998,4661,4337,2961,1482,1479,128,64,64,5773,3044,2729,11,5,6,125,66,59
2039,317,Martin County,9186,4770,4416,2959,1482,1477,130,64,66,5961,3154,2807,9,4,5,127,66,61
2040,317,Martin County,9374,4887,4487,2955,1485,1470,132,66,66,6149,3265,2884,9,4,5,129,67,62
2041,317,Martin County,9571,4998,4573,2955,1484,1471,134,66,68,6341,3376,2965,9,4,5,132,68,64
2042,317,Martin County,9787,5128,4659,2963,1489,1474,136,67,69,6545,3499,3046,9,4,5,134,69,65
2043,317,Martin County,9999,5247,4752,2966,1491,1475,138,67,71,6753,3617,3136,9,4,5,133,68,65
2044,317,Martin County,10220,5379,4841,2969,1493,1476,141,69,72,6964,3743,3221,9,4,5,137,70,67
2045,317,Martin County,10439,5507,4932,2973,1493,1480,143,70,73,7174,3869,3305,9,4,5,140,71,69
2046,317,Martin County,10684,5645,5039,2978,1496,1482,146,72,74,7407,4000,3407,9,4,5,144,73,71
2047,317,Martin County,10920,5779,5141,2985,1500,1485,148,72,76,7632,4129,3503,9,4,5,146,74,72
2048,317,Martin County,11174,5925,5249,2995,1503,1492,150,74,76,7874,4270,3604,7,3,4,148,75,73
2049,317,Martin County,11427,6072,5355,3004,1511,1493,153,75,78,8115,4409,3706,7,3,4,148,74,74
2050,317,Martin County,11695,6225,5470,3014,1519,1495,156,77,79,8366,4550,3816,8,4,4,151,75,76
2010,319,Mason County,4012,1978,2034,3092,1497,1595,14,7,7,864,452,412,7,2,5,35,20,15
2011,319,Mason County,3993,1971,2022,3056,1482,1574,15,7,8,879,460,419,7,2,5,36,20,16
2012,319,Mason County,3973,1964,2009,3020,1466,1554,16,8,8,893,467,426,7,2,5,37,21,16
2013,319,Mason County,3958,1959,1999,2988,1453,1535,17,8,9,908,475,433,7,2,5,38,21,17
2014,319,Mason County,3949,1957,1992,2962,1442,1520,18,9,9,923,482,441,7,2,5,39,22,17
2015,319,Mason County,3928,1948,1980,2924,1425,1499,19,9,10,938,490,448,7,2,5,40,22,18
2016,319,Mason County,3919,1946,1973,2896,1413,1483,20,10,10,955,498,457,7,2,5,41,23,18
2017,319,Mason County,3914,1945,1969,2869,1401,1468,21,10,11,975,509,466,7,2,5,42,23,19
2018,319,Mason County,3904,1945,1959,2839,1389,1450,22,11,11,993,519,474,7,2,5,43,24,19
2019,319,Mason County,3901,1944,1957,2814,1378,1436,23,11,12,1014,529,485,7,2,5,43,24,19
2020,319,Mason County,3899,1943,1956,2789,1364,1425,24,12,12,1035,540,495,7,2,5,44,25,19
2021,319,Mason County,3900,1941,1959,2766,1350,1416,25,12,13,1057,552,505,7,2,5,45,25,20
2022,319,Mason County,3905,1945,1960,2750,1342,1408,26,13,13,1076,562,514,7,2,5,46,26,20
2023,319,Mason County,3907,1945,1962,2729,1332,1397,27,13,14,1097,572,525,7,2,5,47,26,21
2024,319,Mason County,3906,1946,1960,2703,1320,1383,28,14,14,1119,583,536,7,2,5,49,27,22
2025,319,Mason County,3905,1943,1962,2682,1307,1375,29,14,15,1138,593,545,7,2,5,49,27,22
2026,319,Mason County,3902,1940,1962,2659,1294,1365,30,15,15,1157,602,555,7,2,5,49,27,22
2027,319,Mason County,3894,1932,1962,2630,1276,1354,31,15,16,1176,612,564,7,2,5,50,27,23
2028,319,Mason County,3884,1927,1957,2599,1261,1338,32,16,16,1194,620,574,7,2,5,52,28,24
2029,319,Mason County,3862,1914,1948,2563,1243,1320,33,16,17,1205,624,581,7,2,5,54,29,25
2030,319,Mason County,3848,1909,1939,2536,1232,1304,34,17,17,1215,628,587,7,2,5,56,30,26
2031,319,Mason County,3826,1902,1924,2501,1218,1283,35,17,18,1224,634,590,7,2,5,59,31,28
2032,319,Mason County,3810,1897,1913,2475,1206,1269,36,18,18,1233,640,593,7,2,5,59,31,28
2033,319,Mason County,3804,1896,1908,2451,1197,1254,37,18,19,1249,648,601,7,2,5,60,31,29
2034,319,Mason County,3785,1888,1897,2423,1184,1239,38,19,19,1255,651,604,7,2,5,62,32,30
2035,319,Mason County,3772,1883,1889,2394,1172,1222,39,19,20,1269,658,611,7,2,5,63,32,31
2036,319,Mason County,3754,1880,1874,2363,1160,1203,40,20,20,1278,664,614,7,2,5,66,34,32
2037,319,Mason County,3731,1869,1862,2330,1144,1186,41,20,21,1286,669,617,7,2,5,67,34,33
2038,319,Mason County,3699,1853,1846,2290,1124,1166,42,21,21,1293,672,621,7,2,5,67,34,33
2039,319,Mason County,3665,1836,1829,2246,1102,1144,43,21,22,1302,677,625,7,2,5,67,34,33
2040,319,Mason County,3632,1823,1809,2203,1083,1120,44,22,22,1310,681,629,7,2,5,68,35,33
2041,319,Mason County,3594,1805,1789,2160,1064,1096,45,22,23,1314,683,631,7,2,5,68,34,34
2042,319,Mason County,3563,1793,1770,2116,1042,1074,46,23,23,1326,691,635,7,2,5,68,35,33
2043,319,Mason County,3526,1774,1752,2070,1020,1050,47,23,24,1334,695,639,7,2,5,68,34,34
2044,319,Mason County,3497,1760,1737,2030,998,1032,48,24,24,1343,701,642,7,2,5,69,35,34
2045,319,Mason County,3470,1747,1723,1989,979,1010,49,24,25,1355,707,648,7,2,5,70,35,35
2046,319,Mason County,3439,1733,1706,1948,962,986,50,25,25,1362,708,654,7,2,5,72,36,36
2047,319,Mason County,3413,1721,1692,1907,943,964,50,24,26,1376,716,660,7,2,5,73,36,37
2048,319,Mason County,3384,1709,1675,1872,929,943,51,25,26,1379,716,663,7,2,5,75,37,38
2049,319,Mason County,3361,1695,1666,1836,910,926,52,25,27,1390,721,669,7,2,5,76,37,39
2050,319,Mason County,3333,1685,1648,1802,896,906,53,26,27,1393,723,670,7,2,5,78,38,40
2010,321,Matagorda County,36702,18363,18339,17400,8619,8781,4060,1933,2127,14074,7219,6855,693,350,343,475,242,233
2011,321,Matagorda County,36734,18367,18367,17257,8552,8705,4041,1916,2125,14251,7297,6954,698,353,345,487,249,238
2012,321,Matagorda County,36778,18376,18402,17106,8479,8627,4033,1907,2126,14437,7379,7058,703,356,347,499,255,244
2013,321,Matagorda County,36837,18399,18438,16978,8420,8558,4014,1894,2120,14621,7460,7161,712,362,350,512,263,249
2014,321,Matagorda County,36887,18410,18477,16836,8348,8488,4005,1883,2122,14803,7545,7258,717,365,352,526,269,257
2015,321,Matagorda County,36932,18418,18514,16694,8281,8413,3994,1872,2122,14977,7619,7358,726,370,356,541,276,265
2016,321,Matagorda County,36991,18437,18554,16559,8215,8344,3993,1866,2127,15147,7699,7448,737,375,362,555,282,273
2017,321,Matagorda County,37030,18451,18579,16420,8148,8272,3985,1863,2122,15312,7772,7540,744,379,365,569,289,280
2018,321,Matagorda County,37043,18452,18591,16268,8078,8190,3974,1858,2116,15467,7837,7630,750,382,368,584,297,287
2019,321,Matagorda County,37064,18456,18608,16118,8007,8111,3966,1855,2111,15622,7900,7722,759,388,371,599,306,293
2020,321,Matagorda County,37063,18449,18614,15973,7937,8036,3962,1852,2110,15752,7957,7795,766,392,374,610,311,299
2021,321,Matagorda County,37054,18431,18623,15821,7865,7956,3959,1849,2110,15877,8003,7874,775,396,379,622,318,304
2022,321,Matagorda County,37032,18418,18614,15648,7785,7863,3953,1846,2107,16011,8059,7952,781,401,380,639,327,312
2023,321,Matagorda County,37012,18398,18614,15489,7709,7780,3953,1850,2103,16129,8100,8029,788,406,382,653,333,320
2024,321,Matagorda County,36975,18362,18613,15322,7627,7695,3949,1849,2100,16242,8140,8102,796,408,388,666,338,328
2025,321,Matagorda County,36908,18325,18583,15136,7540,7596,3939,1847,2092,16351,8182,8169,802,410,392,680,346,334
2026,321,Matagorda County,36835,18281,18554,14957,7458,7499,3922,1841,2081,16458,8218,8240,806,413,393,692,351,341
2027,321,Matagorda County,36754,18233,18521,14765,7365,7400,3918,1840,2078,16553,8255,8298,812,416,396,706,357,349
2028,321,Matagorda County,36663,18187,18476,14574,7272,7302,3919,1844,2075,16638,8291,8347,816,417,399,716,363,353
2029,321,Matagorda County,36558,18133,18425,14373,7173,7200,3919,1848,2071,16726,8325,8401,815,418,397,725,369,356
2030,321,Matagorda County,36451,18071,18380,14173,7077,7096,3908,1844,2064,16822,8358,8464,816,421,395,732,371,361
2031,321,Matagorda County,36346,18010,18336,13975,6984,6991,3904,1843,2061,16904,8384,8520,818,422,396,745,377,368
2032,321,Matagorda County,36213,17933,18280,13767,6884,6883,3896,1840,2056,16976,8405,8571,819,424,395,755,380,375
2033,321,Matagorda County,36090,17862,18228,13578,6796,6782,3892,1837,2055,17035,8421,8614,823,424,399,762,384,378
2034,321,Matagorda County,35949,17781,18168,13377,6700,6677,3883,1837,2046,17093,8434,8659,823,423,400,773,387,386
2035,321,Matagorda County,35795,17700,18095,13171,6605,6566,3870,1832,2038,17148,8448,8700,825,425,400,781,390,391
2036,321,Matagorda County,35648,17616,18032,12986,6520,6466,3855,1825,2030,17192,8452,8740,824,426,398,791,393,398
2037,321,Matagorda County,35497,17530,17967,12788,6427,6361,3856,1829,2027,17230,8453,8777,822,425,397,801,396,405
2038,321,Matagorda County,35355,17450,17905,12603,6340,6263,3853,1828,2025,17265,8457,8808,822,425,397,812,400,412
2039,321,Matagorda County,35192,17359,17833,12424,6257,6167,3842,1829,2013,17291,8451,8840,818,423,395,817,399,418
2040,321,Matagorda County,35037,17275,17762,12240,6171,6069,3833,1824,2009,17324,8458,8866,817,422,395,823,400,423
2041,321,Matagorda County,34892,17184,17708,12069,6083,5986,3829,1825,2004,17347,8452,8895,814,421,393,833,403,430
2042,321,Matagorda County,34719,17100,17619,11898,6008,5890,3814,1823,1991,17355,8445,8910,813,420,393,839,404,435
2043,321,Matagorda County,34544,17002,17542,11720,5926,5794,3800,1818,1982,17377,8439,8938,807,417,390,840,402,438
2044,321,Matagorda County,34387,16926,17461,11563,5854,5709,3795,1817,1978,17381,8437,8944,801,415,386,847,403,444
2045,321,Matagorda County,34202,16830,17372,11399,5780,5619,3785,1817,1968,17375,8421,8954,794,411,383,849,401,448
2046,321,Matagorda County,34045,16751,17294,11244,5713,5531,3777,1811,1966,17376,8410,8966,791,410,381,857,407,450
2047,321,Matagorda County,33838,16648,17190,11084,5645,5439,3764,1801,1963,17350,8388,8962,781,407,374,859,407,452
2048,321,Matagorda County,33657,16561,17096,10940,5581,5359,3750,1801,1949,17330,8365,8965,777,403,374,860,411,449
2049,321,Matagorda County,33456,16463,16993,10797,5522,5275,3726,1789,1937,17306,8340,8966,766,400,366,861,412,449
2050,321,Matagorda County,33253,16364,16889,10662,5466,5196,3708,1782,1926,17262,8305,8957,760,399,361,861,412,449
2010,323,Maverick County,54258,26451,27807,1552,842,710,75,45,30,51914,25201,26713,140,74,66,577,289,288
2011,323,Maverick County,54829,26822,28007,1574,853,721,75,45,30,52452,25555,26897,142,75,67,586,294,292
2012,323,Maverick County,55377,27180,28197,1598,866,732,75,45,30,52965,25895,27070,144,76,68,595,298,297
2013,323,Maverick County,55961,27562,28399,1622,879,743,75,45,30,53516,26259,27257,146,77,69,602,302,300
2014,323,Maverick County,56529,27935,28594,1644,889,755,75,45,30,54050,26616,27434,148,78,70,612,307,305
2015,323,Maverick County,57107,28322,28785,1674,904,770,75,45,30,54585,26980,27605,150,79,71,623,314,309
2016,323,Maverick County,57684,28704,28980,1698,914,784,75,45,30,55128,27346,27782,152,80,72,631,319,312
2017,323,Maverick County,58254,29093,29161,1720,926,794,76,45,31,55661,27715,27946,154,81,73,643,326,317
2018,323,Maverick County,58820,29492,29328,1746,944,802,77,46,31,56185,28087,28098,156,82,74,656,333,323
2019,323,Maverick County,59378,29881,29497,1765,954,811,78,46,32,56710,28458,28252,158,83,75,667,340,327
2020,323,Maverick County,59937,30277,29660,1785,966,819,79,47,32,57239,28837,28402,160,84,76,674,343,331
2021,323,Maverick County,60483,30665,29818,1802,973,829,80,47,33,57754,29209,28545,162,85,77,685,351,334
2022,323,Maverick County,61026,31053,29973,1819,981,838,81,48,33,58263,29580,28683,164,86,78,699,358,341
2023,323,Maverick County,61567,31450,30117,1835,988,847,82,48,34,58773,29964,28809,166,87,79,711,363,348
2024,323,Maverick County,62073,31815,30258,1846,989,857,83,49,34,59256,30323,28933,168,88,80,720,366,354
2025,323,Maverick County,62572,32183,30389,1861,993,868,83,48,35,59725,30680,29045,170,89,81,733,373,360
2026,323,Maverick County,63041,32535,30506,1872,995,877,84,49,35,60174,31026,29148,172,90,82,739,375,364
2027,323,Maverick County,63483,32884,30599,1887,1000,887,85,49,36,60591,31365,29226,174,91,83,746,379,367
2028,323,Maverick County,63891,33206,30685,1895,999,896,86,50,36,60980,31682,29298,176,92,84,754,383,371
2029,323,Maverick County,64272,33511,30761,1904,1001,903,87,50,37,61346,31983,29363,178,93,85,757,384,373
2030,323,Maverick County,64607,33806,30801,1910,1003,907,88,51,37,61664,32269,29395,180,94,86,765,389,376
2031,323,Maverick County,64921,34079,30842,1914,1002,912,88,51,37,61964,32538,29426,182,95,87,773,393,380
2032,323,Maverick County,65210,34346,30864,1920,1003,917,88,51,37,62243,32802,29441,183,96,87,776,394,382
2033,323,Maverick County,65465,34594,30871,1927,1006,921,88,51,37,62485,33044,29441,184,96,88,781,397,384
2034,323,Maverick County,65705,34828,30877,1934,1009,925,87,51,36,62712,33273,29439,186,97,89,786,398,388
2035,323,Maverick County,65909,35046,30863,1935,1011,924,88,52,36,62914,33488,29426,187,98,89,785,397,388
2036,323,Maverick County,66091,35250,30841,1940,1014,926,87,52,35,63089,33688,29401,188,98,90,787,398,389
2037,323,Maverick County,66257,35446,30811,1940,1013,927,87,52,35,63247,33878,29369,189,99,90,794,404,390
2038,323,Maverick County,66398,35622,30776,1935,1011,924,86,51,35,63399,34062,29337,189,99,90,789,399,390
2039,323,Maverick County,66535,35802,30733,1936,1012,924,85,50,35,63531,34239,29292,189,100,89,794,401,393
2040,323,Maverick County,66649,35964,30685,1937,1012,925,85,50,35,63646,34404,29242,187,100,87,794,398,396
2041,323,Maverick County,66740,36114,30626,1940,1015,925,85,50,35,63739,34553,29186,186,100,86,790,396,394
2042,323,Maverick County,66844,36270,30574,1947,1021,926,85,50,35,63831,34702,29129,186,99,87,795,398,397
2043,323,Maverick County,66915,36406,30509,1954,1026,928,85,50,35,63899,34836,29063,187,101,86,790,393,397
2044,323,Maverick County,66982,36542,30440,1957,1028,929,85,50,35,63958,34967,28991,187,101,86,795,396,399
2045,323,Maverick County,67028,36664,30364,1962,1029,933,84,49,35,63998,35090,28908,188,101,87,796,395,401
2046,323,Maverick County,67056,36772,30284,1968,1032,936,83,48,35,64024,35201,28823,186,99,87,795,392,403
2047,323,Maverick County,67069,36876,30193,1964,1030,934,82,47,35,64039,35306,28733,188,100,88,796,393,403
2048,323,Maverick County,67065,36964,30101,1964,1031,933,81,47,34,64039,35397,28642,188,99,89,793,390,403
2049,323,Maverick County,67039,37047,29992,1965,1033,932,79,46,33,64013,35478,28535,188,98,90,794,392,402
2050,323,Maverick County,67015,37120,29895,1967,1033,934,77,45,32,63992,35557,28435,187,97,90,792,388,404
2010,325,Medina County,46006,23656,22350,21408,10724,10684,913,785,128,22871,11711,11160,272,151,121,542,285,257
2011,325,Medina County,46446,23917,22529,21412,10729,10683,919,789,130,23286,11956,11330,277,153,124,552,290,262
2012,325,Medina County,46888,24175,22713,21403,10723,10680,923,791,132,23717,12210,11507,282,156,126,563,295,268
2013,325,Medina County,47319,24421,22898,21401,10722,10679,925,791,134,24130,12447,11683,287,158,129,576,303,273
2014,325,Medina County,47773,24700,23073,21404,10731,10673,931,795,136,24559,12705,11854,290,159,131,589,310,279
2015,325,Medina County,48226,24960,23266,21397,10721,10676,934,797,137,25001,12966,12035,294,161,133,600,315,285
2016,325,Medina County,48686,25226,23460,21397,10723,10674,940,799,141,25435,13219,12216,295,160,135,619,325,294
2017,325,Medina County,49143,25499,23644,21388,10725,10663,944,800,144,25887,13489,12398,293,156,137,631,329,302
2018,325,Medina County,49623,25781,23842,21391,10730,10661,945,799,146,26350,13763,12587,295,156,139,642,333,309
2019,325,Medina County,50127,26087,24040,21396,10738,10658,958,809,149,26822,14045,12777,296,156,140,655,339,316
2020,325,Medina County,50604,26373,24231,21384,10739,10645,961,808,153,27291,14323,12968,299,157,142,669,346,323
2021,325,Medina County,51132,26683,24449,21393,10742,10651,967,811,156,27784,14615,13169,303,159,144,685,356,329
2022,325,Medina County,51634,26995,24639,21399,10753,10646,969,811,158,28262,14909,13353,309,162,147,695,360,335
2023,325,Medina County,52135,27296,24839,21391,10750,10641,974,812,162,28747,15204,13543,314,164,150,709,366,343
2024,325,Medina County,52667,27625,25042,21398,10761,10637,982,815,167,29247,15513,13734,321,168,153,719,368,351
2025,325,Medina County,53189,27943,25246,21403,10768,10635,992,821,171,29737,15811,13926,325,169,156,732,374,358
2026,325,Medina County,53726,28280,25446,21416,10780,10636,1001,827,174,30232,16119,14113,327,170,157,750,384,366
2027,325,Medina County,54226,28598,25628,21405,10783,10622,1010,831,179,30719,16421,14298,330,172,158,762,391,371
2028,325,Medina County,54734,28910,25824,21387,10773,10614,1017,834,183,31218,16730,14488,335,174,161,777,399,378
2029,325,Medina County,55226,29229,25997,21376,10775,10601,1028,841,187,31693,17032,14661,339,176,163,790,405,385
2030,325,Medina County,55728,29547,26181,21364,10776,10588,1042,851,191,32181,17334,14847,342,176,166,799,410,389
2031,325,Medina County,56189,29847,26342,21338,10770,10568,1047,853,194,32646,17628,15018,343,177,166,815,419,396
2032,325,Medina County,56630,30144,26486,21301,10764,10537,1055,858,197,33103,17922,15181,347,178,169,824,422,402
2033,325,Medina County,57060,30420,26640,21257,10747,10510,1056,856,200,33557,18208,15349,353,181,172,837,428,409
2034,325,Medina County,57466,30699,26767,21211,10735,10476,1065,861,204,33985,18488,15497,357,183,174,848,432,416
2035,325,Medina County,57842,30954,26888,21140,10704,10436,1070,862,208,34413,18767,15646,364,186,178,855,435,420
2036,325,Medina County,58218,31209,27009,21072,10675,10397,1080,868,212,34833,19038,15795,368,189,179,865,439,426
2037,325,Medina County,58558,31451,27107,20989,10642,10347,1084,869,215,35236,19305,15931,373,192,181,876,443,433
2038,325,Medina County,58874,31671,27203,20893,10598,10295,1085,867,218,35638,19570,16068,377,195,182,881,441,440
2039,325,Medina County,59174,31885,27289,20796,10556,10240,1087,866,221,36024,19825,16199,381,197,184,886,441,445
2040,325,Medina County,59460,32095,27365,20688,10514,10174,1089,864,225,36406,20077,16329,384,199,185,893,441,452
2041,325,Medina County,59737,32299,27438,20577,10462,10115,1096,869,227,36776,20324,16452,385,199,186,903,445,458
2042,325,Medina County,60002,32497,27505,20472,10418,10054,1094,864,230,37136,20569,16567,390,200,190,910,446,464
2043,325,Medina County,60245,32686,27559,20346,10364,9982,1094,862,232,37500,20814,16686,393,200,193,912,446,466
2044,325,Medina County,60488,32878,27610,20233,10320,9913,1099,865,234,37839,21046,16793,397,200,197,920,447,473
2045,325,Medina County,60727,33068,27659,20113,10268,9845,1102,865,237,38183,21287,16896,401,200,201,928,448,480
2046,325,Medina County,60939,33250,27689,19981,10221,9760,1104,866,238,38517,21515,17002,404,197,207,933,451,482
2047,325,Medina County,61174,33431,27743,19874,10178,9696,1104,864,240,38847,21739,17108,406,195,211,943,455,488
2048,325,Medina County,61401,33622,27779,19761,10140,9621,1107,865,242,39176,21965,17211,411,196,215,946,456,490
2049,325,Medina County,61605,33789,27816,19645,10095,9550,1109,865,244,39487,22175,17312,415,195,220,949,459,490
2050,325,Medina County,61824,33977,27847,19552,10066,9486,1109,865,244,39797,22396,17401,416,191,225,950,459,491
2010,327,Menard County,2242,1133,1109,1425,714,711,11,8,3,790,404,386,3,2,1,13,5,8
2011,327,Menard County,2228,1118,1110,1400,694,706,11,8,3,800,409,391,3,2,1,14,5,9
2012,327,Menard County,2217,1109,1108,1378,679,699,11,8,3,810,414,396,3,2,1,15,6,9
2013,327,Menard County,2209,1100,1109,1357,664,693,11,8,3,822,420,402,3,2,1,16,6,10
2014,327,Menard County,2206,1098,1108,1341,654,687,11,8,3,834,427,407,3,2,1,17,7,10
2015,327,Menard County,2199,1093,1106,1322,643,679,11,8,3,845,433,412,3,2,1,18,7,11
2016,327,Menard County,2200,1092,1108,1308,635,673,11,8,3,859,439,420,3,2,1,19,8,11
2017,327,Menard County,2194,1087,1107,1289,624,665,11,8,3,871,445,426,3,2,1,20,8,12
2018,327,Menard County,2187,1083,1104,1271,614,657,11,8,3,882,451,431,3,2,1,20,8,12
2019,327,Menard County,2185,1080,1105,1256,605,651,11,8,3,894,457,437,3,2,1,21,8,13
2020,327,Menard County,2188,1081,1107,1247,599,648,11,8,3,905,463,442,3,2,1,22,9,13
2021,327,Menard County,2185,1080,1105,1233,592,641,11,8,3,915,469,446,3,2,1,23,9,14
2022,327,Menard County,2185,1082,1103,1221,587,634,11,8,3,926,475,451,3,2,1,24,10,14
2023,327,Menard County,2181,1080,1101,1206,580,626,11,8,3,936,480,456,3,2,1,25,10,15
2024,327,Menard County,2170,1073,1097,1186,568,618,11,8,3,944,484,460,3,2,1,26,11,15
2025,327,Menard County,2156,1062,1094,1163,552,611,11,8,3,953,489,464,3,2,1,26,11,15
2026,327,Menard County,2149,1058,1091,1146,544,602,11,8,3,963,493,470,3,2,1,26,11,15
2027,327,Menard County,2140,1053,1087,1129,535,594,11,8,3,970,497,473,3,2,1,27,11,16
2028,327,Menard County,2133,1050,1083,1114,528,586,11,8,3,977,500,477,3,2,1,28,12,16
2029,327,Menard County,2124,1044,1080,1096,517,579,11,8,3,985,505,480,3,2,1,29,12,17
2030,327,Menard County,2119,1042,1077,1084,512,572,11,8,3,991,507,484,3,2,1,30,13,17
2031,327,Menard County,2111,1037,1074,1066,503,563,11,8,3,999,511,488,3,2,1,32,13,19
2032,327,Menard County,2097,1033,1064,1046,494,552,11,8,3,1004,515,489,3,2,1,33,14,19
2033,327,Menard County,2085,1025,1060,1026,483,543,11,8,3,1011,518,493,3,2,1,34,14,20
2034,327,Menard County,2068,1016,1052,1004,473,531,11,8,3,1016,519,497,3,2,1,34,14,20
2035,327,Menard County,2050,1004,1046,984,462,522,11,8,3,1017,518,499,3,2,1,35,14,21
2036,327,Menard County,2042,1000,1042,969,455,514,11,8,3,1023,520,503,3,2,1,36,15,21
2037,327,Menard County,2030,995,1035,956,449,507,11,8,3,1023,521,502,3,2,1,37,15,22
2038,327,Menard County,2009,988,1021,941,442,499,11,8,3,1015,519,496,3,2,1,39,17,22
2039,327,Menard County,2000,982,1018,929,437,492,11,8,3,1018,519,499,3,2,1,39,16,23
2040,327,Menard County,1985,974,1011,918,431,487,11,8,3,1014,516,498,3,2,1,39,17,22
2041,327,Menard County,1968,965,1003,906,426,480,11,8,3,1008,512,496,3,2,1,40,17,23
2042,327,Menard County,1946,955,991,892,419,473,11,8,3,999,508,491,3,2,1,41,18,23
2043,327,Menard County,1925,946,979,879,412,467,11,8,3,990,506,484,3,2,1,42,18,24
2044,327,Menard County,1914,945,969,869,409,460,11,8,3,988,507,481,3,2,1,43,19,24
2045,327,Menard County,1903,943,960,860,408,452,11,8,3,985,506,479,3,2,1,44,19,25
2046,327,Menard County,1896,941,955,854,405,449,11,8,3,983,506,477,3,2,1,45,20,25
2047,327,Menard County,1887,939,948,845,402,443,11,8,3,983,508,475,3,2,1,45,19,26
2048,327,Menard County,1875,938,937,831,398,433,11,8,3,985,510,475,3,2,1,45,20,25
2049,327,Menard County,1860,930,930,817,391,426,10,7,3,986,511,475,3,2,1,44,19,25
2050,327,Menard County,1852,930,922,809,388,421,10,7,3,987,514,473,3,2,1,43,19,24
2010,329,Midland County,136872,67242,69630,72822,35606,37216,8675,4191,4484,51600,25558,26042,1639,820,819,2136,1067,1069
2011,329,Midland County,140716,69456,71260,73079,35853,37226,8893,4338,4555,54725,27245,27480,1787,898,889,2232,1122,1110
2012,329,Midland County,144818,71808,73010,73373,36110,37263,9123,4489,4634,58043,29048,28995,1947,982,965,2332,1179,1153
2013,329,Midland County,149190,74320,74870,73750,36418,37332,9333,4635,4698,61549,30958,30591,2115,1068,1047,2443,1241,1202
2014,329,Midland County,153832,76996,76836,74168,36756,37412,9575,4793,4782,65248,32986,32262,2287,1158,1129,2554,1303,1251
2015,329,Midland County,158745,79843,78902,74642,37123,37519,9806,4953,4853,69166,35146,34020,2464,1254,1210,2667,1367,1300
2016,329,Midland County,163923,82847,81076,75162,37515,37647,10037,5117,4920,73282,37425,35857,2650,1353,1297,2792,1437,1355
2017,329,Midland County,169373,86010,83363,75717,37926,37791,10277,5278,4999,77613,39838,37775,2849,1463,1386,2917,1505,1412
2018,329,Midland County,175087,89325,85762,76297,38352,37945,10511,5436,5075,82172,42382,39790,3070,1584,1486,3037,1571,1466
2019,329,Midland County,181069,92820,88249,76897,38800,38097,10747,5601,5146,86972,45075,41897,3290,1704,1586,3163,1640,1523
2020,329,Midland County,187362,96516,90846,77522,39267,38255,10995,5774,5221,92021,47926,44095,3533,1838,1695,3291,1711,1580
2021,329,Midland County,193975,100380,93595,78173,39745,38428,11246,5939,5307,97331,50928,46403,3793,1983,1810,3432,1785,1647
2022,329,Midland County,200884,104431,96453,78838,40228,38610,11490,6106,5384,102913,54094,48819,4076,2141,1935,3567,1862,1705
2023,329,Midland County,208102,108681,99421,79512,40718,38794,11752,6286,5466,108764,57424,51340,4362,2308,2054,3712,1945,1767
2024,329,Midland County,215639,113103,102536,80193,41212,38981,12006,6458,5548,114904,60925,53979,4687,2491,2196,3849,2017,1832
2025,329,Midland County,223503,117738,105765,80893,41714,39179,12264,6636,5628,121332,64610,56722,5021,2680,2341,3993,2098,1895
2026,329,Midland County,231693,122570,109123,81576,42218,39358,12523,6813,5710,128064,68478,59586,5382,2880,2502,4148,2181,1967
2027,329,Midland County,240246,127611,112635,82278,42732,39546,12790,6998,5792,135124,72540,62584,5755,3078,2677,4299,2263,2036
2028,329,Midland County,249119,132865,116254,82959,43246,39713,13064,7185,5879,142489,76801,65688,6150,3289,2861,4457,2344,2113
2029,329,Midland County,258394,138369,120025,83663,43768,39895,13327,7372,5955,150201,81269,68932,6586,3531,3055,4617,2429,2188
2030,329,Midland County,268083,144113,123970,84367,44289,40078,13608,7565,6043,158269,85953,72316,7052,3786,3266,4787,2520,2267
2031,329,Midland County,278209,150144,128065,85097,44831,40266,13883,7761,6122,166706,90869,75837,7546,4055,3491,4977,2628,2349
2032,329,Midland County,288762,156430,132332,85829,45373,40456,14171,7961,6210,175535,96025,79510,8051,4329,3722,5176,2742,2434
2033,329,Midland County,299737,162976,136761,86575,45919,40656,14449,8156,6293,184738,101415,83323,8608,4635,3973,5367,2851,2516
2034,329,Midland County,311198,169827,141371,87337,46480,40857,14727,8362,6365,194378,107072,87306,9184,4945,4239,5572,2968,2604
2035,329,Midland County,323153,176966,146187,88104,47038,41066,15016,8573,6443,204435,112985,91450,9821,5287,4534,5777,3083,2694
2036,329,Midland County,335583,184414,151169,88881,47604,41277,15298,8780,6518,214932,119173,95759,10487,5654,4833,5985,3203,2782
2037,329,Midland County,348567,192187,156380,89684,48172,41512,15595,9006,6589,225904,125651,100253,11177,6029,5148,6207,3329,2878
2038,329,Midland County,362068,200283,161785,90501,48753,41748,15877,9217,6660,237338,132421,104917,11919,6437,5482,6433,3455,2978
2039,329,Midland County,376163,208726,167437,91353,49351,42002,16170,9435,6735,249267,139484,109783,12715,6881,5834,6658,3575,3083
2040,329,Midland County,390818,217519,173299,92226,49964,42262,16462,9658,6804,261688,146855,114833,13551,7339,6212,6891,3703,3188
2041,329,Midland County,406122,226697,179425,93117,50577,42540,16771,9887,6884,274637,154554,120083,14462,7845,6617,7135,3834,3301
2042,329,Midland County,422001,236217,185784,94033,51201,42832,17059,10107,6952,288113,162575,125538,15422,8375,7047,7374,3959,3415
2043,329,Midland County,438547,246134,192413,94967,51833,43134,17355,10336,7019,302148,170929,131219,16445,8948,7497,7632,4088,3544
2044,329,Midland County,455734,256420,199314,95921,52472,43449,17652,10556,7096,316728,179623,137105,17540,9547,7993,7893,4222,3671
2045,329,Midland County,473594,267127,206467,96885,53120,43765,17938,10776,7162,331886,188666,143220,18703,10195,8508,8182,4370,3812
2046,329,Midland County,492146,278230,213916,97872,53767,44105,18232,10999,7233,347612,198054,149558,19950,10886,9064,8480,4524,3956
2047,329,Midland County,511347,289723,221624,98852,54412,44440,18521,11220,7301,363918,207791,156127,21271,11620,9651,8785,4680,4105
2048,329,Midland County,531235,301628,229607,99818,55046,44772,18789,11432,7357,380830,217898,162932,22696,12410,10286,9102,4842,4260
2049,329,Midland County,551801,313926,237875,100812,55686,45126,19060,11644,7416,398330,228363,169967,24169,13220,10949,9430,5013,4417
2050,329,Midland County,573085,326639,246446,101777,56308,45469,19339,11858,7481,416462,239207,177255,25727,14078,11649,9780,5188,4592
2010,331,Milam County,24757,12225,12532,16216,7952,8264,2380,1130,1250,5780,2949,2831,95,47,48,286,147,139
2011,331,Milam County,24708,12217,12491,16072,7892,8180,2346,1112,1234,5899,3014,2885,97,48,49,294,151,143
2012,331,Milam County,24668,12206,12462,15914,7817,8097,2316,1097,1219,6037,3088,2949,99,49,50,302,155,147
2013,331,Milam County,24657,12218,12439,15775,7761,8014,2298,1086,1212,6173,3162,3011,101,50,51,310,159,151
2014,331,Milam County,24653,12220,12433,15641,7696,7945,2276,1071,1205,6314,3238,3076,103,51,52,319,164,155
2015,331,Milam County,24634,12212,12422,15494,7620,7874,2241,1052,1189,6466,3319,3147,105,52,53,328,169,159
2016,331,Milam County,24642,12218,12424,15361,7558,7803,2223,1038,1185,6615,3396,3219,107,53,54,336,173,163
2017,331,Milam County,24661,12232,12429,15238,7497,7741,2200,1026,1174,6767,3476,3291,109,54,55,347,179,168
2018,331,Milam County,24662,12240,12422,15104,7430,7674,2169,1013,1156,6917,3556,3361,111,55,56,361,186,175
2019,331,Milam County,24655,12241,12414,14969,7364,7605,2139,999,1140,7061,3630,3431,113,56,57,373,192,181
2020,331,Milam County,24635,12230,12405,14820,7285,7535,2115,989,1126,7201,3702,3499,114,57,57,385,197,188
2021,331,Milam County,24634,12245,12389,14679,7217,7462,2089,978,1111,7354,3789,3565,115,57,58,397,204,193
2022,331,Milam County,24627,12247,12380,14539,7150,7389,2063,965,1098,7499,3864,3635,116,58,58,410,210,200
2023,331,Milam County,24589,12232,12357,14382,7076,7306,2023,944,1079,7647,3941,3706,117,58,59,420,213,207
2024,331,Milam County,24559,12220,12339,14231,7005,7226,1993,928,1065,7787,4010,3777,117,59,58,431,218,213
2025,331,Milam County,24523,12204,12319,14078,6933,7145,1952,906,1046,7934,4082,3852,118,59,59,441,224,217
2026,331,Milam County,24487,12196,12291,13924,6865,7059,1921,890,1031,8071,4152,3919,119,60,59,452,229,223
2027,331,Milam County,24438,12184,12254,13762,6791,6971,1886,875,1011,8210,4224,3986,120,60,60,460,234,226
2028,331,Milam County,24366,12168,12198,13595,6720,6875,1844,855,989,8339,4295,4044,120,61,59,468,237,231
2029,331,Milam County,24317,12161,12156,13431,6643,6788,1810,842,968,8482,4375,4107,121,61,60,473,240,233
2030,331,Milam County,24250,12149,12101,13252,6563,6689,1773,827,946,8622,4453,4169,122,62,60,481,244,237
2031,331,Milam County,24159,12116,12043,13059,6474,6585,1742,814,928,8750,4520,4230,122,61,61,486,247,239
2032,331,Milam County,24061,12084,11977,12862,6383,6479,1710,804,906,8874,4584,4290,123,62,61,492,251,241
2033,331,Milam County,23958,12045,11913,12660,6286,6374,1673,791,882,9005,4653,4352,123,62,61,497,253,244
2034,331,Milam County,23868,12011,11857,12467,6196,6271,1637,776,861,9138,4720,4418,123,63,60,503,256,247
2035,331,Milam County,23773,11976,11797,12276,6108,6168,1603,763,840,9261,4783,4478,124,63,61,509,259,250
2036,331,Milam County,23673,11936,11737,12071,6011,6060,1571,749,822,9394,4853,4541,125,64,61,512,259,253
2037,331,Milam County,23578,11891,11687,11877,5918,5959,1536,730,806,9518,4915,4603,126,64,62,521,264,257
2038,331,Milam County,23477,11841,11636,11673,5822,5851,1504,711,793,9650,4980,4670,126,64,62,524,264,260
2039,331,Milam County,23367,11801,11566,11468,5729,5739,1472,694,778,9773,5051,4722,128,65,63,526,262,264
2040,331,Milam County,23247,11737,11510,11271,5633,5638,1436,675,761,9881,5098,4783,129,67,62,530,264,266
2041,331,Milam County,23138,11692,11446,11074,5543,5531,1397,653,744,10006,5163,4843,127,66,61,534,267,267
2042,331,Milam County,23008,11631,11377,10867,5448,5419,1366,637,729,10107,5211,4896,127,66,61,541,269,272
2043,331,Milam County,22904,11591,11313,10676,5360,5316,1336,623,713,10217,5270,4947,129,67,62,546,271,275
2044,331,Milam County,22802,11545,11257,10481,5267,5214,1308,613,695,10331,5326,5005,130,67,63,552,272,280
2045,331,Milam County,22686,11500,11186,10297,5183,5114,1283,603,680,10417,5371,5046,130,67,63,559,276,283
2046,331,Milam County,22591,11459,11132,10111,5094,5017,1266,596,670,10523,5426,5097,129,66,63,562,277,285
2047,331,Milam County,22486,11423,11063,9934,5017,4917,1245,590,655,10607,5469,5138,128,65,63,572,282,290
2048,331,Milam County,22387,11384,11003,9762,4936,4826,1224,582,642,10703,5521,5182,129,66,63,569,279,290
2049,331,Milam County,22290,11355,10935,9592,4863,4729,1203,577,626,10790,5568,5222,130,67,63,575,280,295
2050,331,Milam County,22190,11302,10888,9412,4777,4635,1180,568,612,10887,5609,5278,130,66,64,581,282,299
2010,333,Mills County,4936,2445,2491,4024,1965,2059,26,13,13,818,429,389,10,4,6,58,34,24
2011,333,Mills County,4909,2427,2482,3981,1939,2042,26,13,13,833,437,396,10,4,6,59,34,25
2012,333,Mills County,4896,2418,2478,3949,1920,2029,27,14,13,849,445,404,10,4,6,61,35,26
2013,333,Mills County,4889,2410,2479,3925,1904,2021,28,14,14,863,452,411,10,4,6,63,36,27
2014,333,Mills County,4879,2401,2478,3896,1884,2012,29,15,14,879,461,418,10,4,6,65,37,28
2015,333,Mills County,4875,2396,2479,3874,1870,2004,30,15,15,894,469,425,10,4,6,67,38,29
2016,333,Mills County,4874,2395,2479,3854,1858,1996,31,16,15,910,478,432,10,4,6,69,39,30
2017,333,Mills County,4879,2394,2485,3840,1849,1991,32,16,16,926,485,441,10,4,6,71,40,31
2018,333,Mills County,4885,2395,2490,3825,1838,1987,33,17,16,944,495,449,10,4,6,73,41,32
2019,333,Mills County,4876,2384,2492,3792,1816,1976,34,17,17,965,505,460,10,4,6,75,42,33
2020,333,Mills County,4870,2373,2497,3763,1794,1969,36,18,18,984,514,470,10,4,6,77,43,34
2021,333,Mills County,4863,2364,2499,3740,1779,1961,38,19,19,998,519,479,10,4,6,77,43,34
2022,333,Mills County,4847,2351,2496,3704,1755,1949,40,20,20,1014,528,486,10,4,6,79,44,35
2023,333,Mills County,4843,2342,2501,3682,1736,1946,42,21,21,1028,536,492,10,4,6,81,45,36
2024,333,Mills County,4832,2331,2501,3655,1716,1939,44,22,22,1040,543,497,10,4,6,83,46,37
2025,333,Mills County,4826,2328,2498,3633,1702,1931,46,23,23,1053,552,501,10,4,6,84,47,37
2026,333,Mills County,4809,2321,2488,3601,1684,1917,47,24,23,1065,561,504,10,4,6,86,48,38
2027,333,Mills County,4790,2307,2483,3566,1660,1906,48,24,24,1078,570,508,10,4,6,88,49,39
2028,333,Mills County,4778,2295,2483,3535,1636,1899,49,25,24,1094,580,514,10,4,6,90,50,40
2029,333,Mills County,4759,2282,2477,3503,1616,1887,50,25,25,1105,587,518,10,4,6,91,50,41
2030,333,Mills County,4744,2269,2475,3475,1595,1880,51,26,25,1115,593,522,10,4,6,93,51,42
2031,333,Mills County,4722,2250,2472,3439,1571,1868,52,26,26,1126,598,528,10,4,6,95,51,44
2032,333,Mills County,4699,2239,2460,3402,1550,1852,53,27,26,1137,606,531,10,4,6,97,52,45
2033,333,Mills County,4668,2220,2448,3358,1521,1837,54,27,27,1147,615,532,10,4,6,99,53,46
2034,333,Mills County,4641,2203,2438,3315,1494,1821,55,28,27,1160,623,537,10,4,6,101,54,47
2035,333,Mills County,4612,2184,2428,3274,1468,1806,56,28,28,1169,629,540,10,4,6,103,55,48
2036,333,Mills County,4584,2166,2418,3234,1443,1791,57,29,28,1179,635,544,10,4,6,104,55,49
2037,333,Mills County,4549,2147,2402,3186,1416,1770,58,29,29,1190,643,547,10,4,6,105,55,50
2038,333,Mills County,4524,2129,2395,3148,1390,1758,59,30,29,1201,650,551,10,4,6,106,55,51
2039,333,Mills County,4500,2111,2389,3109,1363,1746,60,30,30,1212,657,555,10,4,6,109,57,52
2040,333,Mills County,4476,2093,2383,3071,1337,1734,61,31,30,1226,665,561,10,4,6,108,56,52
2041,333,Mills County,4447,2074,2373,3026,1311,1715,62,31,31,1239,671,568,10,4,6,110,57,53
2042,333,Mills County,4430,2062,2368,2994,1289,1705,63,32,31,1252,679,573,10,4,6,111,58,53
2043,333,Mills County,4407,2043,2364,2958,1264,1694,65,33,32,1260,683,577,10,4,6,114,59,55
2044,333,Mills County,4394,2030,2364,2931,1243,1688,67,34,33,1271,690,581,10,4,6,115,59,56
2045,333,Mills County,4381,2020,2361,2906,1226,1680,69,35,34,1278,694,584,10,4,6,118,61,57
2046,333,Mills County,4359,2006,2353,2879,1208,1671,71,36,35,1279,696,583,10,4,6,120,62,58
2047,333,Mills County,4342,1991,2351,2853,1187,1666,73,37,36,1286,703,583,10,4,6,120,60,60
2048,333,Mills County,4317,1977,2340,2830,1172,1658,75,38,37,1280,702,578,10,4,6,122,61,61
2049,333,Mills County,4308,1964,2344,2817,1158,1659,77,39,38,1282,703,579,10,4,6,122,60,62
2050,333,Mills County,4285,1944,2341,2791,1139,1652,78,40,38,1283,701,582,10,4,6,123,60,63
2010,335,Mitchell County,9403,5746,3657,4753,2509,2244,1043,922,121,3481,2245,1236,27,16,11,99,54,45
2011,335,Mitchell County,9443,5758,3685,4756,2511,2245,1047,924,123,3512,2252,1260,27,16,11,101,55,46
2012,335,Mitchell County,9493,5779,3714,4765,2516,2249,1053,929,124,3544,2261,1283,27,16,11,104,57,47
2013,335,Mitchell County,9537,5792,3745,4768,2516,2252,1057,932,125,3578,2270,1308,27,16,11,107,58,49
2014,335,Mitchell County,9581,5807,3774,4762,2514,2248,1066,938,128,3615,2278,1337,28,17,11,110,60,50
2015,335,Mitchell County,9622,5814,3808,4764,2516,2248,1065,935,130,3651,2285,1366,29,17,12,113,61,52
2016,335,Mitchell County,9678,5828,3850,4773,2520,2253,1068,936,132,3691,2291,1400,30,18,12,116,63,53
2017,335,Mitchell County,9713,5825,3888,4770,2514,2256,1067,933,134,3726,2296,1430,31,18,13,119,64,55
2018,335,Mitchell County,9764,5842,3922,4768,2514,2254,1070,934,136,3772,2309,1463,32,19,13,122,66,56
2019,335,Mitchell County,9802,5844,3958,4765,2511,2254,1071,933,138,3808,2314,1494,33,19,14,125,67,58
2020,335,Mitchell County,9865,5863,4002,4774,2515,2259,1075,935,140,3855,2324,1531,34,20,14,127,69,58
2021,335,Mitchell County,9895,5858,4037,4764,2503,2261,1074,933,141,3893,2332,1561,35,20,15,129,70,59
2022,335,Mitchell County,9943,5870,4073,4766,2502,2264,1073,932,141,3936,2343,1593,36,21,15,132,72,60
2023,335,Mitchell County,10004,5889,4115,4770,2505,2265,1081,937,144,3982,2354,1628,37,21,16,134,72,62
2024,335,Mitchell County,10039,5897,4142,4762,2506,2256,1083,938,145,4020,2358,1662,38,22,16,136,73,63
2025,335,Mitchell County,10084,5908,4176,4761,2505,2256,1088,941,147,4058,2366,1692,38,22,16,139,74,65
2026,335,Mitchell County,10119,5908,4211,4756,2498,2258,1091,942,149,4092,2370,1722,38,22,16,142,76,66
2027,335,Mitchell County,10145,5910,4235,4750,2494,2256,1094,944,150,4120,2374,1746,38,22,16,143,76,67
2028,335,Mitchell County,10161,5909,4252,4741,2491,2250,1097,948,149,4138,2370,1768,38,22,16,147,78,69
2029,335,Mitchell County,10187,5914,4273,4745,2493,2252,1100,950,150,4156,2369,1787,37,22,15,149,80,69
2030,335,Mitchell County,10206,5915,4291,4742,2490,2252,1105,954,151,4170,2368,1802,37,22,15,152,81,71
2031,335,Mitchell County,10232,5922,4310,4742,2493,2249,1110,957,153,4186,2366,1820,37,22,15,157,84,73
2032,335,Mitchell County,10262,5928,4334,4742,2495,2247,1114,960,154,4209,2365,1844,37,22,15,160,86,74
2033,335,Mitchell County,10277,5929,4348,4732,2493,2239,1117,963,154,4228,2363,1865,37,22,15,163,88,75
2034,335,Mitchell County,10298,5931,4367,4725,2494,2231,1119,963,156,4250,2362,1888,37,22,15,167,90,77
2035,335,Mitchell County,10327,5942,4385,4721,2496,2225,1121,964,157,4278,2369,1909,37,22,15,170,91,79
2036,335,Mitchell County,10338,5934,4404,4711,2497,2214,1121,962,159,4299,2364,1935,37,22,15,170,89,81
2037,335,Mitchell County,10346,5939,4407,4697,2491,2206,1118,961,157,4318,2371,1947,37,22,15,176,94,82
2038,335,Mitchell County,10350,5933,4417,4678,2485,2193,1120,963,157,4338,2370,1968,37,22,15,177,93,84
2039,335,Mitchell County,10363,5928,4435,4656,2471,2185,1121,962,159,4366,2376,1990,37,22,15,183,97,86
2040,335,Mitchell County,10376,5922,4454,4640,2464,2176,1121,961,160,4393,2378,2015,37,22,15,185,97,88
2041,335,Mitchell County,10386,5920,4466,4629,2463,2166,1119,959,160,4412,2377,2035,37,22,15,189,99,90
2042,335,Mitchell County,10389,5912,4477,4612,2455,2157,1117,956,161,4435,2382,2053,37,22,15,188,97,91
2043,335,Mitchell County,10396,5912,4484,4596,2452,2144,1115,953,162,4454,2384,2070,38,22,16,193,101,92
2044,335,Mitchell County,10412,5909,4503,4579,2442,2137,1116,952,164,4482,2390,2092,39,23,16,196,102,94
2045,335,Mitchell County,10422,5903,4519,4566,2441,2125,1114,949,165,4503,2387,2116,40,23,17,199,103,96
2046,335,Mitchell County,10429,5900,4529,4554,2435,2119,1108,943,165,4520,2391,2129,41,24,17,206,107,99
2047,335,Mitchell County,10430,5887,4543,4547,2433,2114,1103,937,166,4533,2387,2146,41,23,18,206,107,99
2048,335,Mitchell County,10431,5886,4545,4531,2431,2100,1101,936,165,4549,2387,2162,41,23,18,209,109,100
2049,335,Mitchell County,10438,5876,4562,4523,2429,2094,1094,931,163,4570,2385,2185,42,23,19,209,108,101
2050,335,Mitchell County,10440,5865,4575,4518,2428,2090,1088,926,162,4576,2376,2200,43,24,19,215,111,104
2010,337,Montague County,19719,9665,10054,17347,8488,8859,38,27,11,1930,968,962,59,24,35,345,158,187
2011,337,Montague County,19663,9649,10014,17248,8452,8796,40,28,12,1961,982,979,61,25,36,353,162,191
2012,337,Montague County,19597,9624,9973,17135,8404,8731,42,29,13,1997,1000,997,63,26,37,360,165,195
2013,337,Montague County,19549,9613,9936,17033,8366,8667,44,30,14,2038,1020,1018,65,27,38,369,170,199
2014,337,Montague County,19508,9604,9904,16934,8327,8607,46,31,15,2083,1042,1041,66,28,38,379,176,203
2015,337,Montague County,19446,9580,9866,16814,8273,8541,48,32,16,2128,1064,1064,67,28,39,389,183,206
2016,337,Montague County,19392,9563,9829,16703,8226,8477,50,33,17,2172,1087,1085,68,29,39,399,188,211
2017,337,Montague County,19350,9552,9798,16594,8179,8415,53,34,19,2221,1115,1106,69,29,40,413,195,218
2018,337,Montague County,19298,9537,9761,16479,8131,8348,56,36,20,2267,1139,1128,70,30,40,426,201,225
2019,337,Montague County,19247,9522,9725,16363,8082,8281,59,37,22,2315,1165,1150,71,30,41,439,208,231
2020,337,Montague County,19199,9506,9693,16249,8030,8219,62,39,23,2366,1193,1173,72,31,41,450,213,237
2021,337,Montague County,19154,9486,9668,16138,7976,8162,65,40,25,2418,1220,1198,73,31,42,460,219,241
2022,337,Montague County,19099,9467,9632,16016,7919,8097,68,42,26,2471,1249,1222,74,32,42,470,225,245
2023,337,Montague County,19038,9445,9593,15891,7860,8031,71,43,28,2519,1278,1241,75,32,43,482,232,250
2024,337,Montague County,18964,9416,9548,15757,7797,7960,74,45,29,2563,1303,1260,76,33,43,494,238,256
2025,337,Montague County,18883,9386,9497,15615,7730,7885,77,46,31,2607,1331,1276,77,33,44,507,246,261
2026,337,Montague County,18783,9352,9431,15465,7666,7799,80,48,32,2643,1353,1290,78,34,44,517,251,266
2027,337,Montague County,18674,9303,9371,15313,7593,7720,83,49,34,2675,1373,1302,79,34,45,524,254,270
2028,337,Montague County,18549,9255,9294,15146,7518,7628,86,51,35,2705,1393,1312,80,35,45,532,258,274
2029,337,Montague County,18421,9202,9219,14982,7442,7540,89,52,37,2731,1410,1321,81,35,46,538,263,275
2030,337,Montague County,18297,9152,9145,14821,7369,7452,92,54,38,2755,1425,1330,82,36,46,547,268,279
2031,337,Montague County,18145,9085,9060,14648,7291,7357,95,55,40,2766,1432,1334,83,36,47,553,271,282
2032,337,Montague County,17985,9019,8966,14463,7205,7258,98,57,41,2786,1447,1339,84,37,47,554,273,281
2033,337,Montague County,17819,8951,8868,14275,7122,7153,101,58,43,2800,1460,1340,85,37,48,558,274,284
2034,337,Montague County,17675,8890,8785,14098,7045,7053,104,60,44,2825,1472,1353,86,38,48,562,275,287
2035,337,Montague County,17514,8822,8692,13905,6959,6946,107,61,46,2848,1484,1364,87,38,49,567,280,287
2036,337,Montague County,17358,8754,8604,13722,6879,6843,110,63,47,2869,1494,1375,87,39,48,570,279,291
2037,337,Montague County,17190,8679,8511,13523,6789,6734,113,64,49,2893,1506,1387,87,39,48,574,281,293
2038,337,Montague County,17036,8610,8426,13342,6704,6638,116,66,50,2912,1517,1395,88,40,48,578,283,295
2039,337,Montague County,16861,8526,8335,13148,6615,6533,119,67,52,2925,1520,1405,88,40,48,581,284,297
2040,337,Montague County,16699,8464,8235,12968,6544,6424,123,69,54,2936,1526,1410,88,41,47,584,284,300
2041,337,Montague County,16542,8401,8141,12791,6469,6322,127,71,56,2949,1535,1414,89,41,48,586,285,301
2042,337,Montague County,16391,8334,8057,12616,6390,6226,131,73,58,2962,1544,1418,90,42,48,592,285,307
2043,337,Montague County,16246,8276,7970,12433,6312,6121,135,75,60,2991,1560,1431,90,41,49,597,288,309
2044,337,Montague County,16118,8224,7894,12270,6241,6029,139,77,62,3018,1577,1441,91,42,49,600,287,313
2045,337,Montague County,15970,8155,7815,12090,6160,5930,143,79,64,3037,1583,1454,92,42,50,608,291,317
2046,337,Montague County,15837,8103,7734,11942,6099,5843,147,81,66,3044,1588,1456,93,43,50,611,292,319
2047,337,Montague County,15715,8053,7662,11787,6030,5757,151,83,68,3065,1601,1464,94,43,51,618,296,322
2048,337,Montague County,15579,7990,7589,11625,5957,5668,155,85,70,3084,1608,1476,94,44,50,621,296,325
2049,337,Montague County,15455,7936,7519,11476,5892,5584,159,87,72,3101,1617,1484,95,44,51,624,296,328
2050,337,Montague County,15318,7868,7450,11325,5819,5506,162,88,74,3113,1621,1492,94,44,50,624,296,328
2010,339,Montgomery County,455746,225911,229835,324611,159667,164944,18537,8908,9629,94698,48868,45830,9347,4306,5041,8553,4162,4391
2011,339,Montgomery County,469608,232782,236826,331209,162983,168226,19553,9429,10124,99778,51357,48421,10071,4636,5435,8997,4377,4620
2012,339,Montgomery County,483844,239817,244027,337853,166320,171533,20603,9967,10636,105091,53954,51137,10842,4983,5859,9455,4593,4862
2013,339,Montgomery County,498462,247047,251415,344581,169702,174879,21697,10531,11166,110605,56639,53966,11668,5360,6308,9911,4815,5096
2014,339,Montgomery County,513527,254470,259057,351370,173095,178275,22849,11127,11722,116343,59436,56907,12573,5774,6799,10392,5038,5354
2015,339,Montgomery County,529069,262109,266960,358259,176543,181716,24049,11744,12305,122329,62335,59994,13524,6203,7321,10908,5284,5624
2016,339,Montgomery County,545002,269934,275068,365195,180005,185190,25293,12385,12908,128526,65336,63190,14546,6670,7876,11442,5538,5904
2017,339,Montgomery County,561426,278009,283417,372205,183500,188705,26595,13063,13532,135002,68471,66531,15626,7168,8458,11998,5807,6191
2018,339,Montgomery County,578393,286324,292069,379283,187032,192251,27975,13779,14196,141749,71719,70030,16797,7705,9092,12589,6089,6500
2019,339,Montgomery County,595867,294874,300993,386432,190589,195843,29413,14529,14884,148761,75093,73668,18061,8280,9781,13200,6383,6817
2020,339,Montgomery County,613932,303705,310227,393697,194214,199483,30923,15313,15610,156053,78589,77464,19417,8902,10515,13842,6687,7155
2021,339,Montgomery County,632666,312860,319806,401092,197901,203191,32501,16135,16366,163680,82241,81439,20871,9574,11297,14522,7009,7513
2022,339,Montgomery County,652049,322324,329725,408581,201628,206953,34142,16992,17150,171632,86039,85593,22458,10310,12148,15236,7355,7881
2023,339,Montgomery County,672093,332110,339983,416193,205425,210768,35871,17903,17968,179908,89980,89928,24153,11092,13061,15968,7710,8258
2024,339,Montgomery County,692805,342202,350603,423886,209262,214624,37648,18831,18817,188551,94093,94458,25981,11934,14047,16739,8082,8657
2025,339,Montgomery County,714215,352647,361568,431643,213141,218502,39528,19825,19703,197557,98373,99184,27932,12829,15103,17555,8479,9076
2026,339,Montgomery County,736281,363378,372903,439431,217037,222394,41471,20844,20627,206932,102812,104120,30033,13793,16240,18414,8892,9522
2027,339,Montgomery County,758996,374458,384538,447233,220949,226284,43492,21917,21575,216699,107439,109260,32273,14829,17444,19299,9324,9975
2028,339,Montgomery County,782413,385855,396558,455069,224883,230186,45589,23029,22560,226861,112234,114627,34666,15941,18725,20228,9768,10460
2029,339,Montgomery County,806496,397558,408938,462925,228841,234084,47765,24179,23586,237430,117205,120225,37190,17105,20085,21186,10228,10958
2030,339,Montgomery County,831289,409649,421640,470787,232832,237955,50021,25385,24636,248420,122373,126047,39884,18354,21530,22177,10705,11472
2031,339,Montgomery County,856730,422026,434704,478600,236801,241799,52358,26633,25725,259819,127721,132098,42743,19678,23065,23210,11193,12017
2032,339,Montgomery County,882794,434709,448085,486301,240736,245565,54778,27930,26848,271648,133266,138382,45794,21081,24713,24273,11696,12577
2033,339,Montgomery County,909482,447674,461808,493895,244627,249268,57274,29261,28013,283904,138995,144909,49038,22575,26463,25371,12216,13155
2034,339,Montgomery County,936774,460924,475850,501347,248459,252888,59861,30653,29208,296584,144919,151665,52482,24144,28338,26500,12749,13751
2035,339,Montgomery County,964674,474449,490225,508677,252242,256435,62542,32099,30443,309691,151033,158658,56107,25793,30314,27657,13282,14375
2036,339,Montgomery County,993242,488295,504947,515880,255979,259901,65295,33588,31707,323243,157340,165903,59960,27544,32416,28864,13844,15020
2037,339,Montgomery County,1022450,502426,520024,522964,259655,263309,68138,35132,33006,337253,163850,173403,64008,29389,34619,30087,14400,15687
2038,339,Montgomery County,1052392,516917,535475,529971,263321,266650,71081,36732,34349,351727,170571,181156,68290,31331,36959,31323,14962,16361
2039,339,Montgomery County,1083015,531723,551292,536853,266939,269914,74112,38387,35725,366659,177496,189163,72801,33377,39424,32590,15524,17066
2040,339,Montgomery County,1114469,546915,567554,543662,270530,273132,77234,40098,37136,382073,184631,197442,77587,35547,42040,33913,16109,17804
2041,339,Montgomery County,1146718,562474,584244,550387,274084,276303,80455,41874,38581,397978,191984,205994,82641,37833,44808,35257,16699,18558
2042,339,Montgomery County,1179854,578427,601427,557076,277638,279438,83773,43701,40072,414373,199550,214823,87986,40248,47738,36646,17290,19356
2043,339,Montgomery County,1213899,594806,619093,563712,281172,282540,87195,45594,41601,431271,207337,223934,93660,42818,50842,38061,17885,20176
2044,339,Montgomery County,1248959,611678,637281,570324,284707,285617,90728,47558,43170,448692,215357,233335,99677,45539,54138,39538,18517,21021
2045,339,Montgomery County,1285047,629030,656017,576933,288255,288678,94369,49590,44779,466630,223613,243017,106068,48429,57639,41047,19143,21904
2046,339,Montgomery County,1322254,646886,675368,583554,291813,291741,98140,51700,46440,485116,232096,253020,112839,51487,61352,42605,19790,22815
2047,339,Montgomery County,1360649,665316,695333,590219,295407,294812,102008,53867,48141,504164,240828,263336,120012,54740,65272,44246,20474,23772
2048,339,Montgomery County,1400263,684317,715946,596929,299033,297896,106006,56113,49893,523774,249811,273963,127637,58202,69435,45917,21158,24759
2049,339,Montgomery County,1441169,703918,737251,603690,302689,301001,110117,58424,51693,543961,259042,284919,135730,61885,73845,47671,21878,25793
2050,339,Montgomery County,1483476,724183,759293,610522,306398,304124,114356,60815,53541,564758,268535,296223,144326,65797,78529,49514,22638,26876
2010,341,Moore County,21904,11317,10587,8370,4091,4279,287,205,82,11542,6019,5523,1323,774,549,382,228,154
2011,341,Moore County,21848,11297,10551,8180,4012,4168,292,208,84,11601,6049,5552,1385,796,589,390,232,158
2012,341,Moore County,21819,11286,10533,8012,3941,4071,296,210,86,11658,6079,5579,1455,820,635,398,236,162
2013,341,Moore County,21790,11268,10522,7842,3868,3974,300,212,88,11716,6107,5609,1528,843,685,404,238,166
2014,341,Moore County,21762,11249,10513,7673,3789,3884,307,217,90,11769,6135,5634,1602,867,735,411,241,170
2015,341,Moore County,21733,11238,10495,7515,3723,3792,311,219,92,11815,6160,5655,1673,891,782,419,245,174
2016,341,Moore County,21713,11222,10491,7357,3653,3704,317,224,93,11857,6178,5679,1753,916,837,429,251,178
2017,341,Moore County,21696,11204,10492,7202,3582,3620,323,227,96,11892,6194,5698,1838,943,895,441,258,183
2018,341,Moore County,21657,11165,10492,7047,3509,3538,328,229,99,11914,6198,5716,1922,970,952,446,259,187
2019,341,Moore County,21612,11127,10485,6886,3432,3454,332,231,101,11933,6204,5729,2004,994,1010,457,266,191
2020,341,Moore County,21573,11101,10472,6738,3364,3374,333,231,102,11937,6206,5731,2096,1027,1069,469,273,196
2021,341,Moore County,21542,11070,10472,6586,3294,3292,338,233,105,11948,6208,5740,2193,1058,1135,477,277,200
2022,341,Moore County,21511,11035,10476,6430,3226,3204,340,233,107,11956,6208,5748,2293,1084,1209,492,284,208
2023,341,Moore County,21491,11009,10482,6291,3169,3122,344,235,109,11953,6202,5751,2400,1115,1285,503,288,215
2024,341,Moore County,21440,10961,10479,6125,3097,3028,347,236,111,11947,6192,5755,2507,1144,1363,514,292,222
2025,341,Moore County,21409,10932,10477,5971,3032,2939,351,238,113,11941,6185,5756,2618,1176,1442,528,301,227
2026,341,Moore County,21386,10905,10481,5825,2970,2855,355,240,115,11933,6183,5750,2733,1203,1530,540,309,231
2027,341,Moore County,21356,10863,10493,5683,2908,2775,359,242,117,11912,6167,5745,2852,1232,1620,550,314,236
2028,341,Moore County,21338,10821,10517,5547,2849,2698,362,243,119,11887,6149,5738,2982,1262,1720,560,318,242
2029,341,Moore County,21330,10789,10541,5418,2790,2628,367,246,121,11856,6134,5722,3121,1295,1826,568,324,244
2030,341,Moore County,21335,10758,10577,5288,2731,2557,372,249,123,11823,6115,5708,3272,1334,1938,580,329,251
2031,341,Moore County,21334,10720,10614,5153,2668,2485,377,252,125,11785,6095,5690,3428,1371,2057,591,334,257
2032,341,Moore County,21344,10687,10657,5027,2611,2416,381,254,127,11744,6067,5677,3586,1412,2174,606,343,263
2033,341,Moore County,21365,10646,10719,4901,2549,2352,383,255,128,11702,6041,5661,3763,1454,2309,616,347,269
2034,341,Moore County,21395,10608,10787,4779,2490,2289,385,255,130,11647,6006,5641,3953,1503,2450,631,354,277
2035,341,Moore County,21419,10564,10855,4654,2428,2226,389,257,132,11580,5971,5609,4153,1548,2605,643,360,283
2036,341,Moore County,21461,10518,10943,4540,2374,2166,392,258,134,11515,5932,5583,4363,1592,2771,651,362,289
2037,341,Moore County,21513,10487,11026,4420,2319,2101,396,261,135,11452,5900,5552,4584,1641,2943,661,366,295
2038,341,Moore County,21584,10450,11134,4307,2266,2041,401,264,137,11369,5851,5518,4831,1696,3135,676,373,303
2039,341,Moore County,21649,10412,11237,4186,2209,1977,405,266,139,11294,5811,5483,5076,1750,3326,688,376,312
2040,341,Moore County,21725,10369,11356,4071,2154,1917,408,267,141,11216,5760,5456,5327,1802,3525,703,386,317
2041,341,Moore County,21819,10342,11477,3962,2100,1862,410,267,143,11140,5721,5419,5597,1867,3730,710,387,323
2042,341,Moore County,21911,10306,11605,3847,2045,1802,413,269,144,11053,5671,5382,5876,1929,3947,722,392,330
2043,341,Moore County,22034,10275,11759,3744,1994,1750,416,270,146,10965,5619,5346,6178,1997,4181,731,395,336
2044,341,Moore County,22151,10240,11911,3637,1941,1696,417,269,148,10859,5570,5289,6492,2058,4434,746,402,344
2045,341,Moore County,22313,10217,12096,3542,1897,1645,419,270,149,10766,5513,5253,6823,2128,4695,763,409,354
2046,341,Moore County,22479,10187,12292,3453,1853,1600,420,270,150,10667,5455,5212,7164,2196,4968,775,413,362
2047,341,Moore County,22654,10169,12485,3375,1813,1562,421,270,151,10559,5400,5159,7512,2269,5243,787,417,370
2048,341,Moore County,22864,10154,12710,3301,1774,1527,423,271,152,10449,5340,5109,7889,2345,5544,802,424,378
2049,341,Moore County,23098,10145,12953,3230,1739,1491,425,272,153,10342,5279,5063,8284,2425,5859,817,430,387
2050,341,Moore County,23336,10138,13198,3158,1705,1453,426,273,153,10224,5216,5008,8699,2510,6189,829,434,395
2010,343,Morris County,12934,6239,6695,8636,4187,4449,2952,1353,1599,1003,527,476,43,20,23,300,152,148
2011,343,Morris County,12873,6215,6658,8574,4151,4423,2918,1347,1571,1032,542,490,43,20,23,306,155,151
2012,343,Morris County,12835,6198,6637,8527,4119,4408,2889,1343,1546,1064,558,506,43,20,23,312,158,154
2013,343,Morris County,12788,6180,6608,8472,4082,4390,2860,1343,1517,1095,574,521,43,20,23,318,161,157
2014,343,Morris County,12743,6160,6583,8418,4047,4371,2831,1339,1492,1127,590,537,43,20,23,324,164,160
2015,343,Morris County,12698,6136,6562,8363,4008,4355,2800,1333,1467,1162,608,554,43,20,23,330,167,163
2016,343,Morris County,12649,6121,6528,8297,3969,4328,2778,1337,1441,1197,627,570,43,20,23,334,168,166
2017,343,Morris County,12593,6096,6497,8220,3926,4294,2756,1333,1423,1233,645,588,43,20,23,341,172,169
2018,343,Morris County,12551,6081,6470,8156,3895,4261,2738,1330,1408,1267,661,606,43,20,23,347,175,172
2019,343,Morris County,12506,6055,6451,8079,3849,4230,2723,1325,1398,1305,681,624,44,20,24,355,180,175
2020,343,Morris County,12448,6022,6426,8002,3802,4200,2701,1319,1382,1341,698,643,45,21,24,359,182,177
2021,343,Morris County,12393,5991,6402,7930,3764,4166,2677,1306,1371,1376,715,661,46,21,25,364,185,179
2022,343,Morris County,12328,5952,6376,7846,3715,4131,2658,1297,1361,1408,730,678,46,22,24,370,188,182
2023,343,Morris County,12262,5921,6341,7769,3672,4097,2624,1285,1339,1445,750,695,47,22,25,377,192,185
2024,343,Morris County,12186,5882,6304,7684,3622,4062,2595,1276,1319,1475,766,709,48,23,25,384,195,189
2025,343,Morris County,12099,5830,6269,7594,3570,4024,2559,1258,1301,1505,780,725,49,23,26,392,199,193
2026,343,Morris County,12007,5784,6223,7501,3520,3981,2524,1244,1280,1535,795,740,50,24,26,397,201,196
2027,343,Morris County,11929,5739,6190,7414,3473,3941,2489,1223,1266,1571,814,757,51,24,27,404,205,199
2028,343,Morris County,11858,5696,6162,7326,3421,3905,2463,1209,1254,1608,833,775,51,25,26,410,208,202
2029,343,Morris County,11773,5645,6128,7237,3373,3864,2427,1185,1242,1641,850,791,52,25,27,416,212,204
2030,343,Morris County,11696,5600,6096,7147,3325,3822,2396,1166,1230,1676,867,809,53,26,27,424,216,208
2031,343,Morris County,11624,5558,6066,7056,3277,3779,2370,1151,1219,1713,885,828,54,26,28,431,219,212
2032,343,Morris County,11528,5513,6015,6952,3226,3726,2334,1133,1201,1750,905,845,55,27,28,437,222,215
2033,343,Morris County,11439,5455,5984,6855,3170,3685,2299,1111,1188,1785,921,864,56,27,29,444,226,218
2034,343,Morris County,11353,5403,5950,6756,3115,3641,2269,1092,1177,1820,938,882,57,28,29,451,230,221
2035,343,Morris County,11257,5345,5912,6650,3060,3590,2239,1073,1166,1858,956,902,58,28,30,452,228,224
2036,343,Morris County,11157,5291,5866,6548,3005,3543,2209,1058,1151,1884,969,915,58,29,29,458,230,228
2037,343,Morris County,11070,5243,5827,6445,2951,3494,2177,1040,1137,1925,990,935,59,29,30,464,233,231
2038,343,Morris County,10959,5182,5777,6337,2893,3444,2139,1023,1116,1956,1004,952,59,29,30,468,233,235
2039,343,Morris County,10877,5133,5744,6244,2841,3403,2111,1007,1104,1993,1023,970,58,29,29,471,233,238
2040,343,Morris County,10786,5087,5699,6138,2790,3348,2080,990,1090,2033,1041,992,59,30,29,476,236,240
2041,343,Morris County,10704,5044,5660,6043,2746,3297,2053,974,1079,2069,1058,1011,60,30,30,479,236,243
2042,343,Morris County,10628,5011,5617,5950,2700,3250,2030,964,1066,2107,1078,1029,59,30,29,482,239,243
2043,343,Morris County,10529,4950,5579,5857,2649,3208,2002,946,1056,2130,1089,1041,59,30,29,481,236,245
2044,343,Morris County,10438,4902,5536,5759,2599,3160,1980,934,1046,2153,1099,1054,59,31,28,487,239,248
2045,343,Morris County,10344,4853,5491,5653,2545,3108,1957,922,1035,2183,1113,1070,59,31,28,492,242,250
2046,343,Morris County,10238,4807,5431,5552,2502,3050,1930,908,1022,2202,1123,1079,59,32,27,495,242,253
2047,343,Morris County,10154,4766,5388,5455,2455,3000,1913,899,1014,2233,1140,1093,60,32,28,493,240,253
2048,343,Morris County,10062,4726,5336,5352,2410,2942,1885,884,1001,2271,1159,1112,61,33,28,493,240,253
2049,343,Morris County,9969,4685,5284,5252,2364,2888,1867,878,989,2297,1174,1123,62,33,29,491,236,255
2050,343,Morris County,9884,4649,5235,5154,2321,2833,1844,867,977,2331,1191,1140,62,34,28,493,236,257
2010,345,Motley County,1210,613,597,1013,509,504,24,15,9,163,84,79,0,0,0,10,5,5
2011,345,Motley County,1206,612,594,1006,507,499,24,15,9,166,85,81,0,0,0,10,5,5
2012,345,Motley County,1204,610,594,1000,503,497,24,15,9,170,87,83,0,0,0,10,5,5
2013,345,Motley County,1199,606,593,992,498,494,24,15,9,173,88,85,0,0,0,10,5,5
2014,345,Motley County,1197,604,593,986,494,492,24,15,9,177,90,87,0,0,0,10,5,5
2015,345,Motley County,1191,604,587,976,492,484,24,15,9,181,92,89,0,0,0,10,5,5
2016,345,Motley County,1186,600,586,967,486,481,24,15,9,185,94,91,0,0,0,10,5,5
2017,345,Motley County,1184,599,585,961,483,478,24,15,9,189,96,93,0,0,0,10,5,5
2018,345,Motley County,1177,594,583,950,476,474,24,15,9,193,98,95,0,0,0,10,5,5
2019,345,Motley County,1174,597,577,943,477,466,24,15,9,197,100,97,0,0,0,10,5,5
2020,345,Motley County,1172,597,575,937,475,462,24,15,9,201,102,99,0,0,0,10,5,5
2021,345,Motley County,1165,596,569,926,472,454,24,15,9,205,104,101,0,0,0,10,5,5
2022,345,Motley County,1162,596,566,918,469,449,24,15,9,210,107,103,0,0,0,10,5,5
2023,345,Motley County,1155,594,561,907,465,442,24,15,9,214,109,105,0,0,0,10,5,5
2024,345,Motley County,1148,593,555,895,461,434,24,15,9,219,112,107,0,0,0,10,5,5
2025,345,Motley County,1141,591,550,883,456,427,24,15,9,224,115,109,0,0,0,10,5,5
2026,345,Motley County,1131,589,542,868,451,417,24,15,9,229,118,111,0,0,0,10,5,5
2027,345,Motley County,1131,592,539,863,451,412,24,15,9,234,121,113,0,0,0,10,5,5
2028,345,Motley County,1127,593,534,855,449,406,23,15,8,239,124,115,0,0,0,10,5,5
2029,345,Motley County,1121,590,531,844,443,401,23,15,8,244,127,117,0,0,0,10,5,5
2030,345,Motley County,1120,590,530,837,440,397,23,15,8,250,130,120,0,0,0,10,5,5
2031,345,Motley County,1115,589,526,827,436,391,23,15,8,255,133,122,0,0,0,10,5,5
2032,345,Motley County,1109,586,523,817,430,387,23,15,8,260,136,124,0,0,0,9,5,4
2033,345,Motley County,1105,583,522,807,424,383,23,15,8,265,139,126,0,0,0,10,5,5
2034,345,Motley County,1096,579,517,793,417,376,23,15,8,270,142,128,0,0,0,10,5,5
2035,345,Motley County,1089,577,512,782,413,369,23,15,8,274,144,130,0,0,0,10,5,5
2036,345,Motley County,1083,574,509,772,408,364,23,15,8,278,146,132,0,0,0,10,5,5
2037,345,Motley County,1075,570,505,759,401,358,23,15,8,283,149,134,0,0,0,10,5,5
2038,345,Motley County,1069,568,501,751,398,353,22,15,7,286,150,136,0,0,0,10,5,5
2039,345,Motley County,1064,564,500,743,392,351,21,15,6,290,152,138,0,0,0,10,5,5
2040,345,Motley County,1059,563,496,734,388,346,21,15,6,294,155,139,0,0,0,10,5,5
2041,345,Motley County,1052,559,493,724,382,342,21,15,6,297,157,140,0,0,0,10,5,5
2042,345,Motley County,1047,558,489,715,378,337,21,15,6,301,160,141,0,0,0,10,5,5
2043,345,Motley County,1047,558,489,711,376,335,21,15,6,305,162,143,0,0,0,10,5,5
2044,345,Motley County,1042,557,485,703,373,330,21,15,6,308,164,144,0,0,0,10,5,5
2045,345,Motley County,1039,556,483,697,371,326,20,14,6,312,166,146,0,0,0,10,5,5
2046,345,Motley County,1036,555,481,691,368,323,20,14,6,315,168,147,0,0,0,10,5,5
2047,345,Motley County,1032,555,477,685,367,318,19,13,6,318,170,148,0,0,0,10,5,5
2048,345,Motley County,1025,552,473,677,363,314,17,12,5,321,172,149,0,0,0,10,5,5
2049,345,Motley County,1020,551,469,671,360,311,16,12,4,323,174,149,0,0,0,10,5,5
2050,345,Motley County,1015,550,465,663,357,306,16,12,4,326,176,150,0,0,0,10,5,5
2010,347,Nacogdoches County,64524,30800,33724,39699,18927,20772,11573,5122,6451,11356,5851,5505,775,358,417,1121,542,579
2011,347,Nacogdoches County,64304,30762,33542,39455,18875,20580,11385,5047,6338,11521,5921,5600,798,365,433,1145,554,591
2012,347,Nacogdoches County,64067,30718,33349,39210,18828,20382,11189,4968,6221,11682,5987,5695,820,371,449,1166,564,602
2013,347,Nacogdoches County,63845,30679,33166,38954,18773,20181,11009,4896,6113,11851,6056,5795,845,378,467,1186,576,610
2014,347,Nacogdoches County,63644,30639,33005,38711,18717,19994,10843,4832,6011,12013,6118,5895,868,384,484,1209,588,621
2015,347,Nacogdoches County,63548,30632,32916,38532,18680,19852,10704,4775,5929,12182,6183,5999,897,393,504,1233,601,632
2016,347,Nacogdoches County,63583,30649,32934,38448,18661,19787,10608,4732,5876,12353,6249,6104,918,397,521,1256,610,646
2017,347,Nacogdoches County,63689,30688,33001,38407,18660,19747,10530,4686,5844,12526,6314,6212,941,404,537,1285,624,661
2018,347,Nacogdoches County,63839,30748,33091,38401,18670,19731,10455,4646,5809,12700,6378,6322,969,415,554,1314,639,675
2019,347,Nacogdoches County,63982,30823,33159,38376,18685,19691,10393,4612,5781,12863,6445,6418,1001,424,577,1349,657,692
2020,347,Nacogdoches County,64105,30882,33223,38377,18710,19667,10310,4570,5740,13018,6503,6515,1027,432,595,1373,667,706
2021,347,Nacogdoches County,64180,30935,33245,38342,18725,19617,10204,4519,5685,13177,6567,6610,1050,439,611,1407,685,722
2022,347,Nacogdoches County,64245,30990,33255,38289,18730,19559,10115,4479,5636,13328,6633,6695,1072,446,626,1441,702,739
2023,347,Nacogdoches County,64253,31009,33244,38203,18710,19493,10015,4431,5584,13468,6697,6771,1096,453,643,1471,718,753
2024,347,Nacogdoches County,64225,31010,33215,38086,18678,19408,9909,4382,5527,13609,6759,6850,1121,460,661,1500,731,769
2025,347,Nacogdoches County,64186,31004,33182,37949,18641,19308,9814,4332,5482,13747,6817,6930,1143,463,680,1533,751,782
2026,347,Nacogdoches County,64139,30991,33148,37799,18596,19203,9718,4282,5436,13894,6880,7014,1170,469,701,1558,764,794
2027,347,Nacogdoches County,64049,30977,33072,37614,18541,19073,9620,4243,5377,14038,6942,7096,1194,474,720,1583,777,806
2028,347,Nacogdoches County,63944,30938,33006,37414,18474,18940,9522,4193,5329,14177,7006,7171,1221,477,744,1610,788,822
2029,347,Nacogdoches County,63828,30890,32938,37209,18398,18811,9417,4142,5275,14318,7068,7250,1245,480,765,1639,802,837
2030,347,Nacogdoches County,63708,30841,32867,37009,18324,18685,9315,4093,5222,14444,7126,7318,1274,483,791,1666,815,851
2031,347,Nacogdoches County,63558,30772,32786,36772,18230,18542,9215,4050,5165,14580,7177,7403,1305,492,813,1686,823,863
2032,347,Nacogdoches County,63414,30709,32705,36546,18139,18407,9109,4003,5106,14712,7233,7479,1336,497,839,1711,837,874
2033,347,Nacogdoches County,63235,30619,32616,36290,18032,18258,9001,3954,5047,14844,7285,7559,1368,502,866,1732,846,886
2034,347,Nacogdoches County,63030,30529,32501,36022,17927,18095,8880,3903,4977,14970,7334,7636,1398,506,892,1760,859,901
2035,347,Nacogdoches County,62789,30425,32364,35741,17818,17923,8743,3850,4893,15096,7385,7711,1435,511,924,1774,861,913
2036,347,Nacogdoches County,62509,30312,32197,35414,17689,17725,8618,3803,4815,15212,7436,7776,1469,512,957,1796,872,924
2037,347,Nacogdoches County,62241,30198,32043,35104,17563,17541,8487,3752,4735,15323,7480,7843,1505,518,987,1822,885,937
2038,347,Nacogdoches County,61928,30064,31864,34770,17427,17343,8349,3697,4652,15431,7524,7907,1538,523,1015,1840,893,947
2039,347,Nacogdoches County,61619,29929,31690,34421,17288,17133,8227,3648,4579,15535,7564,7971,1582,533,1049,1854,896,958
2040,347,Nacogdoches County,61275,29789,31486,34066,17143,16923,8090,3596,4494,15636,7612,8024,1616,535,1081,1867,903,964
2041,347,Nacogdoches County,60918,29629,31289,33704,16998,16706,7951,3537,4414,15726,7646,8080,1657,544,1113,1880,904,976
2042,347,Nacogdoches County,60548,29475,31073,33333,16852,16481,7814,3485,4329,15816,7681,8135,1691,548,1143,1894,909,985
2043,347,Nacogdoches County,60165,29302,30863,32969,16707,16262,7667,3423,4244,15892,7709,8183,1729,551,1178,1908,912,996
2044,347,Nacogdoches County,59775,29135,30640,32606,16571,16035,7530,3362,4168,15963,7739,8224,1763,554,1209,1913,909,1004
2045,347,Nacogdoches County,59388,28962,30426,32239,16429,15810,7391,3303,4088,16027,7758,8269,1800,558,1242,1931,914,1017
2046,347,Nacogdoches County,59010,28788,30222,31894,16297,15597,7261,3239,4022,16082,7779,8303,1834,559,1275,1939,914,1025
2047,347,Nacogdoches County,58668,28622,30046,31565,16168,15397,7137,3183,3954,16141,7795,8346,1870,560,1310,1955,916,1039
2048,347,Nacogdoches County,58298,28450,29848,31234,16038,15196,6999,3127,3872,16194,7810,8384,1911,563,1348,1960,912,1048
2049,347,Nacogdoches County,57968,28290,29678,30918,15914,15004,6878,3065,3813,16241,7826,8415,1953,568,1385,1978,917,1061
2050,347,Nacogdoches County,57618,28127,29491,30612,15797,14815,6755,3007,3748,16278,7836,8442,1985,568,1417,1988,919,1069
2010,349,Navarro County,47735,23657,24078,28587,13966,14621,6490,3151,3339,11345,5888,5457,239,106,133,1074,546,528
2011,349,Navarro County,47767,23648,24119,28437,13901,14536,6467,3127,3340,11520,5954,5566,244,108,136,1099,558,541
2012,349,Navarro County,47806,23639,24167,28288,13835,14453,6447,3102,3345,11702,6024,5678,248,109,139,1121,569,552
2013,349,Navarro County,47843,23644,24199,28128,13773,14355,6431,3087,3344,11885,6094,5791,255,112,143,1144,578,566
2014,349,Navarro County,47876,23642,24234,27973,13704,14269,6400,3066,3334,12075,6168,5907,259,114,145,1169,590,579
2015,349,Navarro County,47908,23634,24274,27822,13629,14193,6368,3045,3323,12263,6242,6021,263,115,148,1192,603,589
2016,349,Navarro County,47930,23621,24309,27659,13554,14105,6342,3022,3320,12448,6314,6134,267,117,150,1214,614,600
2017,349,Navarro County,47959,23596,24363,27496,13476,14020,6320,2999,3321,12633,6381,6252,271,118,153,1239,622,617
2018,349,Navarro County,47962,23575,24387,27320,13397,13923,6291,2977,3314,12809,6443,6366,277,121,156,1265,637,628
2019,349,Navarro County,47975,23553,24422,27158,13325,13833,6257,2949,3308,12996,6511,6485,281,122,159,1283,646,637
2020,349,Navarro County,47984,23530,24454,26980,13242,13738,6232,2928,3304,13175,6577,6598,286,124,162,1311,659,652
2021,349,Navarro County,47959,23495,24464,26791,13159,13632,6196,2901,3295,13345,6635,6710,291,126,165,1336,674,662
2022,349,Navarro County,47960,23467,24493,26610,13078,13532,6167,2879,3288,13524,6694,6830,295,128,167,1364,688,676
2023,349,Navarro County,47929,23417,24512,26416,12986,13430,6130,2849,3281,13693,6752,6941,300,130,170,1390,700,690
2024,349,Navarro County,47877,23365,24512,26205,12889,13316,6087,2821,3266,13865,6812,7053,304,132,172,1416,711,705
2025,349,Navarro County,47832,23310,24522,25997,12794,13203,6044,2789,3255,14038,6867,7171,309,134,175,1444,726,718
2026,349,Navarro County,47742,23238,24504,25762,12686,13076,6001,2763,3238,14199,6916,7283,313,136,177,1467,737,730
2027,349,Navarro County,47667,23175,24492,25521,12572,12949,5972,2742,3230,14364,6970,7394,318,139,179,1492,752,740
2028,349,Navarro County,47553,23090,24463,25266,12453,12813,5927,2716,3211,14526,7023,7503,322,140,182,1512,758,754
2029,349,Navarro County,47437,22998,24439,25000,12323,12677,5885,2687,3198,14689,7076,7613,327,142,185,1536,770,766
2030,349,Navarro County,47299,22904,24395,24716,12191,12525,5834,2656,3178,14854,7130,7724,333,144,189,1562,783,779
2031,349,Navarro County,47149,22795,24354,24422,12049,12373,5789,2627,3162,15018,7184,7834,337,145,192,1583,790,793
2032,349,Navarro County,47002,22698,24304,24131,11912,12219,5746,2605,3141,15174,7234,7940,341,147,194,1610,800,810
2033,349,Navarro County,46817,22579,24238,23816,11764,12052,5696,2578,3118,15323,7277,8046,347,149,198,1635,811,824
2034,349,Navarro County,46627,22468,24159,23505,11618,11887,5643,2554,3089,15463,7320,8143,351,151,200,1665,825,840
2035,349,Navarro County,46405,22337,24068,23170,11460,11710,5593,2531,3062,15595,7360,8235,356,152,204,1691,834,857
2036,349,Navarro County,46167,22195,23972,22839,11301,11538,5540,2507,3033,15719,7395,8324,360,153,207,1709,839,870
2037,349,Navarro County,45921,22061,23860,22501,11143,11358,5493,2491,3002,15837,7428,8409,363,153,210,1727,846,881
2038,349,Navarro County,45684,21922,23762,22181,10992,11189,5435,2467,2968,15956,7458,8498,366,153,213,1746,852,894
2039,349,Navarro County,45398,21766,23632,21833,10827,11006,5382,2442,2940,16056,7487,8569,369,156,213,1758,854,904
2040,349,Navarro County,45135,21610,23525,21492,10668,10824,5339,2426,2913,16157,7502,8655,373,156,217,1774,858,916
2041,349,Navarro County,44839,21453,23386,21151,10506,10645,5287,2404,2883,16237,7519,8718,375,159,216,1789,865,924
2042,349,Navarro County,44542,21290,23252,20820,10352,10468,5234,2385,2849,16319,7534,8785,377,160,217,1792,859,933
2043,349,Navarro County,44251,21130,23121,20483,10193,10290,5174,2361,2813,16410,7555,8855,379,159,220,1805,862,943
2044,349,Navarro County,43936,20960,22976,20155,10038,10117,5118,2340,2778,16477,7567,8910,383,159,224,1803,856,947
2045,349,Navarro County,43619,20784,22835,19820,9884,9936,5057,2309,2748,16543,7575,8968,385,159,226,1814,857,957
2046,349,Navarro County,43285,20596,22689,19496,9728,9768,4997,2281,2716,16588,7575,9013,388,159,229,1816,853,963
2047,349,Navarro County,42969,20430,22539,19170,9580,9590,4934,2251,2683,16645,7582,9063,391,158,233,1829,859,970
2048,349,Navarro County,42637,20247,22390,18850,9431,9419,4872,2221,2651,16686,7580,9106,393,158,235,1836,857,979
2049,349,Navarro County,42300,20065,22235,18541,9284,9257,4802,2193,2609,16726,7578,9148,396,158,238,1835,852,983
2050,349,Navarro County,41970,19896,22074,18238,9149,9089,4743,2170,2573,16756,7574,9182,401,159,242,1832,844,988
2010,351,Newton County,14445,7445,7000,10825,5501,5324,2891,1550,1341,403,235,168,62,27,35,264,132,132
2011,351,Newton County,14335,7395,6940,10718,5449,5269,2871,1544,1327,412,239,173,64,28,36,270,135,135
2012,351,Newton County,14259,7363,6896,10622,5401,5221,2870,1549,1321,425,246,179,66,29,37,276,138,138
2013,351,Newton County,14184,7331,6853,10525,5347,5178,2869,1558,1311,440,255,185,68,30,38,282,141,141
2014,351,Newton County,14117,7298,6819,10424,5291,5133,2875,1565,1310,462,267,195,69,31,38,287,144,143
2015,351,Newton County,14051,7269,6782,10324,5240,5084,2875,1569,1306,487,281,206,70,31,39,295,148,147
2016,351,Newton County,13982,7240,6742,10225,5186,5039,2868,1572,1296,516,298,218,71,32,39,302,152,150
2017,351,Newton County,13912,7216,6696,10123,5138,4985,2862,1576,1286,546,314,232,72,32,40,309,156,153
2018,351,Newton County,13847,7190,6657,10021,5090,4931,2861,1578,1283,577,330,247,73,33,40,315,159,156
2019,351,Newton County,13784,7167,6617,9926,5044,4882,2852,1579,1273,611,349,262,74,33,41,321,162,159
2020,351,Newton County,13724,7139,6585,9829,4993,4836,2845,1578,1267,649,369,280,75,34,41,326,165,161
2021,351,Newton County,13654,7106,6548,9729,4945,4784,2828,1569,1259,689,390,299,76,34,42,332,168,164
2022,351,Newton County,13598,7086,6512,9633,4898,4735,2818,1568,1250,730,412,318,77,35,42,340,173,167
2023,351,Newton County,13522,7053,6469,9529,4847,4682,2798,1561,1237,769,432,337,78,35,43,348,178,170
2024,351,Newton County,13447,7026,6421,9428,4800,4628,2782,1561,1221,803,447,356,79,36,43,355,182,173
2025,351,Newton County,13364,6988,6376,9318,4746,4572,2765,1557,1208,839,464,375,80,36,44,362,185,177
2026,351,Newton County,13272,6943,6329,9198,4688,4510,2756,1556,1200,869,475,394,81,37,44,368,187,181
2027,351,Newton County,13181,6905,6276,9086,4634,4452,2747,1560,1187,891,484,407,82,37,45,375,190,185
2028,351,Newton County,13081,6859,6222,8970,4576,4394,2722,1551,1171,924,500,424,83,38,45,382,194,188
2029,351,Newton County,12982,6818,6164,8852,4519,4333,2707,1550,1157,951,514,437,84,38,46,388,197,191
2030,351,Newton County,12873,6770,6103,8724,4456,4268,2687,1544,1143,981,529,452,85,39,46,396,202,194
2031,351,Newton County,12771,6727,6044,8604,4395,4209,2666,1541,1125,1013,547,466,86,39,47,402,205,197
2032,351,Newton County,12666,6689,5977,8476,4338,4138,2647,1538,1109,1047,565,482,87,40,47,409,208,201
2033,351,Newton County,12546,6633,5913,8342,4277,4065,2621,1522,1099,1081,584,497,88,40,48,414,210,204
2034,351,Newton County,12428,6580,5848,8216,4219,3997,2595,1510,1085,1109,597,512,89,41,48,419,213,206
2035,351,Newton County,12297,6523,5774,8081,4158,3923,2567,1499,1068,1140,614,526,90,41,49,419,211,208
2036,351,Newton County,12164,6464,5700,7943,4098,3845,2533,1481,1052,1173,629,544,90,42,48,425,214,211
2037,351,Newton County,12040,6409,5631,7806,4038,3768,2506,1469,1037,1207,644,563,91,42,49,430,216,214
2038,351,Newton County,11909,6346,5563,7661,3968,3693,2480,1457,1023,1243,661,582,92,43,49,433,217,216
2039,351,Newton County,11788,6282,5506,7529,3898,3631,2452,1445,1007,1276,676,600,93,43,50,438,220,218
2040,351,Newton County,11661,6220,5441,7394,3827,3567,2415,1428,987,1318,700,618,94,44,50,440,221,219
2041,351,Newton County,11557,6171,5386,7269,3761,3508,2386,1415,971,1363,728,635,95,44,51,444,223,221
2042,351,Newton County,11456,6121,5335,7142,3696,3446,2351,1396,955,1422,761,661,95,44,51,446,224,222
2043,351,Newton County,11363,6078,5285,7011,3633,3378,2321,1379,942,1489,799,690,96,45,51,446,222,224
2044,351,Newton County,11257,6029,5228,6881,3572,3309,2287,1364,923,1548,827,721,95,45,50,446,221,225
2045,351,Newton County,11164,5976,5188,6760,3508,3252,2249,1341,908,1610,858,752,95,45,50,450,224,226
2046,351,Newton County,11068,5920,5148,6643,3450,3193,2209,1317,892,1667,881,786,96,46,50,453,226,227
2047,351,Newton County,10971,5871,5100,6518,3390,3128,2179,1299,880,1725,911,814,95,44,51,454,227,227
2048,351,Newton County,10873,5819,5054,6401,3333,3068,2148,1280,868,1775,936,839,96,45,51,453,225,228
2049,351,Newton County,10797,5778,5019,6286,3276,3010,2117,1267,850,1844,968,876,97,45,52,453,222,231
2050,351,Newton County,10725,5731,4994,6169,3214,2955,2087,1251,836,1916,998,918,97,45,52,456,223,233
2010,353,Nolan County,15216,7561,7655,9191,4580,4611,666,334,332,5103,2519,2584,58,28,30,198,100,98
2011,353,Nolan County,15224,7579,7645,9096,4542,4554,671,340,331,5195,2566,2629,59,28,31,203,103,100
2012,353,Nolan County,15261,7609,7652,9015,4508,4507,676,344,332,5302,2622,2680,60,29,31,208,106,102
2013,353,Nolan County,15300,7631,7669,8940,4473,4467,682,348,334,5404,2672,2732,61,29,32,213,109,104
2014,353,Nolan County,15334,7658,7676,8857,4440,4417,690,353,337,5507,2723,2784,62,30,32,218,112,106
2015,353,Nolan County,15376,7687,7689,8777,4405,4372,697,358,339,5616,2779,2837,63,30,33,223,115,108
2016,353,Nolan County,15430,7714,7716,8708,4370,4338,705,363,342,5726,2833,2893,64,31,33,227,117,110
2017,353,Nolan County,15478,7748,7730,8634,4339,4295,710,365,345,5837,2893,2944,65,31,34,232,120,112
2018,353,Nolan County,15524,7782,7742,8555,4303,4252,715,369,346,5951,2955,2996,66,32,34,237,123,114
2019,353,Nolan County,15589,7825,7764,8481,4272,4209,722,374,348,6076,3021,3055,67,32,35,243,126,117
2020,353,Nolan County,15642,7862,7780,8400,4237,4163,729,377,352,6197,3087,3110,68,33,35,248,128,120
2021,353,Nolan County,15689,7894,7795,8320,4201,4119,735,382,353,6312,3147,3165,69,33,36,253,131,122
2022,353,Nolan County,15734,7932,7802,8231,4164,4067,741,385,356,6433,3214,3219,70,34,36,259,135,124
2023,353,Nolan County,15791,7973,7818,8147,4126,4021,750,391,359,6559,3285,3274,71,34,37,264,137,127
2024,353,Nolan County,15831,8004,7827,8058,4089,3969,752,393,359,6678,3346,3332,72,35,37,271,141,130
2025,353,Nolan County,15860,8027,7833,7966,4046,3920,755,395,360,6790,3407,3383,73,35,38,276,144,132
2026,353,Nolan County,15904,8057,7847,7877,4006,3871,763,400,363,6908,3468,3440,74,36,38,282,147,135
2027,353,Nolan County,15937,8090,7847,7778,3960,3818,767,404,363,7028,3539,3489,75,36,39,289,151,138
2028,353,Nolan County,15971,8119,7852,7686,3917,3769,773,408,365,7142,3603,3539,76,37,39,294,154,140
2029,353,Nolan County,15990,8139,7851,7590,3875,3715,777,411,366,7246,3659,3587,77,37,40,300,157,143
2030,353,Nolan County,16017,8166,7851,7493,3829,3664,780,414,366,7360,3724,3636,78,38,40,306,161,145
2031,353,Nolan County,16029,8184,7845,7392,3781,3611,780,416,364,7466,3786,3680,79,38,41,312,163,149
2032,353,Nolan County,16053,8211,7842,7298,3736,3562,783,418,365,7574,3852,3722,80,39,41,318,166,152
2033,353,Nolan County,16061,8229,7832,7199,3693,3506,780,417,363,7679,3913,3766,81,39,42,322,167,155
2034,353,Nolan County,16061,8240,7821,7108,3652,3456,775,413,362,7768,3965,3803,82,40,42,328,170,158
2035,353,Nolan County,16073,8262,7811,7014,3607,3407,772,412,360,7870,4030,3840,82,39,43,335,174,161
2036,353,Nolan County,16083,8279,7804,6915,3560,3355,771,410,361,7974,4092,3882,83,40,43,340,177,163
2037,353,Nolan County,16075,8292,7783,6821,3518,3303,771,408,363,8055,4146,3909,83,40,43,345,180,165
2038,353,Nolan County,16067,8306,7761,6724,3472,3252,764,404,360,8144,4205,3939,84,41,43,351,184,167
2039,353,Nolan County,16061,8314,7747,6629,3428,3201,768,406,362,8227,4255,3972,84,41,43,353,184,169
2040,353,Nolan County,16065,8324,7741,6533,3378,3155,769,408,361,8322,4310,4012,84,42,42,357,186,171
2041,353,Nolan County,16060,8331,7729,6444,3331,3113,770,409,361,8401,4363,4038,85,42,43,360,186,174
2042,353,Nolan County,16052,8339,7713,6354,3289,3065,768,408,360,8478,4409,4069,86,43,43,366,190,176
2043,353,Nolan County,16043,8347,7696,6270,3251,3019,768,407,361,8549,4455,4094,86,43,43,370,191,179
2044,353,Nolan County,16044,8354,7690,6192,3213,2979,765,404,361,8628,4502,4126,87,44,43,372,191,181
2045,353,Nolan County,16032,8358,7674,6112,3172,2940,758,397,361,8701,4554,4147,85,42,43,376,193,183
2046,353,Nolan County,16012,8365,7647,6027,3134,2893,757,397,360,8760,4594,4166,86,43,43,382,197,185
2047,353,Nolan County,15992,8363,7629,5941,3091,2850,754,395,359,8827,4637,4190,87,43,44,383,197,186
2048,353,Nolan County,15969,8360,7609,5863,3050,2813,750,394,356,8881,4674,4207,88,44,44,387,198,189
2049,353,Nolan County,15962,8369,7593,5784,3009,2775,750,396,354,8951,4722,4229,88,44,44,389,198,191
2050,353,Nolan County,15936,8366,7570,5703,2971,2732,746,396,350,9009,4757,4252,87,44,43,391,198,193
2010,355,Nueces County,340223,167038,173185,111870,55804,56066,12178,6239,5939,206293,100452,105841,5495,2369,3126,4387,2174,2213
2011,355,Nueces County,344294,169320,174974,111182,55554,55628,12357,6352,6005,210496,102689,107807,5765,2497,3268,4494,2228,2266
2012,355,Nueces County,348369,171614,176755,110484,55299,55185,12523,6467,6056,214709,104931,109778,6037,2626,3411,4616,2291,2325
2013,355,Nueces County,352497,173937,178560,109805,55052,54753,12675,6563,6112,218975,107218,111757,6313,2757,3556,4729,2347,2382
2014,355,Nueces County,356711,176298,180413,109138,54802,54336,12836,6668,6168,223286,109527,113759,6597,2891,3706,4854,2410,2444
2015,355,Nueces County,360987,178714,182273,108485,54569,53916,12994,6774,6220,227649,111870,115779,6892,3033,3859,4967,2468,2499
2016,355,Nueces County,365403,181159,184244,107879,54320,53559,13164,6877,6287,232078,114258,117820,7193,3178,4015,5089,2526,2563
2017,355,Nueces County,369865,183644,186221,107269,54077,53192,13335,6981,6354,236544,116665,119879,7502,3328,4174,5215,2593,2622
2018,355,Nueces County,374425,186162,188263,106702,53845,52857,13506,7090,6416,241058,119093,121965,7813,3477,4336,5346,2657,2689
2019,355,Nueces County,379032,188708,190324,106111,53598,52513,13689,7200,6489,245616,121551,124065,8139,3635,4504,5477,2724,2753
2020,355,Nueces County,383707,191282,192425,105521,53342,52179,13874,7312,6562,250222,124033,126189,8471,3799,4672,5619,2796,2823
2021,355,Nueces County,388423,193881,194542,104918,53078,51840,14060,7424,6636,254870,126540,128330,8813,3965,4848,5762,2874,2888
2022,355,Nueces County,393175,196501,196674,104285,52804,51481,14254,7542,6712,259554,129068,130486,9171,4144,5027,5911,2943,2968
2023,355,Nueces County,397881,199088,198793,103617,52500,51117,14433,7649,6784,264253,131609,132644,9525,4313,5212,6053,3017,3036
2024,355,Nueces County,402582,201687,200895,102927,52192,50735,14625,7761,6864,268938,134156,134782,9895,4493,5402,6197,3085,3112
2025,355,Nueces County,407202,204223,202979,102183,51839,50344,14797,7866,6931,273610,136690,136920,10278,4680,5598,6334,3148,3186
2026,355,Nueces County,411783,206759,205024,101410,51489,49921,14980,7978,7002,278257,139210,139047,10660,4866,5794,6476,3216,3260
2027,355,Nueces County,416304,209278,207026,100597,51116,49481,15155,8081,7074,282889,141743,141146,11049,5052,5997,6614,3286,3328
2028,355,Nueces County,420757,211765,208992,99745,50725,49020,15329,8188,7141,287463,144245,143218,11462,5256,6206,6758,3351,3407
2029,355,Nueces County,425135,214210,210925,98866,50324,48542,15500,8287,7213,291991,146720,145271,11873,5458,6415,6905,3421,3484
2030,355,Nueces County,429459,216631,212828,97986,49909,48077,15682,8396,7286,296440,149166,147274,12303,5668,6635,7048,3492,3556
2031,355,Nueces County,433716,219022,214694,97080,49486,47594,15847,8499,7348,300841,151584,149257,12758,5897,6861,7190,3556,3634
2032,355,Nueces County,437923,221388,216535,96148,49046,47102,16018,8601,7417,305198,153984,151214,13224,6130,7094,7335,3627,3708
2033,355,Nueces County,442073,223710,218363,95215,48601,46614,16180,8697,7483,309497,156352,153145,13700,6365,7335,7481,3695,3786
2034,355,Nueces County,446208,226037,220171,94286,48162,46124,16350,8797,7553,313755,158702,155053,14184,6609,7575,7633,3767,3866
2035,355,Nueces County,450297,228346,221951,93350,47727,45623,16501,8893,7608,317978,161037,156941,14682,6852,7830,7786,3837,3949
2036,355,Nueces County,454331,230619,223712,92402,47284,45118,16647,8980,7667,322151,163346,158805,15199,7108,8091,7932,3901,4031
2037,355,Nueces County,458320,232880,225440,91444,46842,44602,16795,9068,7727,326286,165639,160647,15714,7367,8347,8081,3964,4117
2038,355,Nueces County,462338,235170,227168,90498,46409,44089,16945,9157,7788,330418,167940,162478,16235,7631,8604,8242,4033,4209
2039,355,Nueces County,466354,237456,228898,89560,45985,43575,17087,9238,7849,334514,170217,164297,16796,7921,8875,8397,4095,4302
2040,355,Nueces County,470363,239737,230626,88624,45556,43068,17220,9316,7904,338590,172489,166101,17380,8216,9164,8549,4160,4389
2041,355,Nueces County,474357,242000,232357,87694,45132,42562,17357,9390,7967,342635,174745,167890,17964,8509,9455,8707,4224,4483
2042,355,Nueces County,478371,244293,234078,86782,44722,42060,17479,9465,8014,346676,177006,169670,18568,8813,9755,8866,4287,4579
2043,355,Nueces County,482376,246583,235793,85875,44311,41564,17613,9548,8065,350685,179257,171428,19186,9125,10061,9017,4342,4675
2044,355,Nueces County,486378,248852,237526,84982,43908,41074,17734,9616,8118,354661,181484,173177,19819,9440,10379,9182,4404,4778
2045,355,Nueces County,490412,251150,239262,84114,43523,40591,17847,9681,8166,358624,183706,174918,20480,9779,10701,9347,4461,4886
2046,355,Nueces County,494457,253447,241010,83244,43135,40109,17972,9751,8221,362559,185913,176646,21169,10126,11043,9513,4522,4991
2047,355,Nueces County,498502,255743,242759,82406,42753,39653,18089,9821,8268,366467,188110,178357,21869,10482,11387,9671,4577,5094
2048,355,Nueces County,502535,258015,244520,81578,42377,39201,18190,9873,8317,370323,190280,180043,22614,10853,11761,9830,4632,5198
2049,355,Nueces County,506598,260317,246281,80768,42014,38754,18312,9946,8366,374145,192428,181717,23379,11243,12136,9994,4686,5308
2050,355,Nueces County,510636,262587,248049,79976,41650,38326,18418,10009,8409,377901,194543,183358,24165,11641,12524,10176,4744,5432
2010,357,Ochiltree County,10223,5237,4986,5062,2492,2570,19,8,11,4982,2661,2321,24,12,12,136,64,72
2011,357,Ochiltree County,10303,5279,5024,5028,2483,2545,20,8,12,5092,2711,2381,24,12,12,139,65,74
2012,357,Ochiltree County,10408,5335,5073,5010,2480,2530,21,9,12,5210,2767,2443,24,12,12,143,67,76
2013,357,Ochiltree County,10514,5385,5129,4992,2475,2517,22,9,13,5329,2820,2509,24,12,12,147,69,78
2014,357,Ochiltree County,10626,5438,5188,4977,2470,2507,23,10,13,5451,2875,2576,24,12,12,151,71,80
2015,357,Ochiltree County,10737,5489,5248,4959,2463,2496,24,10,14,5575,2932,2643,25,12,13,154,72,82
2016,357,Ochiltree County,10849,5540,5309,4944,2457,2487,25,11,14,5696,2985,2711,26,13,13,158,74,84
2017,357,Ochiltree County,10958,5590,5368,4922,2450,2472,26,11,15,5821,3040,2781,27,13,14,162,76,86
2018,357,Ochiltree County,11073,5642,5431,4907,2442,2465,27,12,15,5945,3096,2849,28,14,14,166,78,88
2019,357,Ochiltree County,11190,5693,5497,4890,2437,2453,28,12,16,6073,3150,2923,29,14,15,170,80,90
2020,357,Ochiltree County,11309,5748,5561,4876,2432,2444,29,13,16,6199,3205,2994,30,15,15,175,83,92
2021,357,Ochiltree County,11431,5800,5631,4864,2427,2437,30,13,17,6326,3259,3067,31,15,16,180,86,94
2022,357,Ochiltree County,11553,5854,5699,4846,2423,2423,31,14,17,6461,3314,3147,32,16,16,183,87,96
2023,357,Ochiltree County,11673,5901,5772,4833,2419,2414,32,14,18,6588,3363,3225,33,16,17,187,89,98
2024,357,Ochiltree County,11813,5970,5843,4826,2421,2405,33,15,18,6729,3425,3304,34,17,17,191,92,99
2025,357,Ochiltree County,11941,6022,5919,4814,2415,2399,34,15,19,6863,3480,3383,35,17,18,195,95,100
2026,357,Ochiltree County,12070,6077,5993,4792,2406,2386,35,16,19,7007,3539,3468,36,18,18,200,98,102
2027,357,Ochiltree County,12204,6137,6067,4787,2406,2381,36,16,20,7139,3596,3543,37,18,19,205,101,104
2028,357,Ochiltree County,12335,6197,6138,4768,2397,2371,37,17,20,7283,3660,3623,38,19,19,209,104,105
2029,357,Ochiltree County,12463,6251,6212,4750,2388,2362,38,17,21,7422,3720,3702,39,19,20,214,107,107
2030,357,Ochiltree County,12587,6305,6282,4729,2381,2348,39,18,21,7561,3777,3784,40,20,20,218,109,109
2031,357,Ochiltree County,12731,6361,6370,4711,2372,2339,40,18,22,7717,3839,3878,41,20,21,222,112,110
2032,357,Ochiltree County,12858,6411,6447,4695,2364,2331,41,19,22,7854,3893,3961,42,21,21,226,114,112
2033,357,Ochiltree County,12987,6465,6522,4685,2363,2322,42,19,23,7989,3947,4042,43,21,22,228,115,113
2034,357,Ochiltree County,13130,6523,6607,4669,2358,2311,43,20,23,8141,4005,4136,44,22,22,233,118,115
2035,357,Ochiltree County,13255,6569,6686,4659,2358,2301,44,20,24,8269,4048,4221,45,22,23,238,121,117
2036,357,Ochiltree County,13386,6624,6762,4646,2355,2291,45,21,24,8407,4100,4307,46,23,23,242,125,117
2037,357,Ochiltree County,13512,6668,6844,4629,2351,2278,46,21,25,8544,4146,4398,47,23,24,246,127,119
2038,357,Ochiltree County,13622,6703,6919,4608,2341,2267,47,22,25,8670,4187,4483,48,24,24,249,129,120
2039,357,Ochiltree County,13753,6741,7012,4601,2338,2263,48,22,26,8801,4225,4576,49,24,25,254,132,122
2040,357,Ochiltree County,13887,6786,7101,4588,2334,2254,49,23,26,8943,4270,4673,50,25,25,257,134,123
2041,357,Ochiltree County,14009,6824,7185,4581,2333,2248,50,23,27,9066,4306,4760,51,25,26,261,137,124
2042,357,Ochiltree County,14122,6851,7271,4565,2324,2241,51,24,27,9191,4340,4851,52,26,26,263,137,126
2043,357,Ochiltree County,14253,6894,7359,4554,2323,2231,52,24,28,9330,4383,4947,53,26,27,264,138,126
2044,357,Ochiltree County,14380,6936,7444,4547,2319,2228,53,25,28,9458,4424,5034,53,26,27,269,142,127
2045,357,Ochiltree County,14515,6971,7544,4544,2317,2227,54,25,29,9593,4462,5131,54,26,28,270,141,129
2046,357,Ochiltree County,14639,7013,7626,4534,2312,2222,55,26,29,9720,4505,5215,54,26,28,276,144,132
2047,357,Ochiltree County,14768,7047,7721,4525,2310,2215,56,26,30,9851,4539,5312,55,26,29,281,146,135
2048,357,Ochiltree County,14901,7088,7813,4517,2307,2210,57,27,30,9987,4581,5406,56,27,29,284,146,138
2049,357,Ochiltree County,15024,7125,7899,4506,2300,2206,58,27,31,10114,4623,5491,57,27,30,289,148,141
2050,357,Ochiltree County,15154,7164,7990,4503,2297,2206,59,28,31,10241,4660,5581,58,28,30,293,151,142
2010,359,Oldham County,2052,1035,1017,1699,865,834,60,29,31,243,122,121,17,4,13,33,15,18
2011,359,Oldham County,2067,1043,1024,1708,870,838,60,29,31,248,125,123,17,4,13,34,15,19
2012,359,Oldham County,2087,1057,1030,1722,879,843,60,30,30,253,128,125,17,4,13,35,16,19
2013,359,Oldham County,2107,1067,1040,1736,886,850,60,30,30,258,131,127,17,4,13,36,16,20
2014,359,Oldham County,2120,1078,1042,1742,891,851,61,32,29,263,134,129,17,4,13,37,17,20
2015,359,Oldham County,2140,1088,1052,1754,897,857,63,33,30,268,137,131,17,4,13,38,17,21
2016,359,Oldham County,2152,1096,1056,1758,899,859,65,35,30,273,140,133,17,4,13,39,18,21
2017,359,Oldham County,2163,1101,1062,1760,899,861,68,37,31,278,143,135,17,4,13,40,18,22
2018,359,Oldham County,2177,1112,1065,1765,903,862,70,40,30,284,146,138,17,4,13,41,19,22
2019,359,Oldham County,2192,1123,1069,1774,912,862,69,39,30,290,149,141,17,4,13,42,19,23
2020,359,Oldham County,2200,1129,1071,1775,914,861,69,39,30,296,152,144,17,4,13,43,20,23
2021,359,Oldham County,2210,1132,1078,1777,914,863,70,39,31,302,155,147,17,4,13,44,20,24
2022,359,Oldham County,2217,1138,1079,1776,915,861,71,40,31,308,158,150,17,4,13,45,21,24
2023,359,Oldham County,2225,1144,1081,1775,917,858,73,41,32,314,161,153,17,4,13,46,21,25
2024,359,Oldham County,2236,1148,1088,1779,917,862,73,41,32,320,164,156,17,4,13,47,22,25
2025,359,Oldham County,2244,1150,1094,1781,918,863,72,39,33,326,167,159,17,4,13,48,22,26
2026,359,Oldham County,2249,1151,1098,1779,915,864,72,39,33,332,170,162,17,4,13,49,23,26
2027,359,Oldham County,2254,1152,1102,1777,914,863,73,39,34,338,173,165,17,4,13,49,22,27
2028,359,Oldham County,2262,1157,1105,1778,914,864,74,40,34,343,176,167,17,4,13,50,23,27
2029,359,Oldham County,2267,1157,1110,1775,911,864,75,40,35,349,179,170,17,4,13,51,23,28
2030,359,Oldham County,2273,1162,1111,1773,911,862,76,41,35,355,182,173,17,4,13,52,24,28
2031,359,Oldham County,2274,1165,1109,1765,910,855,77,41,36,361,185,176,17,4,13,54,25,29
2032,359,Oldham County,2271,1164,1107,1757,906,851,78,42,36,365,187,178,17,4,13,54,25,29
2033,359,Oldham County,2272,1166,1106,1750,904,846,79,42,37,370,190,180,17,4,13,56,26,30
2034,359,Oldham County,2267,1166,1101,1740,901,839,80,43,37,375,193,182,17,4,13,55,25,30
2035,359,Oldham County,2268,1169,1099,1734,901,833,81,43,38,380,196,184,17,4,13,56,25,31
2036,359,Oldham County,2258,1167,1091,1719,896,823,82,44,38,385,198,187,16,4,12,56,25,31
2037,359,Oldham County,2250,1162,1088,1704,889,815,83,44,39,390,200,190,16,4,12,57,25,32
2038,359,Oldham County,2240,1160,1080,1686,881,805,84,45,39,395,203,192,16,4,12,59,27,32
2039,359,Oldham County,2233,1156,1077,1671,874,797,85,45,40,402,207,195,16,4,12,59,26,33
2040,359,Oldham County,2229,1159,1070,1659,871,788,86,46,40,407,210,197,16,4,12,61,28,33
2041,359,Oldham County,2216,1153,1063,1641,864,777,87,46,41,411,212,199,16,4,12,61,27,34
2042,359,Oldham County,2208,1152,1056,1626,858,768,88,47,41,416,215,201,16,4,12,62,28,34
2043,359,Oldham County,2200,1149,1051,1612,852,760,89,47,42,420,218,202,16,4,12,63,28,35
2044,359,Oldham County,2188,1149,1039,1595,847,748,90,48,42,424,221,203,16,4,12,63,29,34
2045,359,Oldham County,2178,1144,1034,1577,839,738,91,48,43,430,224,206,16,4,12,64,29,35
2046,359,Oldham County,2167,1142,1025,1563,834,729,92,49,43,432,225,207,15,4,11,65,30,35
2047,359,Oldham County,2158,1135,1023,1550,825,725,92,49,43,436,228,208,15,4,11,65,29,36
2048,359,Oldham County,2153,1136,1017,1537,820,717,93,50,43,442,232,210,15,4,11,66,30,36
2049,359,Oldham County,2146,1130,1016,1526,814,712,94,50,44,445,233,212,15,4,11,66,29,37
2050,359,Oldham County,2127,1117,1010,1514,807,707,95,51,44,436,225,211,15,4,11,67,30,37
2010,361,Orange County,81837,40708,41129,67895,33669,34226,6922,3347,3575,4766,2566,2200,797,382,415,1457,744,713
2011,361,Orange County,82255,40904,41351,68062,33738,34324,6977,3374,3603,4916,2644,2272,806,387,419,1494,761,733
2012,361,Orange County,82680,41108,41572,68202,33800,34402,7050,3404,3646,5080,2731,2349,816,392,424,1532,781,751
2013,361,Orange County,83138,41326,41812,68370,33868,34502,7123,3444,3679,5242,2816,2426,830,398,432,1573,800,773
2014,361,Orange County,83588,41541,42047,68523,33932,34591,7189,3474,3715,5413,2906,2507,846,406,440,1617,823,794
2015,361,Orange County,84036,41746,42290,68661,33989,34672,7272,3508,3764,5583,2991,2592,860,415,445,1660,843,817
2016,361,Orange County,84465,41944,42521,68778,34035,34743,7361,3547,3814,5753,3082,2671,873,419,454,1700,861,839
2017,361,Orange County,84885,42146,42739,68885,34078,34807,7437,3582,3855,5924,3170,2754,891,428,463,1748,888,860
2018,361,Orange County,85320,42344,42976,68988,34119,34869,7531,3620,3911,6108,3266,2842,902,433,469,1791,906,885
2019,361,Orange County,85742,42539,43203,69075,34152,34923,7614,3656,3958,6288,3356,2932,915,440,475,1850,935,915
2020,361,Orange County,86155,42736,43419,69153,34179,34974,7699,3695,4004,6477,3454,3023,925,446,479,1901,962,939
2021,361,Orange County,86538,42915,43623,69213,34196,35017,7773,3733,4040,6663,3548,3115,939,453,486,1950,985,965
2022,361,Orange County,86913,43073,43840,69248,34197,35051,7863,3767,4096,6856,3644,3212,946,457,489,2000,1008,992
2023,361,Orange County,87289,43244,44045,69283,34202,35081,7955,3807,4148,7046,3739,3307,959,461,498,2046,1035,1011
2024,361,Orange County,87627,43393,44234,69286,34188,35098,8047,3845,4202,7235,3834,3401,970,468,502,2089,1058,1031
2025,361,Orange County,87950,43544,44406,69278,34173,35105,8137,3890,4247,7420,3925,3495,977,472,505,2138,1084,1054
2026,361,Orange County,88233,43669,44564,69235,34143,35092,8226,3928,4298,7609,4017,3592,988,480,508,2175,1101,1074
2027,361,Orange County,88476,43772,44704,69163,34092,35071,8296,3957,4339,7798,4110,3688,996,486,510,2223,1127,1096
2028,361,Orange County,88702,43866,44836,69069,34034,35035,8373,3997,4376,7995,4205,3790,1004,490,514,2261,1140,1121
2029,361,Orange County,88920,43964,44956,68953,33967,34986,8459,4032,4427,8189,4301,3888,1010,498,512,2309,1166,1143
2030,361,Orange County,89102,44035,45067,68812,33884,34928,8535,4065,4470,8391,4401,3990,1014,499,515,2350,1186,1164
2031,361,Orange County,89242,44094,45148,68634,33788,34846,8601,4091,4510,8596,4501,4095,1021,505,516,2390,1209,1181
2032,361,Orange County,89344,44130,45214,68429,33676,34753,8670,4125,4545,8791,4595,4196,1022,507,515,2432,1227,1205
2033,361,Orange County,89432,44170,45262,68206,33559,34647,8729,4153,4576,8995,4701,4294,1029,512,517,2473,1245,1228
2034,361,Orange County,89489,44180,45309,67940,33418,34522,8794,4181,4613,9211,4806,4405,1033,513,520,2511,1262,1249
2035,361,Orange County,89505,44173,45332,67636,33259,34377,8847,4211,4636,9430,4913,4517,1037,511,526,2555,1279,1276
2036,361,Orange County,89486,44162,45324,67302,33094,34208,8909,4237,4672,9653,5025,4628,1035,512,523,2587,1294,1293
2037,361,Orange County,89450,44136,45314,66949,32915,34034,8963,4265,4698,9882,5135,4747,1035,509,526,2621,1312,1309
2038,361,Orange County,89402,44107,45295,66571,32721,33850,9020,4294,4726,10112,5251,4861,1043,514,529,2656,1327,1329
2039,361,Orange County,89320,44071,45249,66183,32534,33649,9066,4314,4752,10345,5366,4979,1044,516,528,2682,1341,1341
2040,361,Orange County,89238,44025,45213,65768,32328,33440,9123,4340,4783,10584,5486,5098,1048,516,532,2715,1355,1360
2041,361,Orange County,89128,43971,45157,65358,32127,33231,9166,4361,4805,10814,5601,5213,1049,520,529,2741,1362,1379
2042,361,Orange County,89016,43913,45103,64918,31911,33007,9220,4384,4836,11057,5723,5334,1046,518,528,2775,1377,1398
2043,361,Orange County,88914,43854,45060,64483,31696,32787,9275,4410,4865,11301,5839,5462,1050,523,527,2805,1386,1419
2044,361,Orange County,88774,43776,44998,64033,31467,32566,9320,4439,4881,11540,5956,5584,1045,518,527,2836,1396,1440
2045,361,Orange County,88629,43697,44932,63564,31238,32326,9372,4459,4913,11780,6074,5706,1046,518,528,2867,1408,1459
2046,361,Orange County,88470,43610,44860,63104,31008,32096,9408,4478,4930,12020,6193,5827,1045,516,529,2893,1415,1478
2047,361,Orange County,88316,43529,44787,62635,30783,31852,9458,4499,4959,12253,6306,5947,1044,515,529,2926,1426,1500
2048,361,Orange County,88162,43452,44710,62170,30557,31613,9496,4522,4974,12500,6424,6076,1042,513,529,2954,1436,1518
2049,361,Orange County,87983,43354,44629,61694,30322,31372,9528,4536,4992,12741,6547,6194,1040,509,531,2980,1440,1540
2050,361,Orange County,87825,43277,44548,61232,30102,31130,9569,4555,5014,12980,6663,6317,1039,510,529,3005,1447,1558
2010,363,Palo Pinto County,28111,13811,14300,21958,10688,11270,597,305,292,4985,2535,2450,132,48,84,439,235,204
2011,363,Palo Pinto County,28070,13782,14288,21805,10609,11196,605,309,296,5077,2575,2502,134,49,85,449,240,209
2012,363,Palo Pinto County,28036,13752,14284,21641,10521,11120,613,313,300,5186,2623,2563,136,50,86,460,245,215
2013,363,Palo Pinto County,28019,13736,14283,21495,10446,11049,620,316,304,5295,2672,2623,138,51,87,471,251,220
2014,363,Palo Pinto County,28006,13726,14280,21349,10371,10978,627,320,307,5407,2726,2681,140,52,88,483,257,226
2015,363,Palo Pinto County,27979,13704,14275,21183,10284,10899,633,323,310,5527,2781,2746,142,53,89,494,263,231
2016,363,Palo Pinto County,27978,13694,14284,21030,10206,10824,646,329,317,5648,2834,2814,144,54,90,510,271,239
2017,363,Palo Pinto County,27955,13673,14282,20865,10117,10748,653,333,320,5768,2889,2879,146,55,91,523,279,244
2018,363,Palo Pinto County,27931,13649,14282,20698,10029,10669,662,338,324,5889,2942,2947,148,56,92,534,284,250
2019,363,Palo Pinto County,27891,13618,14273,20522,9939,10583,670,343,327,6004,2990,3014,149,57,92,546,289,257
2020,363,Palo Pinto County,27859,13590,14269,20348,9849,10499,678,349,329,6124,3040,3084,151,58,93,558,294,264
2021,363,Palo Pinto County,27815,13555,14260,20163,9756,10407,689,355,334,6243,3088,3155,152,58,94,568,298,270
2022,363,Palo Pinto County,27776,13520,14256,19988,9664,10324,695,358,337,6359,3133,3226,152,59,93,582,306,276
2023,363,Palo Pinto County,27728,13488,14240,19796,9567,10229,706,366,340,6478,3183,3295,154,60,94,594,312,282
2024,363,Palo Pinto County,27650,13435,14215,19578,9452,10126,711,371,340,6598,3233,3365,156,61,95,607,318,289
2025,363,Palo Pinto County,27567,13379,14188,19364,9339,10025,719,377,342,6706,3275,3431,157,62,95,621,326,295
2026,363,Palo Pinto County,27476,13324,14152,19136,9230,9906,726,381,345,6822,3319,3503,159,63,96,633,331,302
2027,363,Palo Pinto County,27372,13253,14119,18905,9107,9798,729,383,346,6934,3361,3573,159,64,95,645,338,307
2028,363,Palo Pinto County,27259,13181,14078,18664,8984,9680,737,388,349,7043,3399,3644,160,65,95,655,345,310
2029,363,Palo Pinto County,27149,13116,14033,18427,8869,9558,744,392,352,7156,3441,3715,160,66,94,662,348,314
2030,363,Palo Pinto County,27027,13038,13989,18187,8746,9441,749,395,354,7261,3477,3784,160,67,93,670,353,317
2031,363,Palo Pinto County,26914,12965,13949,17952,8627,9325,754,398,356,7369,3515,3854,161,68,93,678,357,321
2032,363,Palo Pinto County,26783,12887,13896,17697,8499,9198,761,403,358,7476,3555,3921,161,68,93,688,362,326
2033,363,Palo Pinto County,26653,12806,13847,17454,8377,9077,766,407,359,7576,3590,3986,161,68,93,696,364,332
2034,363,Palo Pinto County,26498,12714,13784,17192,8244,8948,772,409,363,7674,3628,4046,161,68,93,699,365,334
2035,363,Palo Pinto County,26327,12611,13716,16923,8107,8816,775,410,365,7763,3657,4106,161,69,92,705,368,337
2036,363,Palo Pinto County,26158,12523,13635,16653,7981,8672,779,412,367,7852,3691,4161,163,70,93,711,369,342
2037,363,Palo Pinto County,25997,12428,13569,16390,7848,8542,782,415,367,7943,3720,4223,163,70,93,719,375,344
2038,363,Palo Pinto County,25813,12323,13490,16119,7713,8406,784,415,369,8023,3749,4274,163,71,92,724,375,349
2039,363,Palo Pinto County,25655,12235,13420,15862,7585,8277,788,416,372,8108,3782,4326,165,72,93,732,380,352
2040,363,Palo Pinto County,25467,12122,13345,15586,7446,8140,791,418,373,8188,3805,4383,165,72,93,737,381,356
2041,363,Palo Pinto County,25270,12009,13261,15319,7314,8005,791,417,374,8255,3822,4433,165,72,93,740,384,356
2042,363,Palo Pinto County,25082,11905,13177,15063,7182,7881,793,417,376,8313,3847,4466,166,73,93,747,386,361
2043,363,Palo Pinto County,24897,11805,13092,14809,7063,7746,792,416,376,8386,3869,4517,166,74,92,744,383,361
2044,363,Palo Pinto County,24721,11696,13025,14556,6931,7625,790,414,376,8454,3887,4567,166,75,91,755,389,366
2045,363,Palo Pinto County,24547,11601,12946,14320,6815,7505,791,414,377,8513,3910,4603,166,75,91,757,387,370
2046,363,Palo Pinto County,24376,11500,12876,14077,6693,7384,787,411,376,8579,3928,4651,167,76,91,766,392,374
2047,363,Palo Pinto County,24196,11388,12808,13845,6577,7268,785,410,375,8631,3934,4697,166,76,90,769,391,378
2048,363,Palo Pinto County,24027,11297,12730,13614,6461,7153,784,410,374,8693,3959,4734,166,76,90,770,391,379
2049,363,Palo Pinto County,23840,11198,12642,13383,6347,7036,787,414,373,8732,3967,4765,167,77,90,771,393,378
2050,363,Palo Pinto County,23676,11108,12568,13164,6243,6921,786,415,371,8786,3982,4804,167,78,89,773,390,383
2010,365,Panola County,23796,11808,11988,17521,8672,8849,3850,1837,2013,1970,1073,897,72,33,39,383,193,190
2011,365,Panola County,23885,11858,12027,17538,8681,8857,3846,1839,2007,2033,1105,928,73,33,40,395,200,195
2012,365,Panola County,23967,11904,12063,17543,8680,8863,3848,1848,2000,2095,1137,958,74,34,40,407,205,202
2013,365,Panola County,24063,11957,12106,17550,8680,8870,3860,1862,1998,2157,1169,988,74,33,41,422,213,209
2014,365,Panola County,24155,12002,12153,17551,8680,8871,3870,1866,2004,2224,1203,1021,74,33,41,436,220,216
2015,365,Panola County,24238,12044,12194,17552,8675,8877,3869,1870,1999,2289,1237,1052,75,33,42,453,229,224
2016,365,Panola County,24321,12092,12229,17554,8675,8879,3867,1875,1992,2356,1271,1085,76,34,42,468,237,231
2017,365,Panola County,24402,12134,12268,17549,8671,8878,3874,1879,1995,2420,1305,1115,77,34,43,482,245,237
2018,365,Panola County,24471,12169,12302,17532,8658,8874,3874,1884,1990,2490,1339,1151,78,35,43,497,253,244
2019,365,Panola County,24531,12203,12328,17508,8647,8861,3875,1888,1987,2556,1372,1184,79,35,44,513,261,252
2020,365,Panola County,24576,12226,12350,17480,8629,8851,3865,1886,1979,2624,1407,1217,79,36,43,528,268,260
2021,365,Panola County,24647,12260,12387,17466,8622,8844,3869,1887,1982,2690,1440,1250,80,36,44,542,275,267
2022,365,Panola County,24714,12299,12415,17448,8614,8834,3871,1892,1979,2756,1474,1282,81,37,44,558,282,276
2023,365,Panola County,24758,12316,12442,17414,8594,8820,3860,1885,1975,2827,1509,1318,82,37,45,575,291,284
2024,365,Panola County,24817,12347,12470,17391,8578,8813,3852,1886,1966,2902,1547,1355,83,38,45,589,298,291
2025,365,Panola County,24874,12378,12496,17359,8563,8796,3845,1884,1961,2979,1586,1393,84,38,46,607,307,300
2026,365,Panola County,24917,12404,12513,17320,8543,8777,3836,1883,1953,3055,1625,1430,85,39,46,621,314,307
2027,365,Panola County,24971,12424,12547,17280,8513,8767,3837,1886,1951,3129,1662,1467,86,39,47,639,324,315
2028,365,Panola County,24995,12440,12555,17221,8483,8738,3830,1885,1945,3204,1700,1504,87,40,47,653,332,321
2029,365,Panola County,25005,12450,12555,17146,8443,8703,3824,1888,1936,3281,1739,1542,88,41,47,666,339,327
2030,365,Panola County,25005,12444,12561,17062,8396,8666,3823,1888,1935,3356,1776,1580,90,42,48,674,342,332
2031,365,Panola County,25007,12449,12558,16980,8354,8626,3815,1887,1928,3433,1815,1618,91,43,48,688,350,338
2032,365,Panola County,24996,12424,12572,16885,8292,8593,3812,1887,1925,3505,1846,1659,93,44,49,701,355,346
2033,365,Panola County,24966,12407,12559,16776,8236,8540,3804,1885,1919,3580,1882,1698,94,44,50,712,360,352
2034,365,Panola County,24934,12386,12548,16673,8180,8493,3794,1883,1911,3646,1912,1734,95,44,51,726,367,359
2035,365,Panola County,24893,12362,12531,16559,8116,8443,3777,1879,1898,3719,1950,1769,97,45,52,741,372,369
2036,365,Panola County,24853,12341,12512,16444,8057,8387,3768,1875,1893,3788,1985,1803,99,46,53,754,378,376
2037,365,Panola County,24816,12319,12497,16325,7989,8336,3760,1877,1883,3862,2022,1840,100,47,53,769,384,385
2038,365,Panola County,24770,12294,12476,16194,7924,8270,3754,1878,1876,3936,2056,1880,101,47,54,785,389,396
2039,365,Panola County,24713,12262,12451,16067,7857,8210,3742,1877,1865,4004,2087,1917,102,47,55,798,394,404
2040,365,Panola County,24652,12232,12420,15943,7791,8152,3733,1878,1855,4071,2120,1951,102,48,54,803,395,408
2041,365,Panola County,24590,12194,12396,15823,7731,8092,3717,1871,1846,4133,2145,1988,103,49,54,814,398,416
2042,365,Panola County,24521,12159,12362,15692,7659,8033,3703,1871,1832,4201,2178,2023,104,50,54,821,401,420
2043,365,Panola County,24458,12119,12339,15569,7590,7979,3690,1866,1824,4262,2209,2053,107,51,56,830,403,427
2044,365,Panola County,24398,12095,12303,15451,7532,7919,3667,1857,1810,4333,2247,2086,107,52,55,840,407,433
2045,365,Panola County,24345,12067,12278,15338,7478,7860,3655,1852,1803,4398,2277,2121,108,53,55,846,407,439
2046,365,Panola County,24273,12022,12251,15214,7407,7807,3644,1851,1793,4448,2299,2149,110,54,56,857,411,446
2047,365,Panola County,24207,11992,12215,15099,7346,7753,3625,1845,1780,4506,2329,2177,110,54,56,867,418,449
2048,365,Panola County,24136,11957,12179,14979,7288,7691,3601,1833,1768,4572,2361,2211,112,55,57,872,420,452
2049,365,Panola County,24073,11926,12147,14879,7238,7641,3580,1829,1751,4626,2383,2243,113,56,57,875,420,455
2050,365,Panola County,23990,11879,12111,14760,7177,7583,3557,1820,1737,4676,2403,2273,113,55,58,884,424,460
2010,367,Parker County,116927,59292,57635,99698,49736,49962,1842,1353,489,12410,6777,5633,631,260,371,2346,1166,1180
2011,367,Parker County,118594,59972,58622,100847,50207,50640,1853,1360,493,12851,6945,5906,639,264,375,2404,1196,1208
2012,367,Parker County,120311,60658,59653,102007,50670,51337,1869,1369,500,13318,7124,6194,652,270,382,2465,1225,1240
2013,367,Parker County,122108,61380,60728,103219,51154,52065,1885,1379,506,13807,7313,6494,665,276,389,2532,1258,1274
2014,367,Parker County,123953,62125,61828,104453,51646,52807,1903,1389,514,14318,7513,6805,675,282,393,2604,1295,1309
2015,367,Parker County,125811,62876,62935,105670,52135,53535,1919,1398,521,14851,7719,7132,690,291,399,2681,1333,1348
2016,367,Parker County,127694,63634,64060,106901,52633,54268,1934,1405,529,15403,7933,7470,703,297,406,2753,1366,1387
2017,367,Parker County,129606,64404,65202,108133,53131,55002,1954,1416,538,15975,8154,7821,717,302,415,2827,1401,1426
2018,367,Parker County,131577,65200,66377,109388,53640,55748,1972,1423,549,16570,8384,8186,733,311,422,2914,1442,1472
2019,367,Parker County,133577,66005,67572,110663,54154,56509,1994,1432,562,17172,8615,8557,743,317,426,3005,1487,1518
2020,367,Parker County,135621,66816,68805,111943,54664,57279,2016,1442,574,17814,8858,8956,752,320,432,3096,1532,1564
2021,367,Parker County,137705,67636,70069,113247,55169,58078,2038,1453,585,18467,9105,9362,762,326,436,3191,1583,1608
2022,367,Parker County,139850,68498,71352,114583,55704,58879,2059,1465,594,19141,9361,9780,772,333,439,3295,1635,1660
2023,367,Parker County,142022,69364,72658,115897,56224,59673,2088,1480,608,19847,9627,10220,783,339,444,3407,1694,1713
2024,367,Parker County,144205,70229,73976,117220,56752,60468,2111,1492,619,20556,9890,10666,791,344,447,3527,1751,1776
2025,367,Parker County,146411,71087,75324,118526,57261,61265,2129,1496,633,21299,10168,11131,801,348,453,3656,1814,1842
2026,367,Parker County,148603,71943,76660,119799,57758,62041,2154,1510,644,22060,10448,11612,810,355,455,3780,1872,1908
2027,367,Parker County,150777,72791,77986,121032,58239,62793,2173,1521,652,22835,10732,12103,822,362,460,3915,1937,1978
2028,367,Parker County,152962,73626,79336,122276,58720,63556,2189,1528,661,23617,11010,12607,828,365,463,4052,2003,2049
2029,367,Parker County,155159,74464,80695,123490,59184,64306,2213,1541,672,24434,11299,13135,834,370,464,4188,2070,2118
2030,367,Parker County,157317,75286,82031,124662,59630,65032,2228,1548,680,25258,11587,13671,839,375,464,4330,2146,2184
2031,367,Parker County,159461,76085,83376,125775,60045,65730,2249,1562,687,26120,11884,14236,846,378,468,4471,2216,2255
2032,367,Parker County,161556,76871,84685,126844,60445,66399,2263,1566,697,26989,12192,14797,854,384,470,4606,2284,2322
2033,367,Parker County,163592,77612,85980,127824,60795,67029,2274,1569,705,27896,12507,15389,860,388,472,4738,2353,2385
2034,367,Parker County,165598,78328,87270,128748,61119,67629,2285,1572,713,28820,12824,15996,866,393,473,4879,2420,2459
2035,367,Parker County,167540,79013,88527,129593,61407,68186,2294,1573,721,29763,13145,16618,873,398,475,5017,2490,2527
2036,367,Parker County,169437,79677,89760,130371,61666,68705,2309,1580,729,30724,13473,17251,878,402,476,5155,2556,2599
2037,367,Parker County,171294,80314,90980,131083,61891,69192,2314,1583,731,31716,13804,17912,886,406,480,5295,2630,2665
2038,367,Parker County,173109,80914,92195,131722,62076,69646,2319,1583,736,32743,14148,18595,889,407,482,5436,2700,2736
2039,367,Parker County,174921,81506,93415,132316,62238,70078,2328,1587,741,33797,14495,19302,896,410,486,5584,2776,2808
2040,367,Parker County,176692,82078,94614,132861,62388,70473,2336,1591,745,34868,14845,20023,902,414,488,5725,2840,2885
2041,367,Parker County,178456,82634,95822,133359,62510,70849,2345,1596,749,35971,15202,20769,906,420,486,5875,2906,2969
2042,367,Parker County,180215,83184,97031,133827,62629,71198,2358,1599,759,37101,15569,21532,910,424,486,6019,2963,3056
2043,367,Parker County,181984,83727,98257,134258,62725,71533,2372,1604,768,38267,15943,22324,917,426,491,6170,3029,3141
2044,367,Parker County,183752,84261,99491,134676,62812,71864,2384,1609,775,39455,16326,23129,920,427,493,6317,3087,3230
2045,367,Parker County,185533,84793,100740,135069,62891,72178,2395,1611,784,40665,16705,23960,928,433,495,6476,3153,3323
2046,367,Parker County,187329,85333,101996,135456,62967,72489,2410,1620,790,41901,17094,24807,935,439,496,6627,3213,3414
2047,367,Parker County,189142,85878,103264,135833,63042,72791,2421,1626,795,43168,17495,25673,944,444,500,6776,3271,3505
2048,367,Parker County,190993,86423,104570,136214,63118,73096,2434,1628,806,44460,17894,26566,945,447,498,6940,3336,3604
2049,367,Parker County,192871,86978,105893,136621,63212,73409,2443,1631,812,45760,18294,27466,948,447,501,7099,3394,3705
2050,367,Parker County,194803,87558,107245,137025,63304,73721,2453,1636,817,47096,18700,28396,954,450,504,7275,3468,3807
2010,369,Parmer County,10269,5259,5010,3943,1961,1982,91,46,45,6164,3213,2951,18,8,10,53,31,22
2011,369,Parmer County,10134,5191,4943,3829,1903,1926,93,47,46,6139,3201,2938,18,8,10,55,32,23
2012,369,Parmer County,10023,5133,4890,3719,1847,1872,95,48,47,6134,3197,2937,18,8,10,57,33,24
2013,369,Parmer County,9913,5072,4841,3621,1795,1826,97,49,48,6118,3186,2932,18,8,10,59,34,25
2014,369,Parmer County,9801,5010,4791,3526,1747,1779,99,50,49,6097,3170,2927,18,8,10,61,35,26
2015,369,Parmer County,9697,4948,4749,3441,1700,1741,101,51,50,6074,3153,2921,18,8,10,63,36,27
2016,369,Parmer County,9590,4888,4702,3355,1655,1700,103,52,51,6049,3136,2913,18,8,10,65,37,28
2017,369,Parmer County,9489,4831,4658,3270,1610,1660,105,53,52,6030,3123,2907,18,8,10,66,37,29
2018,369,Parmer County,9387,4775,4612,3187,1565,1622,106,54,52,6008,3110,2898,18,8,10,68,38,30
2019,369,Parmer County,9288,4716,4572,3107,1520,1587,107,54,53,5986,3095,2891,18,8,10,70,39,31
2020,369,Parmer County,9200,4665,4535,3036,1482,1554,108,55,53,5966,3080,2886,18,8,10,72,40,32
2021,369,Parmer County,9097,4603,4494,2956,1437,1519,109,55,54,5941,3063,2878,18,8,10,73,40,33
2022,369,Parmer County,9004,4552,4452,2887,1401,1486,109,56,53,5915,3046,2869,18,8,10,75,41,34
2023,369,Parmer County,8902,4495,4407,2814,1360,1454,110,56,54,5883,3029,2854,18,8,10,77,42,35
2024,369,Parmer County,8783,4432,4351,2736,1318,1418,111,57,54,5840,3007,2833,18,8,10,78,42,36
2025,369,Parmer County,8651,4360,4291,2654,1275,1379,112,57,55,5787,2977,2810,18,8,10,80,43,37
2026,369,Parmer County,8534,4304,4230,2583,1242,1341,113,58,55,5738,2952,2786,18,8,10,82,44,38
2027,369,Parmer County,8421,4251,4170,2514,1211,1303,115,59,56,5690,2928,2762,18,8,10,84,45,39
2028,369,Parmer County,8308,4200,4108,2449,1183,1266,116,59,57,5639,2904,2735,18,8,10,86,46,40
2029,369,Parmer County,8196,4148,4048,2385,1153,1232,117,60,57,5588,2880,2708,18,8,10,88,47,41
2030,369,Parmer County,8086,4097,3989,2326,1129,1197,119,61,58,5533,2851,2682,18,8,10,90,48,42
2031,369,Parmer County,7975,4044,3931,2272,1105,1167,120,62,58,5473,2820,2653,18,8,10,92,49,43
2032,369,Parmer County,7856,3988,3868,2214,1079,1135,122,63,59,5409,2788,2621,18,8,10,93,50,43
2033,369,Parmer County,7739,3934,3805,2161,1059,1102,122,62,60,5342,2754,2588,18,8,10,96,51,45
2034,369,Parmer County,7628,3875,3753,2113,1036,1077,123,63,60,5276,2716,2560,18,8,10,98,52,46
2035,369,Parmer County,7522,3824,3698,2071,1018,1053,123,64,59,5210,2681,2529,18,8,10,100,53,47
2036,369,Parmer County,7409,3769,3640,2030,1001,1029,123,64,59,5136,2642,2494,18,8,10,102,54,48
2037,369,Parmer County,7297,3714,3583,1990,985,1005,123,64,59,5065,2604,2461,18,8,10,101,53,48
2038,369,Parmer County,7180,3654,3526,1954,972,982,124,64,60,4981,2556,2425,18,8,10,103,54,49
2039,369,Parmer County,7047,3589,3458,1913,955,958,124,64,60,4887,2507,2380,18,8,10,105,55,50
2040,369,Parmer County,6937,3530,3407,1882,939,943,125,64,61,4805,2463,2342,18,8,10,107,56,51
2041,369,Parmer County,6831,3480,3351,1852,926,926,125,64,61,4727,2425,2302,18,8,10,109,57,52
2042,369,Parmer County,6712,3421,3291,1819,912,907,126,64,62,4639,2380,2259,18,8,10,110,57,53
2043,369,Parmer County,6592,3358,3234,1789,897,892,128,65,63,4545,2330,2215,18,8,10,112,58,54
2044,369,Parmer County,6472,3294,3178,1760,885,875,128,65,63,4453,2278,2175,18,8,10,113,58,55
2045,369,Parmer County,6349,3234,3115,1732,873,859,129,66,63,4355,2228,2127,18,8,10,115,59,56
2046,369,Parmer County,6218,3168,3050,1704,860,844,129,66,63,4252,2174,2078,17,8,9,116,60,56
2047,369,Parmer County,6096,3104,2992,1678,852,826,129,65,64,4157,2120,2037,17,8,9,115,59,56
2048,369,Parmer County,5985,3048,2937,1656,845,811,131,66,65,4064,2069,1995,17,8,9,117,60,57
2049,369,Parmer County,5867,2985,2882,1632,836,796,133,67,66,3968,2014,1954,17,8,9,117,60,57
2050,369,Parmer County,5757,2929,2828,1609,828,781,135,68,67,3878,1965,1913,17,8,9,118,60,58
2010,371,Pecos County,15507,8742,6765,4326,2554,1772,528,496,32,10430,5579,4851,74,37,37,149,76,73
2011,371,Pecos County,15618,8824,6794,4326,2553,1773,530,497,33,10534,5660,4874,76,37,39,152,77,75
2012,371,Pecos County,15745,8914,6831,4331,2557,1774,532,498,34,10649,5742,4907,78,38,40,155,79,76
2013,371,Pecos County,15866,9000,6866,4330,2557,1773,537,502,35,10761,5823,4938,80,38,42,158,80,78
2014,371,Pecos County,15988,9095,6893,4330,2560,1770,542,506,36,10874,5909,4965,82,39,43,160,81,79
2015,371,Pecos County,16124,9192,6932,4336,2566,1770,545,508,37,10995,5996,4999,84,39,45,164,83,81
2016,371,Pecos County,16225,9265,6960,4331,2562,1769,548,510,38,11094,6069,5025,86,40,46,166,84,82
2017,371,Pecos County,16321,9341,6980,4316,2552,1764,551,512,39,11195,6151,5044,89,40,49,170,86,84
2018,371,Pecos County,16407,9411,6996,4305,2550,1755,551,511,40,11286,6221,5065,92,41,51,173,88,85
2019,371,Pecos County,16489,9471,7018,4293,2545,1748,554,513,41,11371,6283,5088,95,41,54,176,89,87
2020,371,Pecos County,16548,9522,7026,4268,2529,1739,552,510,42,11451,6350,5101,99,42,57,178,91,87
2021,371,Pecos County,16616,9574,7042,4251,2516,1735,556,513,43,11525,6410,5115,103,42,61,181,93,88
2022,371,Pecos County,16680,9639,7041,4237,2511,1726,556,512,44,11596,6478,5118,108,43,65,183,95,88
2023,371,Pecos County,16740,9692,7048,4223,2504,1719,558,513,45,11660,6536,5124,113,43,70,186,96,90
2024,371,Pecos County,16794,9742,7052,4212,2500,1712,556,510,46,11719,6590,5129,118,44,74,189,98,91
2025,371,Pecos County,16842,9787,7055,4188,2486,1702,559,512,47,11780,6646,5134,125,44,81,190,99,91
2026,371,Pecos County,16887,9834,7053,4165,2475,1690,561,513,48,11836,6701,5135,133,45,88,192,100,92
2027,371,Pecos County,16936,9877,7059,4145,2465,1680,564,515,49,11890,6751,5139,142,45,97,195,101,94
2028,371,Pecos County,16992,9925,7067,4130,2458,1672,563,513,50,11950,6805,5145,151,46,105,198,103,95
2029,371,Pecos County,17024,9954,7070,4112,2449,1663,562,511,51,11989,6844,5145,162,46,116,199,104,95
2030,371,Pecos County,17064,9993,7071,4093,2441,1652,562,510,52,12032,6890,5142,175,47,128,202,105,97
2031,371,Pecos County,17103,10026,7077,4073,2430,1643,564,511,53,12070,6931,5139,190,47,143,206,107,99
2032,371,Pecos County,17135,10052,7083,4054,2422,1632,562,508,54,12105,6966,5139,205,48,157,209,108,101
2033,371,Pecos County,17170,10090,7080,4035,2412,1623,566,510,56,12139,7012,5127,219,47,172,211,109,102
2034,371,Pecos County,17222,10133,7089,4023,2406,1617,568,511,57,12181,7058,5123,237,48,189,213,110,103
2035,371,Pecos County,17251,10155,7096,4007,2399,1608,570,511,59,12206,7089,5117,255,48,207,213,108,105
2036,371,Pecos County,17296,10190,7106,3999,2395,1604,571,511,60,12233,7125,5108,277,49,228,216,110,106
2037,371,Pecos County,17341,10226,7115,3985,2392,1593,572,510,62,12261,7163,5098,303,48,255,220,113,107
2038,371,Pecos County,17384,10250,7134,3970,2387,1583,572,509,63,12286,7191,5095,333,48,285,223,115,108
2039,371,Pecos County,17416,10264,7152,3962,2382,1580,570,505,65,12295,7215,5080,365,47,318,224,115,109
2040,371,Pecos County,17466,10290,7176,3945,2375,1570,569,503,66,12322,7248,5074,402,47,355,228,117,111
2041,371,Pecos County,17510,10296,7214,3933,2364,1569,564,496,68,12347,7278,5069,443,46,397,223,112,111
2042,371,Pecos County,17573,10312,7261,3929,2358,1571,564,495,69,12355,7296,5059,495,46,449,230,117,113
2043,371,Pecos County,17633,10321,7312,3918,2350,1568,563,492,71,12371,7319,5052,551,45,506,230,115,115
2044,371,Pecos County,17696,10327,7369,3911,2344,1567,562,490,72,12377,7331,5046,613,46,567,233,116,117
2045,371,Pecos County,17773,10344,7429,3906,2341,1565,563,489,74,12384,7350,5034,684,46,638,236,118,118
2046,371,Pecos County,17847,10353,7494,3897,2334,1563,563,488,75,12392,7367,5025,760,47,713,235,117,118
2047,371,Pecos County,17907,10346,7561,3888,2331,1557,563,486,77,12382,7370,5012,841,45,796,233,114,119
2048,371,Pecos County,17978,10361,7617,3887,2331,1556,562,485,77,12366,7379,4987,924,46,878,239,120,119
2049,371,Pecos County,18043,10351,7692,3876,2327,1549,558,479,79,12361,7388,4973,1016,45,971,232,112,120
2050,371,Pecos County,18116,10359,7757,3865,2320,1545,556,477,79,12339,7394,4945,1110,44,1066,246,124,122
2010,373,Polk County,45413,24288,21125,32830,16792,16038,5153,3201,1952,5959,3606,2353,180,67,113,1291,622,669
2011,373,Polk County,45682,24453,21229,32926,16856,16070,5139,3205,1934,6120,3691,2429,186,69,117,1311,632,679
2012,373,Polk County,46012,24644,21368,33054,16933,16121,5128,3205,1923,6306,3792,2514,192,72,120,1332,642,690
2013,373,Polk County,46341,24844,21497,33188,17023,16165,5117,3205,1912,6489,3892,2597,198,74,124,1349,650,699
2014,373,Polk County,46707,25058,21649,33345,17117,16228,5114,3212,1902,6676,3993,2683,203,77,126,1369,659,710
2015,373,Polk County,47087,25284,21803,33510,17216,16294,5107,3215,1892,6870,4104,2766,210,80,130,1390,669,721
2016,373,Polk County,47496,25526,21970,33699,17326,16373,5101,3223,1878,7062,4212,2850,216,83,133,1418,682,736
2017,373,Polk County,47896,25760,22136,33884,17435,16449,5093,3227,1866,7259,4321,2938,222,85,137,1438,692,746
2018,373,Polk County,48294,26001,22293,34075,17553,16522,5083,3236,1847,7443,4419,3024,229,89,140,1464,704,760
2019,373,Polk County,48698,26228,22470,34262,17652,16610,5082,3247,1835,7626,4519,3107,235,91,144,1493,719,774
2020,373,Polk County,49091,26456,22635,34443,17759,16684,5085,3256,1829,7804,4616,3188,244,94,150,1515,731,784
2021,373,Polk County,49494,26688,22806,34629,17869,16760,5078,3258,1820,7993,4718,3275,255,99,156,1539,744,795
2022,373,Polk County,49876,26908,22968,34790,17966,16824,5072,3264,1808,8174,4815,3359,264,103,161,1576,760,816
2023,373,Polk County,50265,27132,23133,34945,18060,16885,5075,3273,1802,8368,4918,3450,276,109,167,1601,772,829
2024,373,Polk County,50610,27346,23264,35076,18147,16929,5066,3276,1790,8557,5026,3531,288,115,173,1623,782,841
2025,373,Polk County,50926,27546,23380,35175,18212,16963,5060,3290,1770,8746,5130,3616,300,121,179,1645,793,852
2026,373,Polk County,51195,27702,23493,35243,18254,16989,5046,3289,1757,8925,5228,3697,313,127,186,1668,804,864
2027,373,Polk County,51468,27874,23594,35295,18293,17002,5037,3294,1743,9115,5334,3781,329,135,194,1692,818,874
2028,373,Polk County,51688,28007,23681,35313,18317,16996,5018,3289,1729,9296,5432,3864,348,143,205,1713,826,887
2029,373,Polk County,51884,28123,23761,35310,18326,16984,4992,3281,1711,9477,5524,3953,364,152,212,1741,840,901
2030,373,Polk County,52031,28215,23816,35275,18314,16961,4967,3275,1692,9645,5614,4031,385,162,223,1759,850,909
2031,373,Polk County,52173,28298,23875,35210,18289,16921,4942,3263,1679,9828,5712,4116,407,172,235,1786,862,924
2032,373,Polk County,52293,28385,23908,35124,18252,16872,4926,3263,1663,10002,5809,4193,433,188,245,1808,873,935
2033,373,Polk County,52387,28443,23944,35013,18200,16813,4906,3257,1649,10185,5906,4279,458,201,257,1825,879,946
2034,373,Polk County,52480,28510,23970,34892,18146,16746,4884,3249,1635,10366,6005,4361,491,219,272,1847,891,956
2035,373,Polk County,52540,28560,23980,34752,18079,16673,4859,3241,1618,10548,6108,4440,518,234,284,1863,898,965
2036,373,Polk County,52602,28611,23991,34602,18003,16599,4829,3227,1602,10739,6221,4518,550,252,298,1882,908,974
2037,373,Polk County,52633,28638,23995,34435,17920,16515,4801,3215,1586,10917,6319,4598,584,269,315,1896,915,981
2038,373,Polk County,52681,28669,24012,34270,17836,16434,4779,3206,1573,11105,6421,4684,621,290,331,1906,916,990
2039,373,Polk County,52726,28694,24032,34117,17754,16363,4755,3194,1561,11279,6516,4763,660,312,348,1915,918,997
2040,373,Polk County,52783,28733,24050,33965,17676,16289,4727,3180,1547,11463,6617,4846,706,338,368,1922,922,1000
2041,373,Polk County,52815,28755,24060,33813,17592,16221,4684,3159,1525,11640,6714,4926,753,368,385,1925,922,1003
2042,373,Polk County,52867,28780,24087,33660,17505,16155,4654,3143,1511,11816,6812,5004,804,397,407,1933,923,1010
2043,373,Polk County,52920,28806,24114,33512,17427,16085,4614,3119,1495,11982,6901,5081,866,433,433,1946,926,1020
2044,373,Polk County,52994,28835,24159,33397,17359,16038,4578,3098,1480,12140,6986,5154,933,473,460,1946,919,1027
2045,373,Polk County,53114,28894,24220,33286,17295,15991,4541,3076,1465,12317,7080,5237,1008,517,491,1962,926,1036
2046,373,Polk County,53178,28921,24257,33165,17227,15938,4500,3054,1446,12463,7154,5309,1089,567,522,1961,919,1042
2047,373,Polk County,53315,28992,24323,33068,17165,15903,4461,3034,1427,12623,7240,5383,1183,626,557,1980,927,1053
2048,373,Polk County,53449,29066,24383,32976,17114,15862,4422,3015,1407,12777,7321,5456,1288,691,597,1986,925,1061
2049,373,Polk County,53584,29140,24444,32891,17066,15825,4388,2998,1390,12912,7394,5518,1402,760,642,1991,922,1069
2050,373,Polk County,53749,29243,24506,32798,17015,15783,4343,2976,1367,13073,7486,5587,1525,838,687,2010,928,1082
2010,375,Potter County,121073,61919,59154,59322,29232,30090,11823,6861,4962,42692,22152,20540,4675,2397,2278,2561,1277,1284
2011,375,Potter County,121316,62127,59189,58850,29039,29811,11747,6829,4918,43238,22462,20776,4879,2506,2373,2602,1291,1311
2012,375,Potter County,121541,62310,59231,58345,28828,29517,11686,6802,4884,43785,22763,21022,5077,2610,2467,2648,1307,1341
2013,375,Potter County,121781,62512,59269,57840,28614,29226,11611,6771,4840,44332,23069,21263,5297,2730,2567,2701,1328,1373
2014,375,Potter County,121992,62699,59293,57305,28391,28914,11556,6743,4813,44860,23364,21496,5520,2856,2664,2751,1345,1406
2015,375,Potter County,122202,62871,59331,56760,28151,28609,11492,6708,4784,45390,23662,21728,5762,2990,2772,2798,1360,1438
2016,375,Potter County,122363,63032,59331,56171,27902,28269,11422,6671,4751,45906,23951,21955,6020,3135,2885,2844,1373,1471
2017,375,Potter County,122479,63170,59309,55563,27628,27935,11346,6638,4708,46399,24230,22169,6279,3284,2995,2892,1390,1502
2018,375,Potter County,122573,63290,59283,54941,27345,27596,11267,6601,4666,46875,24500,22375,6546,3433,3113,2944,1411,1533
2019,375,Potter County,122651,63407,59244,54306,27061,27245,11187,6560,4627,47346,24769,22577,6818,3588,3230,2994,1429,1565
2020,375,Potter County,122708,63514,59194,53660,26765,26895,11102,6523,4579,47796,25027,22769,7112,3753,3359,3038,1446,1592
2021,375,Potter County,122764,63630,59134,53013,26478,26535,11007,6479,4528,48246,25282,22964,7410,3925,3485,3088,1466,1622
2022,375,Potter County,122795,63722,59073,52352,26171,26181,10922,6441,4481,48676,25527,23149,7710,4098,3612,3135,1485,1650
2023,375,Potter County,122795,63810,58985,51677,25862,25815,10828,6395,4433,49081,25767,23314,8015,4276,3739,3194,1510,1684
2024,375,Potter County,122780,63879,58901,50992,25552,25440,10734,6350,4384,49485,25999,23486,8324,4447,3877,3245,1531,1714
2025,375,Potter County,122753,63935,58818,50314,25230,25084,10647,6311,4336,49854,26212,23642,8639,4626,4013,3299,1556,1743
2026,375,Potter County,122701,63987,58714,49633,24913,24720,10553,6273,4280,50228,26429,23799,8944,4799,4145,3343,1573,1770
2027,375,Potter County,122639,64039,58600,48934,24586,24348,10463,6232,4231,50585,26642,23943,9254,4978,4276,3403,1601,1802
2028,375,Potter County,122546,64069,58477,48235,24261,23974,10372,6192,4180,50918,26836,24082,9569,5163,4406,3452,1617,1835
2029,375,Potter County,122397,64063,58334,47526,23922,23604,10272,6145,4127,51223,27016,24207,9875,5339,4536,3501,1641,1860
2030,375,Potter County,122257,64061,58196,46824,23591,23233,10162,6092,4070,51514,27189,24325,10206,5529,4677,3551,1660,1891
2031,375,Potter County,122071,64026,58045,46121,23263,22858,10054,6035,4019,51768,27339,24429,10535,5715,4820,3593,1674,1919
2032,375,Potter County,121873,63975,57898,45418,22927,22491,9944,5976,3968,52002,27476,24526,10862,5902,4960,3647,1694,1953
2033,375,Potter County,121628,63922,57706,44711,22601,22110,9829,5919,3910,52203,27600,24603,11203,6100,5103,3682,1702,1980
2034,375,Potter County,121361,63840,57521,44005,22266,21739,9704,5853,3851,52384,27710,24674,11539,6291,5248,3729,1720,2009
2035,375,Potter County,121071,63738,57333,43302,21931,21371,9581,5779,3802,52528,27803,24725,11898,6494,5404,3762,1731,2031
2036,375,Potter County,120710,63603,57107,42568,21580,20988,9462,5713,3749,52640,27878,24762,12240,6692,5548,3800,1740,2060
2037,375,Potter County,120368,63481,56887,41865,21244,20621,9334,5643,3691,52742,27945,24797,12585,6894,5691,3842,1755,2087
2038,375,Potter County,120010,63349,56661,41145,20897,20248,9201,5575,3626,52818,27999,24819,12959,7109,5850,3887,1769,2118
2039,375,Potter County,119645,63220,56425,40432,20564,19868,9071,5505,3566,52884,28052,24832,13335,7325,6010,3923,1774,2149
2040,375,Potter County,119262,63079,56183,39727,20233,19494,8942,5440,3502,52929,28086,24843,13715,7547,6168,3949,1773,2176
2041,375,Potter County,118866,62923,55943,39019,19896,19123,8813,5368,3445,52945,28104,24841,14113,7783,6330,3976,1772,2204
2042,375,Potter County,118453,62769,55684,38310,19561,18749,8675,5298,3377,52942,28116,24826,14524,8024,6500,4002,1770,2232
2043,375,Potter County,118031,62606,55425,37600,19224,18376,8545,5228,3317,52928,28121,24807,14934,8265,6669,4024,1768,2256
2044,375,Potter County,117584,62437,55147,36886,18887,17999,8402,5155,3247,52888,28110,24778,15357,8517,6840,4051,1768,2283
2045,375,Potter County,117126,62261,54865,36170,18551,17619,8263,5080,3183,52829,28095,24734,15789,8771,7018,4075,1764,2311
2046,375,Potter County,116653,62067,54586,35461,18214,17247,8126,4999,3127,52744,28059,24685,16223,9032,7191,4099,1763,2336
2047,375,Potter County,116166,61880,54286,34745,17877,16868,7987,4925,3062,52649,28022,24627,16661,9295,7366,4124,1761,2363
2048,375,Potter County,115657,61680,53977,34038,17544,16494,7841,4843,2998,52531,27976,24555,17110,9568,7542,4137,1749,2388
2049,375,Potter County,115170,61499,53671,33335,17205,16130,7698,4768,2930,52387,27918,24469,17594,9860,7734,4156,1748,2408
2050,375,Potter County,114659,61322,53337,32646,16885,15761,7555,4698,2857,52235,27855,24380,18050,10140,7910,4173,1744,2429
2010,377,Presidio County,7818,3818,4000,1136,604,532,27,19,8,6521,3127,3394,75,35,40,59,33,26
2011,377,Presidio County,7564,3700,3864,1093,577,516,28,19,9,6307,3036,3271,76,35,41,60,33,27
2012,377,Presidio County,7331,3598,3733,1058,554,504,29,20,9,6106,2954,3152,77,36,41,61,34,27
2013,377,Presidio County,7120,3508,3612,1037,540,497,30,20,10,5913,2878,3035,78,36,42,62,34,28
2014,377,Presidio County,6918,3426,3492,1023,528,495,31,21,10,5722,2805,2917,79,37,42,63,35,28
2015,377,Presidio County,6726,3341,3385,1005,513,492,32,21,11,5545,2735,2810,80,37,43,64,35,29
2016,377,Presidio County,6552,3267,3285,995,501,494,33,22,11,5378,2670,2708,81,38,43,65,36,29
2017,377,Presidio County,6371,3183,3188,975,483,492,34,22,12,5214,2604,2610,82,38,44,66,36,30
2018,377,Presidio County,6206,3112,3094,962,474,488,35,23,12,5059,2539,2520,83,39,44,67,37,30
2019,377,Presidio County,6049,3042,3007,950,465,485,36,23,13,4911,2478,2433,84,39,45,68,37,31
2020,377,Presidio County,5906,2984,2922,938,458,480,37,24,13,4777,2424,2353,85,40,45,69,38,31
2021,377,Presidio County,5758,2917,2841,924,448,476,38,24,14,4639,2367,2272,87,40,47,70,38,32
2022,377,Presidio County,5609,2856,2753,910,441,469,39,25,14,4503,2311,2192,87,41,46,70,38,32
2023,377,Presidio County,5471,2800,2671,894,435,459,40,25,15,4378,2261,2117,88,41,47,71,38,33
2024,377,Presidio County,5331,2744,2587,877,426,451,41,26,15,4252,2211,2041,89,42,47,72,39,33
2025,377,Presidio County,5186,2687,2499,861,418,443,42,26,16,4121,2163,1958,90,42,48,72,38,34
2026,377,Presidio County,5037,2628,2409,848,413,435,43,27,16,3982,2106,1876,91,43,48,73,39,34
2027,377,Presidio County,4894,2570,2324,838,409,429,44,27,17,3846,2052,1794,92,43,49,74,39,35
2028,377,Presidio County,4748,2511,2237,825,404,421,45,28,17,3710,1995,1715,93,44,49,75,40,35
2029,377,Presidio County,4605,2451,2154,811,398,413,46,28,18,3579,1942,1637,94,44,50,75,39,36
2030,377,Presidio County,4466,2393,2073,797,390,407,47,29,18,3451,1889,1562,95,45,50,76,40,36
2031,377,Presidio County,4332,2332,2000,784,383,401,48,29,19,3327,1835,1492,96,45,51,77,40,37
2032,377,Presidio County,4210,2278,1932,773,378,395,49,30,19,3213,1783,1430,97,46,51,78,41,37
2033,377,Presidio County,4097,2220,1877,766,375,391,50,30,20,3104,1728,1376,98,46,52,79,41,38
2034,377,Presidio County,3982,2161,1821,757,369,388,51,31,20,2996,1672,1324,99,47,52,79,42,37
2035,377,Presidio County,3869,2101,1768,747,365,382,52,31,21,2890,1616,1274,100,47,53,80,42,38
2036,377,Presidio County,3761,2048,1713,738,362,376,53,32,21,2788,1563,1225,101,48,53,81,43,38
2037,377,Presidio County,3658,1993,1665,731,360,371,54,32,22,2690,1511,1179,101,47,54,82,43,39
2038,377,Presidio County,3555,1943,1612,723,359,364,55,33,22,2594,1460,1134,102,48,54,81,43,38
2039,377,Presidio County,3460,1892,1568,716,355,361,56,33,23,2505,1414,1091,102,48,54,81,42,39
2040,377,Presidio County,3365,1843,1522,708,351,357,56,33,23,2417,1367,1050,103,49,54,81,43,38
2041,377,Presidio County,3265,1788,1477,699,347,352,57,33,24,2328,1319,1009,103,48,55,78,41,37
2042,377,Presidio County,3173,1739,1434,693,345,348,58,34,24,2241,1269,972,103,49,54,78,42,36
2043,377,Presidio County,3099,1694,1405,687,341,346,59,34,25,2173,1230,943,102,48,54,78,41,37
2044,377,Presidio County,3019,1653,1366,680,337,343,60,35,25,2101,1193,908,103,49,54,75,39,36
2045,377,Presidio County,2944,1611,1333,672,333,339,61,35,26,2033,1156,877,103,49,54,75,38,37
2046,377,Presidio County,2875,1573,1302,666,331,335,62,36,26,1969,1118,851,103,49,54,75,39,36
2047,377,Presidio County,2816,1543,1273,658,328,330,63,36,27,1917,1093,824,104,49,55,74,37,37
2048,377,Presidio County,2754,1510,1244,650,325,325,64,37,27,1863,1062,801,105,50,55,72,36,36
2049,377,Presidio County,2704,1481,1223,642,322,320,65,37,28,1819,1037,782,106,50,56,72,35,37
2050,377,Presidio County,2654,1453,1201,636,320,316,66,38,28,1775,1010,765,106,50,56,71,35,36
2010,379,Rains County,10914,5485,5429,9553,4772,4781,249,134,115,839,448,391,55,22,33,218,109,109
2011,379,Rains County,10951,5503,5448,9560,4775,4785,252,135,117,862,460,402,56,22,34,221,111,110
2012,379,Rains County,11001,5533,5468,9577,4787,4790,255,137,118,886,472,414,57,23,34,226,114,112
2013,379,Rains County,11053,5558,5495,9596,4797,4799,258,138,120,911,484,427,58,23,35,230,116,114
2014,379,Rains County,11102,5580,5522,9613,4803,4810,261,140,121,937,497,440,59,24,35,232,116,116
2015,379,Rains County,11147,5595,5552,9624,4802,4822,264,141,123,964,511,453,60,24,36,235,117,118
2016,379,Rains County,11187,5613,5574,9625,4800,4825,268,143,125,992,525,467,61,25,36,241,120,121
2017,379,Rains County,11234,5635,5599,9635,4805,4830,272,145,127,1020,539,481,62,25,37,245,121,124
2018,379,Rains County,11281,5661,5620,9643,4811,4832,275,146,129,1052,556,496,63,26,37,248,122,126
2019,379,Rains County,11325,5691,5634,9646,4820,4826,278,148,130,1084,573,511,64,26,38,253,124,129
2020,379,Rains County,11378,5718,5660,9659,4827,4832,281,150,131,1117,589,528,65,27,38,256,125,131
2021,379,Rains County,11425,5746,5679,9666,4836,4830,284,152,132,1150,605,545,66,27,39,259,126,133
2022,379,Rains County,11455,5763,5692,9658,4833,4825,287,154,133,1181,621,560,67,28,39,262,127,135
2023,379,Rains County,11488,5775,5713,9653,4829,4824,289,154,135,1211,635,576,68,28,40,267,129,138
2024,379,Rains County,11518,5788,5730,9648,4826,4822,292,155,137,1238,648,590,69,29,40,271,130,141
2025,379,Rains County,11541,5805,5736,9639,4829,4810,294,155,139,1264,661,603,70,29,41,274,131,143
2026,379,Rains County,11551,5811,5740,9615,4818,4797,297,157,140,1289,673,616,71,30,41,279,133,146
2027,379,Rains County,11556,5816,5740,9585,4806,4779,299,158,141,1317,686,631,72,30,42,283,136,147
2028,379,Rains County,11560,5824,5736,9557,4795,4762,300,160,140,1341,699,642,73,31,42,289,139,150
2029,379,Rains County,11542,5812,5730,9507,4767,4740,301,160,141,1367,712,655,74,31,43,293,142,151
2030,379,Rains County,11519,5807,5712,9455,4745,4710,302,162,140,1390,724,666,74,32,42,298,144,154
2031,379,Rains County,11500,5799,5701,9404,4724,4680,302,161,141,1416,736,680,74,32,42,304,146,158
2032,379,Rains County,11469,5786,5683,9345,4696,4649,303,162,141,1439,749,690,75,33,42,307,146,161
2033,379,Rains County,11439,5769,5670,9287,4670,4617,301,159,142,1464,760,704,76,33,43,311,147,164
2034,379,Rains County,11398,5753,5645,9218,4639,4579,301,159,142,1488,772,716,77,34,43,314,149,165
2035,379,Rains County,11354,5724,5630,9142,4596,4546,299,157,142,1516,786,730,78,34,44,319,151,168
2036,379,Rains County,11305,5696,5609,9066,4557,4509,298,156,142,1543,799,744,79,35,44,319,149,170
2037,379,Rains County,11267,5674,5593,8996,4520,4476,299,156,143,1574,815,759,80,35,45,318,148,170
2038,379,Rains County,11224,5653,5571,8923,4484,4439,297,155,142,1602,830,772,81,36,45,321,148,173
2039,379,Rains County,11181,5628,5553,8848,4445,4403,298,155,143,1630,844,786,81,36,45,324,148,176
2040,379,Rains County,11150,5615,5535,8782,4415,4367,298,154,144,1662,861,801,81,37,44,327,148,179
2041,379,Rains County,11111,5592,5519,8718,4380,4338,295,153,142,1687,874,813,81,36,45,330,149,181
2042,379,Rains County,11078,5577,5501,8657,4351,4306,295,153,142,1711,886,825,82,37,45,333,150,183
2043,379,Rains County,11055,5561,5494,8600,4317,4283,295,153,142,1741,901,840,81,37,44,338,153,185
2044,379,Rains County,11031,5550,5481,8542,4290,4252,295,153,142,1773,917,856,81,37,44,340,153,187
2045,379,Rains County,10992,5534,5458,8479,4261,4218,293,153,140,1794,928,866,82,37,45,344,155,189
2046,379,Rains County,10963,5515,5448,8435,4236,4199,292,151,141,1808,935,873,82,37,45,346,156,190
2047,379,Rains County,10938,5497,5441,8386,4210,4176,290,150,140,1836,946,890,82,37,45,344,154,190
2048,379,Rains County,10903,5474,5429,8334,4181,4153,289,148,141,1852,952,900,83,38,45,345,155,190
2049,379,Rains County,10872,5458,5414,8288,4160,4128,286,145,141,1868,961,907,84,38,46,346,154,192
2050,379,Rains County,10842,5442,5400,8238,4134,4104,285,145,140,1885,969,916,85,39,46,349,155,194
2010,381,Randall County,120725,58737,61988,94361,45444,48917,2701,1509,1192,19775,9820,9955,1625,767,858,2263,1197,1066
2011,381,Randall County,122036,59518,62518,94353,45501,48852,2824,1582,1242,20878,10421,10457,1652,781,871,2329,1233,1096
2012,381,Randall County,123483,60368,63115,94401,45580,48821,2955,1660,1295,22048,11063,10985,1679,794,885,2400,1271,1129
2013,381,Randall County,125034,61264,63770,94470,45657,48813,3093,1743,1350,23278,11742,11536,1712,809,903,2481,1313,1168
2014,381,Randall County,126686,62204,64482,94559,45732,48827,3245,1829,1416,24577,12464,12113,1745,823,922,2560,1356,1204
2015,381,Randall County,128363,63172,65191,94624,45804,48820,3400,1917,1483,25938,13223,12715,1763,831,932,2638,1397,1241
2016,381,Randall County,130158,64202,65956,94711,45881,48830,3560,2014,1546,27373,14022,13351,1791,843,948,2723,1442,1281
2017,381,Randall County,132033,65286,66747,94794,45960,48834,3725,2116,1609,28886,14865,14021,1819,859,960,2809,1486,1323
2018,381,Randall County,134002,66416,67586,94873,46035,48838,3903,2222,1681,30477,15755,14722,1849,872,977,2900,1532,1368
2019,381,Randall County,136023,67579,68444,94909,46089,48820,4097,2337,1760,32145,16688,15457,1873,882,991,2999,1583,1416
2020,381,Randall County,138102,68782,69320,94907,46124,48783,4305,2462,1843,33900,17678,16222,1894,887,1007,3096,1631,1465
2021,381,Randall County,140268,70050,70218,94876,46137,48739,4527,2598,1929,35747,18724,17023,1919,900,1019,3199,1691,1508
2022,381,Randall County,142501,71372,71129,94807,46143,48664,4762,2741,2021,37680,19819,17861,1943,912,1031,3309,1757,1552
2023,381,Randall County,144820,72740,72080,94701,46123,48578,5018,2897,2121,39710,20974,18736,1967,924,1043,3424,1822,1602
2024,381,Randall County,147195,74144,73051,94552,46081,48471,5276,3051,2225,41834,22193,19641,1987,933,1054,3546,1886,1660
2025,381,Randall County,149653,75606,74047,94363,46028,48335,5550,3212,2338,44060,23467,20593,2006,943,1063,3674,1956,1718
2026,381,Randall County,152213,77136,75077,94146,45960,48186,5857,3393,2464,46388,24803,21585,2023,956,1067,3799,2024,1775
2027,381,Randall County,154830,78694,76136,93867,45851,48016,6173,3583,2590,48824,26204,22620,2042,965,1077,3924,2091,1833
2028,381,Randall County,157548,80320,77228,93543,45724,47819,6513,3789,2724,51369,27673,23696,2065,976,1089,4058,2158,1900
2029,381,Randall County,160362,82006,78356,93187,45578,47609,6879,4007,2872,54025,29212,24813,2078,983,1095,4193,2226,1967
2030,381,Randall County,163284,83764,79520,92809,45422,47387,7252,4231,3021,56801,30825,25976,2093,989,1104,4329,2297,2032
2031,381,Randall County,166269,85561,80708,92377,45241,47136,7643,4459,3184,59683,32503,27180,2110,998,1112,4456,2360,2096
2032,381,Randall County,169359,87433,81926,91915,45045,46870,8052,4699,3353,62677,34254,28423,2123,1005,1118,4592,2430,2162
2033,381,Randall County,172578,89375,83203,91425,44839,46586,8480,4946,3534,65808,36081,29727,2142,1015,1127,4723,2494,2229
2034,381,Randall County,175882,91402,84480,90889,44611,46278,8919,5204,3715,69056,37999,31057,2156,1023,1133,4862,2565,2297
2035,381,Randall County,179291,93494,85797,90318,44366,45952,9381,5477,3904,72429,39989,32440,2174,1032,1142,4989,2630,2359
2036,381,Randall County,182833,95667,87166,89728,44106,45622,9857,5762,4095,75934,42062,33872,2189,1040,1149,5125,2697,2428
2037,381,Randall County,186486,97922,88564,89098,43830,45268,10347,6054,4293,79578,44226,35352,2208,1052,1156,5255,2760,2495
2038,381,Randall County,190293,100267,90026,88463,43554,44909,10854,6353,4501,83351,46466,36885,2228,1067,1161,5397,2827,2570
2039,381,Randall County,194235,102706,91529,87799,43267,44532,11399,6675,4724,87274,48807,38467,2233,1069,1164,5530,2888,2642
2040,381,Randall County,198332,105243,93089,87131,42978,44153,11953,7002,4951,91338,51238,40100,2245,1075,1170,5665,2950,2715
2041,381,Randall County,202625,107902,94723,86457,42688,43769,12547,7347,5200,95559,53777,41782,2255,1079,1176,5807,3011,2796
2042,381,Randall County,207046,110645,96401,85768,42394,43374,13153,7703,5450,99930,56408,43522,2260,1082,1178,5935,3058,2877
2043,381,Randall County,211709,113531,98178,85083,42102,42981,13802,8082,5720,104477,59145,45332,2272,1088,1184,6075,3114,2961
2044,381,Randall County,216525,116529,99996,84408,41818,42590,14467,8473,5994,109158,61979,47179,2274,1091,1183,6218,3168,3050
2045,381,Randall County,221552,119660,101892,83734,41532,42202,15167,8883,6284,114017,64928,49089,2277,1095,1182,6357,3222,3135
2046,381,Randall County,226779,122896,103883,83072,41251,41821,15899,9302,6597,119034,67981,51053,2275,1093,1182,6499,3269,3230
2047,381,Randall County,232240,126303,105937,82392,40967,41425,16671,9757,6914,124245,71162,53083,2277,1093,1184,6655,3324,3331
2048,381,Randall County,237933,129842,108091,81741,40693,41048,17483,10228,7255,129632,74455,55177,2277,1092,1185,6800,3374,3426
2049,381,Randall County,243863,133538,110325,81098,40424,40674,18318,10716,7602,135213,77871,57342,2279,1093,1186,6955,3434,3521
2050,381,Randall County,250003,137369,112634,80450,40153,40297,19201,11225,7976,140968,81412,59556,2281,1092,1189,7103,3487,3616
2010,383,Reagan County,3367,1748,1619,1219,600,619,65,41,24,2051,1091,960,1,1,0,31,15,16
2011,383,Reagan County,3422,1784,1638,1206,595,611,66,41,25,2117,1132,985,1,1,0,32,15,17
2012,383,Reagan County,3493,1831,1662,1203,596,607,67,42,25,2189,1176,1013,1,1,0,33,16,17
2013,383,Reagan County,3575,1882,1693,1206,599,607,68,42,26,2266,1224,1042,1,1,0,34,16,18
2014,383,Reagan County,3655,1934,1721,1202,598,604,69,43,26,2348,1275,1073,1,1,0,35,17,18
2015,383,Reagan County,3739,1987,1752,1201,598,603,70,43,27,2431,1328,1103,1,1,0,36,17,19
2016,383,Reagan County,3831,2043,1788,1204,599,605,71,44,27,2518,1381,1137,1,1,0,37,18,19
2017,383,Reagan County,3928,2105,1823,1205,602,603,72,44,28,2612,1440,1172,1,1,0,38,18,20
2018,383,Reagan County,4017,2161,1856,1200,600,600,73,45,28,2704,1496,1208,1,1,0,39,19,20
2019,383,Reagan County,4122,2228,1894,1207,609,598,74,45,29,2800,1554,1246,1,1,0,40,19,21
2020,383,Reagan County,4226,2290,1936,1208,608,600,75,46,29,2901,1615,1286,1,1,0,41,20,21
2021,383,Reagan County,4326,2351,1975,1199,604,595,76,46,30,3008,1680,1328,1,1,0,42,20,22
2022,383,Reagan County,4425,2409,2016,1192,601,591,77,47,30,3113,1740,1373,1,1,0,42,20,22
2023,383,Reagan County,4526,2469,2057,1177,594,583,78,47,31,3227,1807,1420,1,1,0,43,20,23
2024,383,Reagan County,4632,2532,2100,1165,588,577,79,48,31,3343,1874,1469,1,1,0,44,21,23
2025,383,Reagan County,4740,2597,2143,1149,580,569,80,48,32,3465,1947,1518,1,1,0,45,21,24
2026,383,Reagan County,4843,2661,2182,1135,574,561,81,49,32,3580,2015,1565,1,1,0,46,22,24
2027,383,Reagan County,4944,2722,2222,1120,569,551,81,49,32,3696,2082,1614,1,1,0,46,21,25
2028,383,Reagan County,5050,2787,2263,1112,565,547,82,50,32,3809,2149,1660,1,1,0,46,22,24
2029,383,Reagan County,5147,2840,2307,1098,558,540,83,50,33,3918,2209,1709,1,1,0,47,22,25
2030,383,Reagan County,5253,2907,2346,1085,552,533,84,51,33,4035,2280,1755,1,1,0,48,23,25
2031,383,Reagan County,5364,2967,2397,1075,547,528,83,50,33,4155,2346,1809,1,1,0,50,23,27
2032,383,Reagan County,5486,3040,2446,1063,541,522,83,51,32,4288,2423,1865,1,1,0,51,24,27
2033,383,Reagan County,5614,3110,2504,1055,536,519,82,49,33,4424,2500,1924,1,1,0,52,24,28
2034,383,Reagan County,5739,3179,2560,1040,529,511,82,49,33,4563,2575,1988,1,1,0,53,25,28
2035,383,Reagan County,5851,3240,2611,1028,523,505,83,50,33,4686,2642,2044,1,1,0,53,24,29
2036,383,Reagan County,5963,3309,2654,1017,519,498,83,51,32,4808,2713,2095,1,1,0,54,25,29
2037,383,Reagan County,6090,3374,2716,1009,515,494,84,51,33,4941,2782,2159,1,1,0,55,25,30
2038,383,Reagan County,6234,3455,2779,999,510,489,85,52,33,5093,2866,2227,1,1,0,56,26,30
2039,383,Reagan County,6369,3524,2845,990,506,484,86,52,34,5236,2940,2296,1,1,0,56,25,31
2040,383,Reagan County,6513,3603,2910,983,503,480,87,53,34,5385,3020,2365,1,1,0,57,26,31
2041,383,Reagan County,6659,3686,2973,976,502,474,88,53,35,5536,3104,2432,1,1,0,58,26,32
2042,383,Reagan County,6809,3770,3039,966,499,467,87,53,34,5697,3190,2507,1,1,0,58,27,31
2043,383,Reagan County,6960,3849,3111,952,496,456,88,53,35,5860,3272,2588,1,1,0,59,27,32
2044,383,Reagan County,7109,3939,3170,942,494,448,88,53,35,6019,3364,2655,1,1,0,59,27,32
2045,383,Reagan County,7269,4024,3245,932,490,442,89,53,36,6187,3453,2734,1,1,0,60,27,33
2046,383,Reagan County,7435,4116,3319,925,487,438,90,54,36,6358,3546,2812,1,1,0,61,28,33
2047,383,Reagan County,7616,4214,3402,916,486,430,89,53,36,6550,3647,2903,1,1,0,60,27,33
2048,383,Reagan County,7787,4301,3486,910,484,426,90,54,36,6725,3734,2991,1,1,0,61,28,33
2049,383,Reagan County,7965,4394,3571,900,479,421,90,53,37,6914,3835,3079,1,1,0,60,26,34
2050,383,Reagan County,8145,4490,3655,894,477,417,90,53,37,7099,3932,3167,1,1,0,61,27,34
2010,385,Real County,3309,1638,1671,2398,1175,1223,20,9,11,814,418,396,2,1,1,75,35,40
2011,385,Real County,3314,1640,1674,2387,1169,1218,20,9,11,829,426,403,2,1,1,76,35,41
2012,385,Real County,3320,1645,1675,2377,1165,1212,21,10,11,843,433,410,2,1,1,77,36,41
2013,385,Real County,3340,1655,1685,2380,1166,1214,21,10,11,859,442,417,2,1,1,78,36,42
2014,385,Real County,3357,1666,1691,2375,1165,1210,23,11,12,878,452,426,2,1,1,79,37,42
2015,385,Real County,3364,1665,1699,2361,1154,1207,24,11,13,897,462,435,2,1,1,80,37,43
2016,385,Real County,3370,1667,1703,2349,1147,1202,25,12,13,914,470,444,2,1,1,80,37,43
2017,385,Real County,3386,1675,1711,2339,1142,1197,26,12,14,937,482,455,2,1,1,82,38,44
2018,385,Real County,3392,1679,1713,2321,1133,1188,27,13,14,958,493,465,2,1,1,84,39,45
2019,385,Real County,3403,1684,1719,2307,1127,1180,28,13,15,980,503,477,2,1,1,86,40,46
2020,385,Real County,3407,1688,1719,2289,1120,1169,29,14,15,999,512,487,2,1,1,88,41,47
2021,385,Real County,3415,1691,1724,2273,1111,1162,30,14,16,1020,523,497,2,1,1,90,42,48
2022,385,Real County,3421,1697,1724,2257,1105,1152,31,15,16,1041,534,507,2,1,1,90,42,48
2023,385,Real County,3425,1699,1726,2241,1098,1143,32,15,17,1058,542,516,2,1,1,92,43,49
2024,385,Real County,3426,1700,1726,2222,1089,1133,33,16,17,1075,550,525,2,1,1,94,44,50
2025,385,Real County,3425,1701,1724,2202,1082,1120,34,16,18,1091,557,534,2,1,1,96,45,51
2026,385,Real County,3418,1699,1719,2179,1071,1108,35,17,18,1104,564,540,2,1,1,98,46,52
2027,385,Real County,3414,1696,1718,2155,1059,1096,36,17,19,1122,573,549,2,1,1,99,46,53
2028,385,Real County,3407,1692,1715,2133,1047,1086,37,18,19,1135,579,556,2,1,1,100,47,53
2029,385,Real County,3393,1681,1712,2105,1032,1073,38,18,20,1146,582,564,2,1,1,102,48,54
2030,385,Real County,3373,1674,1699,2077,1020,1057,39,19,20,1155,587,568,2,1,1,100,47,53
2031,385,Real County,3356,1666,1690,2051,1007,1044,40,19,21,1161,591,570,2,1,1,102,48,54
2032,385,Real County,3335,1656,1679,2028,994,1034,41,20,21,1162,593,569,2,1,1,102,48,54
2033,385,Real County,3325,1651,1674,2006,984,1022,42,20,22,1172,597,575,2,1,1,103,49,54
2034,385,Real County,3311,1643,1668,1982,971,1011,43,21,22,1179,600,579,2,1,1,105,50,55
2035,385,Real County,3293,1634,1659,1956,959,997,44,21,23,1185,602,583,2,1,1,106,51,55
2036,385,Real County,3278,1630,1648,1929,948,981,45,22,23,1196,609,587,2,1,1,106,50,56
2037,385,Real County,3268,1628,1640,1910,941,969,46,22,24,1203,614,589,2,1,1,107,50,57
2038,385,Real County,3253,1624,1629,1886,932,954,47,23,24,1210,617,593,2,1,1,108,51,57
2039,385,Real County,3243,1620,1623,1863,923,940,48,23,25,1220,621,599,2,1,1,110,52,58
2040,385,Real County,3238,1621,1617,1842,914,928,49,24,25,1233,628,605,2,1,1,112,54,58
2041,385,Real County,3232,1619,1613,1820,903,917,50,24,26,1247,637,610,2,1,1,113,54,59
2042,385,Real County,3226,1619,1607,1798,893,905,51,25,26,1261,646,615,2,1,1,114,54,60
2043,385,Real County,3222,1617,1605,1776,882,894,52,25,27,1277,655,622,2,1,1,115,54,61
2044,385,Real County,3222,1619,1603,1758,875,883,53,26,27,1293,662,631,2,1,1,116,55,61
2045,385,Real County,3224,1619,1605,1740,866,874,54,26,28,1310,670,640,2,1,1,118,56,62
2046,385,Real County,3213,1614,1599,1726,861,865,55,27,28,1311,669,642,2,1,1,119,56,63
2047,385,Real County,3206,1615,1591,1705,856,849,56,27,29,1325,676,649,2,1,1,118,55,63
2048,385,Real County,3194,1612,1582,1690,852,838,55,27,28,1327,676,651,2,1,1,120,56,64
2049,385,Real County,3196,1610,1586,1676,846,830,56,27,29,1341,680,661,2,1,1,121,56,65
2050,385,Real County,3190,1608,1582,1660,840,820,56,27,29,1350,683,667,2,1,1,122,57,65
2010,387,Red River County,12860,6266,6594,9503,4654,4849,2211,1016,1195,849,451,398,23,13,10,274,132,142
2011,387,Red River County,12837,6262,6575,9444,4625,4819,2215,1024,1191,875,465,410,23,13,10,280,135,145
2012,387,Red River County,12827,6257,6570,9392,4594,4798,2224,1034,1190,902,478,424,23,13,10,286,138,148
2013,387,Red River County,12807,6245,6562,9333,4556,4777,2232,1045,1187,928,491,437,23,13,10,291,140,151
2014,387,Red River County,12789,6237,6552,9272,4523,4749,2242,1053,1189,955,505,450,23,13,10,297,143,154
2015,387,Red River County,12770,6228,6542,9216,4493,4723,2240,1054,1186,987,521,466,23,13,10,304,147,157
2016,387,Red River County,12741,6209,6532,9147,4450,4697,2245,1060,1185,1016,536,480,23,13,10,310,150,160
2017,387,Red River County,12701,6191,6510,9076,4412,4664,2242,1063,1179,1045,550,495,23,13,10,315,153,162
2018,387,Red River County,12673,6172,6501,9008,4375,4633,2246,1062,1184,1075,566,509,23,13,10,321,156,165
2019,387,Red River County,12645,6150,6495,8932,4330,4602,2259,1067,1192,1103,580,523,23,13,10,328,160,168
2020,387,Red River County,12610,6131,6479,8862,4290,4572,2262,1071,1191,1128,593,535,23,13,10,335,164,171
2021,387,Red River County,12565,6104,6461,8789,4246,4543,2255,1070,1185,1158,608,550,23,13,10,340,167,173
2022,387,Red River County,12515,6076,6439,8708,4202,4506,2251,1067,1184,1187,624,563,23,13,10,346,170,176
2023,387,Red River County,12469,6056,6413,8628,4159,4469,2250,1070,1180,1216,640,576,23,13,10,352,174,178
2024,387,Red River County,12405,6020,6385,8541,4109,4432,2239,1067,1172,1243,653,590,23,13,10,359,178,181
2025,387,Red River County,12339,5989,6350,8454,4065,4389,2230,1065,1165,1269,665,604,24,13,11,362,181,181
2026,387,Red River County,12264,5952,6312,8363,4019,4344,2217,1060,1157,1293,677,616,24,13,11,367,183,184
2027,387,Red River County,12189,5925,6264,8268,3977,4291,2205,1058,1147,1318,690,628,25,13,12,373,187,186
2028,387,Red River County,12115,5895,6220,8184,3940,4244,2185,1051,1134,1342,701,641,26,14,12,378,189,189
2029,387,Red River County,12030,5860,6170,8080,3895,4185,2173,1044,1129,1367,715,652,27,14,13,383,192,191
2030,387,Red River County,11949,5834,6115,7977,3852,4125,2162,1043,1119,1393,728,665,28,15,13,389,196,193
2031,387,Red River County,11866,5803,6063,7874,3810,4064,2149,1038,1111,1418,740,678,29,15,14,396,200,196
2032,387,Red River County,11779,5768,6011,7768,3764,4004,2138,1034,1104,1443,751,692,29,15,14,401,204,197
2033,387,Red River County,11693,5732,5961,7668,3719,3949,2120,1025,1095,1469,765,704,29,15,14,407,208,199
2034,387,Red River County,11613,5698,5915,7571,3675,3896,2106,1021,1085,1494,777,717,29,15,14,413,210,203
2035,387,Red River County,11529,5666,5863,7470,3632,3838,2095,1019,1076,1518,789,729,29,15,14,417,211,206
2036,387,Red River County,11448,5630,5818,7375,3585,3790,2077,1012,1065,1544,804,740,29,15,14,423,214,209
2037,387,Red River County,11374,5602,5772,7279,3543,3736,2066,1011,1055,1571,817,754,29,15,14,429,216,213
2038,387,Red River County,11287,5566,5721,7182,3499,3683,2047,1005,1042,1598,831,767,29,15,14,431,216,215
2039,387,Red River County,11223,5543,5680,7097,3464,3633,2038,1002,1036,1625,844,781,28,14,14,435,219,216
2040,387,Red River County,11139,5515,5624,6997,3425,3572,2023,997,1026,1653,858,795,27,14,13,439,221,218
2041,387,Red River County,11064,5487,5577,6909,3388,3521,2009,994,1015,1675,869,806,27,14,13,444,222,222
2042,387,Red River County,11003,5462,5541,6829,3354,3475,2000,990,1010,1700,881,819,26,13,13,448,224,224
2043,387,Red River County,10929,5427,5502,6740,3314,3426,1988,985,1003,1728,895,833,26,13,13,447,220,227
2044,387,Red River County,10877,5411,5466,6669,3287,3382,1976,982,994,1758,911,847,26,13,13,448,218,230
2045,387,Red River County,10808,5383,5425,6579,3248,3331,1967,979,988,1782,922,860,26,13,13,454,221,233
2046,387,Red River County,10750,5355,5395,6508,3218,3290,1958,974,984,1800,928,872,26,13,13,458,222,236
2047,387,Red River County,10684,5327,5357,6428,3182,3246,1953,974,979,1816,935,881,26,13,13,461,223,238
2048,387,Red River County,10609,5301,5308,6347,3150,3197,1944,972,972,1826,941,885,26,13,13,466,225,241
2049,387,Red River County,10541,5272,5269,6270,3114,3156,1935,971,964,1845,951,894,26,13,13,465,223,242
2050,387,Red River County,10459,5232,5227,6191,3078,3113,1924,967,957,1852,951,901,26,13,13,466,223,243
2010,389,Reeves County,13783,8281,5502,2690,1783,907,672,573,99,10233,5812,4421,118,77,41,70,36,34
2011,389,Reeves County,13943,8372,5571,2698,1793,905,676,575,101,10379,5891,4488,119,77,42,71,36,35
2012,389,Reeves County,14117,8467,5650,2704,1797,907,682,580,102,10539,5975,4564,120,78,42,72,37,35
2013,389,Reeves County,14292,8568,5724,2708,1799,909,689,585,104,10700,6068,4632,121,78,43,74,38,36
2014,389,Reeves County,14483,8676,5807,2716,1803,913,697,592,105,10872,6163,4709,122,79,43,76,39,37
2015,389,Reeves County,14686,8789,5897,2726,1809,917,700,593,107,11059,6268,4791,123,79,44,78,40,38
2016,389,Reeves County,14869,8894,5975,2723,1808,915,702,596,106,11240,6369,4871,124,80,44,80,41,39
2017,389,Reeves County,15081,9019,6062,2725,1810,915,708,599,109,11440,6487,4953,126,81,45,82,42,40
2018,389,Reeves County,15287,9145,6142,2728,1814,914,712,603,109,11636,6603,5033,127,82,45,84,43,41
2019,389,Reeves County,15501,9275,6226,2731,1824,907,718,608,110,11838,6717,5121,128,82,46,86,44,42
2020,389,Reeves County,15707,9394,6313,2727,1822,905,717,606,111,12046,6838,5208,129,83,46,88,45,43
2021,389,Reeves County,15931,9527,6404,2730,1827,903,722,608,114,12261,6964,5297,129,82,47,89,46,43
2022,389,Reeves County,16150,9656,6494,2734,1830,904,722,607,115,12473,7089,5384,130,83,47,91,47,44
2023,389,Reeves County,16363,9787,6576,2726,1827,899,729,614,115,12684,7215,5469,131,83,48,93,48,45
2024,389,Reeves County,16578,9923,6655,2718,1825,893,726,611,115,12907,7354,5553,132,84,48,95,49,46
2025,389,Reeves County,16806,10066,6740,2714,1825,889,726,610,116,13136,7497,5639,133,84,49,97,50,47
2026,389,Reeves County,17022,10203,6819,2703,1818,885,727,611,116,13359,7638,5721,134,85,49,99,51,48
2027,389,Reeves County,17244,10342,6902,2698,1815,883,724,607,117,13586,7783,5803,135,85,50,101,52,49
2028,389,Reeves County,17461,10482,6979,2693,1815,878,725,607,118,13805,7921,5884,136,86,50,102,53,49
2029,389,Reeves County,17683,10622,7061,2682,1808,874,727,608,119,14035,8066,5969,136,86,50,103,54,49
2030,389,Reeves County,17895,10753,7142,2670,1801,869,724,605,119,14260,8205,6055,137,87,50,104,55,49
2031,389,Reeves County,18114,10884,7230,2661,1794,867,726,606,120,14482,8341,6141,138,87,51,107,56,51
2032,389,Reeves County,18339,11029,7310,2655,1792,863,727,607,120,14709,8485,6224,139,88,51,109,57,52
2033,389,Reeves County,18557,11169,7388,2646,1786,860,724,604,120,14936,8633,6303,140,88,52,111,58,53
2034,389,Reeves County,18771,11307,7464,2637,1782,855,723,603,120,15158,8774,6384,141,89,52,112,59,53
2035,389,Reeves County,18980,11439,7541,2633,1783,850,724,603,121,15368,8905,6463,142,89,53,113,59,54
2036,389,Reeves County,19185,11577,7608,2622,1777,845,723,602,121,15583,9048,6535,144,91,53,113,59,54
2037,389,Reeves County,19400,11716,7684,2619,1777,842,722,601,121,15800,9188,6612,144,90,54,115,60,55
2038,389,Reeves County,19600,11845,7755,2604,1768,836,719,598,121,16018,9328,6690,142,90,52,117,61,56
2039,389,Reeves County,19794,11970,7824,2594,1761,833,718,596,122,16222,9463,6759,142,89,53,118,61,57
2040,389,Reeves County,20001,12106,7895,2576,1751,825,719,596,123,16442,9605,6837,141,89,52,123,65,58
2041,389,Reeves County,20195,12228,7967,2559,1741,818,715,590,125,16659,9745,6914,140,89,51,122,63,59
2042,389,Reeves County,20401,12353,8048,2546,1733,813,713,587,126,16877,9878,6999,140,90,50,125,65,60
2043,389,Reeves County,20604,12479,8125,2533,1725,808,710,583,127,17093,10015,7078,142,91,51,126,65,61
2044,389,Reeves County,20792,12599,8193,2524,1720,804,705,577,128,17300,10149,7151,140,91,49,123,62,61
2045,389,Reeves County,20999,12717,8282,2514,1713,801,701,571,130,17517,10279,7238,139,89,50,128,65,63
2046,389,Reeves County,21194,12830,8364,2502,1702,800,695,566,129,17731,10409,7322,138,88,50,128,65,63
2047,389,Reeves County,21392,12951,8441,2495,1697,798,688,558,130,17942,10543,7399,137,87,50,130,66,64
2048,389,Reeves County,21602,13085,8517,2491,1699,792,689,557,132,18155,10677,7478,138,88,50,129,64,65
2049,389,Reeves County,21799,13203,8596,2481,1696,785,687,555,132,18359,10798,7561,139,88,51,133,66,67
2050,389,Reeves County,22000,13329,8671,2476,1695,781,686,554,132,18567,10928,7639,139,88,51,132,64,68
2010,391,Refugio County,7383,3669,3714,3337,1655,1682,445,235,210,3487,1716,1771,27,16,11,87,47,40
2011,391,Refugio County,7378,3668,3710,3282,1624,1658,446,238,208,3534,1742,1792,27,16,11,89,48,41
2012,391,Refugio County,7390,3674,3716,3235,1599,1636,449,241,208,3588,1769,1819,27,16,11,91,49,42
2013,391,Refugio County,7421,3690,3731,3199,1577,1622,452,244,208,3650,1803,1847,27,16,11,93,50,43
2014,391,Refugio County,7454,3703,3751,3165,1553,1612,456,247,209,3711,1836,1875,27,16,11,95,51,44
2015,391,Refugio County,7475,3711,3764,3129,1530,1599,460,250,210,3762,1863,1899,27,16,11,97,52,45
2016,391,Refugio County,7505,3719,3786,3095,1506,1589,469,254,215,3815,1890,1925,27,16,11,99,53,46
2017,391,Refugio County,7529,3723,3806,3058,1480,1578,472,254,218,3871,1919,1952,27,16,11,101,54,47
2018,391,Refugio County,7554,3730,3824,3026,1457,1569,477,256,221,3921,1946,1975,27,16,11,103,55,48
2019,391,Refugio County,7563,3731,3832,2985,1431,1554,482,259,223,3964,1969,1995,27,16,11,105,56,49
2020,391,Refugio County,7573,3731,3842,2946,1406,1540,484,261,223,4009,1991,2018,27,16,11,107,57,50
2021,391,Refugio County,7589,3730,3859,2909,1378,1531,489,264,225,4056,2015,2041,27,16,11,108,57,51
2022,391,Refugio County,7603,3731,3872,2873,1353,1520,487,263,224,4106,2041,2065,27,16,11,110,58,52
2023,391,Refugio County,7609,3728,3881,2830,1324,1506,490,265,225,4150,2064,2086,27,16,11,112,59,53
2024,391,Refugio County,7629,3735,3894,2799,1303,1496,494,268,226,4196,2089,2107,27,16,11,113,59,54
2025,391,Refugio County,7645,3738,3907,2768,1284,1484,493,267,226,4242,2111,2131,27,16,11,115,60,55
2026,391,Refugio County,7644,3732,3912,2725,1256,1469,494,268,226,4282,2132,2150,27,16,11,116,60,56
2027,391,Refugio County,7649,3726,3923,2692,1231,1461,495,269,226,4317,2149,2168,27,16,11,118,61,57
2028,391,Refugio County,7643,3714,3929,2650,1204,1446,494,268,226,4352,2164,2188,27,16,11,120,62,58
2029,391,Refugio County,7638,3713,3925,2609,1182,1427,495,269,226,4386,2183,2203,27,16,11,121,63,58
2030,391,Refugio County,7631,3707,3924,2569,1159,1410,495,269,226,4417,2199,2218,27,16,11,123,64,59
2031,391,Refugio County,7628,3697,3931,2531,1132,1399,494,269,225,4452,2216,2236,25,15,10,126,65,61
2032,391,Refugio County,7621,3685,3936,2497,1110,1387,491,266,225,4480,2228,2252,25,15,10,128,66,62
2033,391,Refugio County,7609,3678,3931,2462,1090,1372,480,258,222,4513,2248,2265,25,15,10,129,67,62
2034,391,Refugio County,7604,3670,3934,2432,1073,1359,478,256,222,4539,2258,2281,25,15,10,130,68,62
2035,391,Refugio County,7594,3660,3934,2400,1053,1347,477,254,223,4561,2270,2291,25,15,10,131,68,63
2036,391,Refugio County,7576,3648,3928,2369,1034,1335,469,249,220,4581,2281,2300,25,15,10,132,69,63
2037,391,Refugio County,7565,3635,3930,2339,1013,1326,464,248,216,4604,2290,2314,24,14,10,134,70,64
2038,391,Refugio County,7562,3630,3932,2307,993,1314,461,246,215,4633,2305,2328,24,14,10,137,72,65
2039,391,Refugio County,7564,3627,3937,2280,974,1306,456,244,212,4665,2323,2342,24,14,10,139,72,67
2040,391,Refugio County,7561,3621,3940,2249,956,1293,452,241,211,4694,2336,2358,24,14,10,142,74,68
2041,391,Refugio County,7541,3600,3941,2218,935,1283,449,239,210,4706,2337,2369,24,14,10,144,75,69
2042,391,Refugio County,7538,3595,3943,2193,916,1277,445,237,208,4732,2353,2379,24,14,10,144,75,69
2043,391,Refugio County,7534,3588,3946,2168,900,1268,441,235,206,4759,2367,2392,24,14,10,142,72,70
2044,391,Refugio County,7541,3588,3953,2145,884,1261,438,234,204,4790,2382,2408,24,14,10,144,74,70
2045,391,Refugio County,7542,3580,3962,2132,871,1261,433,231,202,4808,2391,2417,23,13,10,146,74,72
2046,391,Refugio County,7540,3571,3969,2118,859,1259,428,227,201,4823,2397,2426,23,13,10,148,75,73
2047,391,Refugio County,7545,3570,3975,2101,847,1254,426,225,201,4847,2411,2436,23,13,10,148,74,74
2048,391,Refugio County,7561,3573,3988,2087,837,1250,424,223,201,4877,2424,2453,24,14,10,149,75,74
2049,391,Refugio County,7563,3568,3995,2073,827,1246,419,222,197,4898,2432,2466,23,13,10,150,74,76
2050,391,Refugio County,7559,3565,3994,2056,815,1241,414,218,196,4915,2444,2471,23,13,10,151,75,76
2010,393,Roberts County,929,469,460,841,421,420,0,0,0,74,39,35,2,0,2,12,9,3
2011,393,Roberts County,930,468,462,839,419,420,0,0,0,77,40,37,2,0,2,12,9,3
2012,393,Roberts County,932,469,463,838,418,420,0,0,0,80,42,38,2,0,2,12,9,3
2013,393,Roberts County,938,470,468,841,418,423,0,0,0,83,43,40,2,0,2,12,9,3
2014,393,Roberts County,946,475,471,846,421,425,0,0,0,86,45,41,2,0,2,12,9,3
2015,393,Roberts County,955,479,476,852,424,428,0,0,0,89,46,43,2,0,2,12,9,3
2016,393,Roberts County,964,486,478,858,429,429,0,0,0,92,48,44,2,0,2,12,9,3
2017,393,Roberts County,974,492,482,865,434,431,0,0,0,95,49,46,2,0,2,12,9,3
2018,393,Roberts County,976,494,482,864,434,430,0,0,0,98,51,47,2,0,2,12,9,3
2019,393,Roberts County,977,493,484,862,432,430,0,0,0,101,52,49,2,0,2,12,9,3
2020,393,Roberts County,983,496,487,865,433,432,0,0,0,104,54,50,2,0,2,12,9,3
2021,393,Roberts County,991,499,492,870,435,435,0,0,0,107,55,52,2,0,2,12,9,3
2022,393,Roberts County,994,500,494,870,434,436,0,0,0,110,57,53,2,0,2,12,9,3
2023,393,Roberts County,997,505,492,870,438,432,0,0,0,113,58,55,2,0,2,12,9,3
2024,393,Roberts County,1003,508,495,873,439,434,0,0,0,116,60,56,2,0,2,12,9,3
2025,393,Roberts County,1003,509,494,870,439,431,0,0,0,119,61,58,2,0,2,12,9,3
2026,393,Roberts County,1001,507,494,865,435,430,0,0,0,122,63,59,2,0,2,12,9,3
2027,393,Roberts County,1009,510,499,870,437,433,0,0,0,125,64,61,2,0,2,12,9,3
2028,393,Roberts County,1014,512,502,872,437,435,0,0,0,128,66,62,2,0,2,12,9,3
2029,393,Roberts County,1019,514,505,874,438,436,0,0,0,131,67,64,2,0,2,12,9,3
2030,393,Roberts County,1022,515,507,874,437,437,0,0,0,134,69,65,2,0,2,12,9,3
2031,393,Roberts County,1024,513,511,873,434,439,0,0,0,137,70,67,2,0,2,12,9,3
2032,393,Roberts County,1026,516,510,872,435,437,0,0,0,140,72,68,2,0,2,12,9,3
2033,393,Roberts County,1028,517,511,871,435,436,0,0,0,143,73,70,2,0,2,12,9,3
2034,393,Roberts County,1031,518,513,871,434,437,0,0,0,146,75,71,2,0,2,12,9,3
2035,393,Roberts County,1034,521,513,872,437,435,0,0,0,150,77,73,2,0,2,10,7,3
2036,393,Roberts County,1042,526,516,876,440,436,0,0,0,154,79,75,2,0,2,10,7,3
2037,393,Roberts County,1047,530,517,877,442,435,0,0,0,158,81,77,2,0,2,10,7,3
2038,393,Roberts County,1050,532,518,876,442,434,0,0,0,162,83,79,2,0,2,10,7,3
2039,393,Roberts County,1053,534,519,875,442,433,0,0,0,166,85,81,2,0,2,10,7,3
2040,393,Roberts County,1058,535,523,877,442,435,0,0,0,169,86,83,2,0,2,10,7,3
2041,393,Roberts County,1058,533,525,872,437,435,0,0,0,174,89,85,2,0,2,10,7,3
2042,393,Roberts County,1056,530,526,866,432,434,0,0,0,178,91,87,2,0,2,10,7,3
2043,393,Roberts County,1053,528,525,859,428,431,0,0,0,182,93,89,2,0,2,10,7,3
2044,393,Roberts County,1050,529,521,852,427,425,0,0,0,187,96,91,2,0,2,9,6,3
2045,393,Roberts County,1053,531,522,850,426,424,0,0,0,192,99,93,2,0,2,9,6,3
2046,393,Roberts County,1057,535,522,849,427,422,0,0,0,197,102,95,2,0,2,9,6,3
2047,393,Roberts County,1060,539,521,849,429,420,0,0,0,201,105,96,2,0,2,8,5,3
2048,393,Roberts County,1061,541,520,847,429,418,0,0,0,205,107,98,2,0,2,7,5,2
2049,393,Roberts County,1059,539,520,842,425,417,0,0,0,209,110,99,2,0,2,6,4,2
2050,393,Roberts County,1056,538,518,835,421,414,0,0,0,213,113,100,2,0,2,6,4,2
2010,395,Robertson County,16622,8230,8392,9821,4917,4904,3509,1639,1870,2990,1522,1468,96,52,44,206,100,106
2011,395,Robertson County,16623,8231,8392,9768,4888,4880,3491,1636,1855,3058,1554,1504,95,50,45,211,103,108
2012,395,Robertson County,16641,8244,8397,9720,4863,4857,3475,1635,1840,3134,1589,1545,96,51,45,216,106,110
2013,395,Robertson County,16666,8258,8408,9669,4834,4835,3464,1637,1827,3214,1627,1587,97,51,46,222,109,113
2014,395,Robertson County,16704,8282,8422,9626,4814,4812,3455,1637,1818,3297,1667,1630,98,52,46,228,112,116
2015,395,Robertson County,16713,8287,8426,9571,4784,4787,3431,1630,1801,3378,1706,1672,99,52,47,234,115,119
2016,395,Robertson County,16744,8311,8433,9535,4767,4768,3407,1628,1779,3464,1747,1717,99,52,47,239,117,122
2017,395,Robertson County,16791,8348,8443,9511,4761,4750,3388,1627,1761,3548,1788,1760,100,52,48,244,120,124
2018,395,Robertson County,16823,8372,8451,9476,4745,4731,3360,1619,1741,3636,1832,1804,101,53,48,250,123,127
2019,395,Robertson County,16856,8387,8469,9436,4723,4713,3336,1611,1725,3725,1873,1852,102,53,49,257,127,130
2020,395,Robertson County,16888,8413,8475,9406,4716,4690,3304,1600,1704,3811,1912,1899,103,54,49,264,131,133
2021,395,Robertson County,16924,8434,8490,9379,4705,4674,3269,1587,1682,3903,1954,1949,104,54,50,269,134,135
2022,395,Robertson County,16936,8440,8496,9334,4688,4646,3229,1568,1661,3992,1991,2001,105,55,50,276,138,138
2023,395,Robertson County,16952,8449,8503,9293,4671,4622,3193,1555,1638,4077,2027,2050,106,55,51,283,141,142
2024,395,Robertson County,16977,8463,8514,9256,4656,4600,3163,1545,1618,4161,2061,2100,107,56,51,290,145,145
2025,395,Robertson County,16975,8463,8512,9203,4634,4569,3129,1534,1595,4238,2091,2147,108,56,52,297,148,149
2026,395,Robertson County,16964,8460,8504,9148,4613,4535,3093,1521,1572,4309,2117,2192,109,57,52,305,152,153
2027,395,Robertson County,16963,8460,8503,9090,4589,4501,3054,1506,1548,4397,2153,2244,110,57,53,312,155,157
2028,395,Robertson County,16975,8460,8515,9052,4576,4476,3008,1484,1524,4484,2183,2301,111,58,53,320,159,161
2029,395,Robertson County,16982,8455,8527,9001,4555,4446,2963,1460,1503,4579,2219,2360,112,58,54,327,163,164
2030,395,Robertson County,17002,8452,8550,8949,4528,4421,2925,1444,1481,4680,2254,2426,113,59,54,335,167,168
2031,395,Robertson County,17001,8446,8555,8888,4504,4384,2889,1425,1464,4769,2289,2480,112,58,54,343,170,173
2032,395,Robertson County,17004,8439,8565,8826,4481,4345,2864,1411,1453,4852,2316,2536,113,59,54,349,172,177
2033,395,Robertson County,17005,8431,8574,8755,4451,4304,2829,1396,1433,4949,2348,2601,114,59,55,358,177,181
2034,395,Robertson County,17024,8433,8591,8688,4419,4269,2805,1388,1417,5051,2386,2665,115,60,55,365,180,185
2035,395,Robertson County,17016,8414,8602,8617,4385,4232,2776,1374,1402,5138,2414,2724,116,60,56,369,181,188
2036,395,Robertson County,16999,8395,8604,8525,4340,4185,2753,1363,1390,5229,2448,2781,117,61,56,375,183,192
2037,395,Robertson County,17003,8388,8615,8449,4304,4145,2721,1350,1371,5334,2487,2847,118,61,57,381,186,195
2038,395,Robertson County,16998,8375,8623,8362,4265,4097,2687,1334,1353,5444,2526,2918,119,62,57,386,188,198
2039,395,Robertson County,16986,8351,8635,8286,4228,4058,2650,1320,1330,5545,2555,2990,118,61,57,387,187,200
2040,395,Robertson County,16966,8338,8628,8200,4191,4009,2623,1308,1315,5632,2588,3044,117,61,56,394,190,204
2041,395,Robertson County,16960,8325,8635,8113,4153,3960,2602,1298,1304,5729,2622,3107,117,61,56,399,191,208
2042,395,Robertson County,16940,8297,8643,8028,4110,3918,2568,1282,1286,5822,2649,3173,117,62,55,405,194,211
2043,395,Robertson County,16941,8286,8655,7958,4070,3888,2548,1275,1273,5912,2686,3226,117,62,55,406,193,213
2044,395,Robertson County,16936,8279,8657,7878,4033,3845,2519,1265,1254,6012,2724,3288,117,62,55,410,195,215
2045,395,Robertson County,16926,8252,8674,7797,3990,3807,2488,1250,1238,6106,2753,3353,118,62,56,417,197,220
2046,395,Robertson County,16905,8228,8677,7720,3951,3769,2462,1237,1225,6185,2780,3405,117,61,56,421,199,222
2047,395,Robertson County,16904,8205,8699,7637,3905,3732,2432,1222,1210,6293,2817,3476,117,60,57,425,201,224
2048,395,Robertson County,16920,8209,8711,7575,3876,3699,2414,1214,1200,6383,2856,3527,118,61,57,430,202,228
2049,395,Robertson County,16910,8186,8724,7503,3839,3664,2386,1202,1184,6473,2884,3589,118,60,58,430,201,229
2050,395,Robertson County,16915,8186,8729,7442,3810,3632,2358,1191,1167,6566,2923,3643,118,61,57,431,201,230
2010,397,Rockwall County,78337,38516,39821,58046,28365,29681,4397,2162,2235,12470,6366,6104,1850,838,1012,1574,785,789
2011,397,Rockwall County,80546,39585,40961,59418,29012,30406,4560,2252,2308,13020,6646,6374,1940,873,1067,1608,802,806
2012,397,Rockwall County,82800,40672,42128,60784,29656,31128,4742,2350,2392,13595,6938,6657,2036,910,1126,1643,818,825
2013,397,Rockwall County,85092,41783,43309,62150,30298,31852,4927,2451,2476,14180,7236,6944,2149,958,1191,1686,840,846
2014,397,Rockwall County,87381,42891,44490,63498,30932,32566,5107,2549,2558,14789,7544,7245,2259,1005,1254,1728,861,867
2015,397,Rockwall County,89731,44021,45710,64874,31567,33307,5295,2653,2642,15411,7861,7550,2377,1056,1321,1774,884,890
2016,397,Rockwall County,92123,45152,46971,66236,32190,34046,5499,2763,2736,16055,8181,7874,2505,1106,1399,1828,912,916
2017,397,Rockwall County,94557,46306,48251,67613,32820,34793,5701,2869,2832,16725,8516,8209,2638,1163,1475,1880,938,942
2018,397,Rockwall County,97059,47503,49556,69011,33466,35545,5911,2987,2924,17417,8861,8556,2783,1223,1560,1937,966,971
2019,397,Rockwall County,99618,48719,50899,70414,34116,36298,6133,3104,3029,18133,9214,8919,2937,1288,1649,2001,997,1004
2020,397,Rockwall County,102241,49968,52273,71847,34768,37079,6353,3229,3124,18872,9581,9291,3102,1358,1744,2067,1032,1035
2021,397,Rockwall County,104970,51267,53703,73320,35439,37881,6590,3360,3230,19645,9971,9674,3277,1430,1847,2138,1067,1071
2022,397,Rockwall County,107822,52611,55211,74845,36128,38717,6838,3497,3341,20461,10379,10082,3462,1500,1962,2216,1107,1109
2023,397,Rockwall County,110750,54002,56748,76395,36835,39560,7088,3638,3450,21299,10793,10506,3672,1588,2084,2296,1148,1148
2024,397,Rockwall County,113793,55437,58356,77976,37555,40421,7352,3785,3567,22179,11231,10948,3901,1675,2226,2385,1191,1194
2025,397,Rockwall County,116941,56946,59995,79611,38299,41312,7623,3940,3683,23089,11696,11393,4134,1769,2365,2484,1242,1242
2026,397,Rockwall County,120187,58491,61696,81275,39052,42223,7900,4097,3803,24046,12177,11869,4378,1866,2512,2588,1299,1289
2027,397,Rockwall County,123525,60073,63452,82959,39815,43144,8177,4254,3923,25042,12677,12365,4646,1971,2675,2701,1356,1345
2028,397,Rockwall County,126987,61718,65269,84689,40595,44094,8462,4422,4040,26086,13207,12879,4936,2080,2856,2814,1414,1400
2029,397,Rockwall County,130505,63381,67124,86431,41389,45042,8749,4584,4165,27159,13738,13421,5234,2195,3039,2932,1475,1457
2030,397,Rockwall County,134093,65077,69016,88189,42180,46009,9041,4749,4292,28274,14299,13975,5537,2313,3224,3052,1536,1516
2031,397,Rockwall County,137761,66817,70944,89949,42984,46965,9338,4915,4423,29419,14869,14550,5873,2447,3426,3182,1602,1580
2032,397,Rockwall County,141471,68586,72885,91722,43794,47928,9637,5085,4552,30602,15458,15144,6192,2576,3616,3318,1673,1645
2033,397,Rockwall County,145189,70338,74851,93479,44587,48892,9930,5248,4682,31793,16051,15742,6532,2707,3825,3455,1745,1710
2034,397,Rockwall County,148951,72127,76824,95216,45375,49841,10232,5419,4813,33027,16670,16357,6879,2846,4033,3597,1817,1780
2035,397,Rockwall County,152757,73900,78857,96930,46151,50779,10559,5602,4957,34288,17283,17005,7243,2979,4264,3737,1885,1852
2036,397,Rockwall County,156562,75702,80860,98618,46921,51697,10876,5788,5088,35565,17917,17648,7620,3119,4501,3883,1957,1926
2037,397,Rockwall County,160369,77503,82866,100292,47685,52607,11198,5975,5223,36859,18558,18301,8002,3257,4745,4018,2028,1990
2038,397,Rockwall County,164173,79302,84871,101921,48429,53492,11519,6159,5360,38181,19214,18967,8397,3406,4991,4155,2094,2061
2039,397,Rockwall County,167995,81102,86893,103519,49158,54361,11853,6356,5497,39521,19878,19643,8814,3553,5261,4288,2157,2131
2040,397,Rockwall County,171814,82888,88926,105088,49871,55217,12168,6544,5624,40883,20549,20334,9243,3698,5545,4432,2226,2206
2041,397,Rockwall County,175619,84652,90967,106606,50562,56044,12501,6740,5761,42267,21228,21039,9686,3841,5845,4559,2281,2278
2042,397,Rockwall County,179468,86451,93017,108091,51243,56848,12836,6936,5900,43706,21931,21775,10142,3999,6143,4693,2342,2351
2043,397,Rockwall County,183316,88232,95084,109544,51914,57630,13180,7141,6039,45144,22628,22516,10617,4145,6472,4831,2404,2427
2044,397,Rockwall County,187202,90036,97166,110981,52579,58402,13529,7350,6179,46598,23335,23263,11120,4308,6812,4974,2464,2510
2045,397,Rockwall County,191119,91846,99273,112392,53224,59168,13880,7562,6318,48092,24069,24023,11634,4466,7168,5121,2525,2596
2046,397,Rockwall County,195062,93653,101409,113772,53855,59917,14225,7770,6455,49603,24802,24801,12191,4637,7554,5271,2589,2682
2047,397,Rockwall County,199087,95524,103563,115150,54500,60650,14583,7985,6598,51138,25554,25584,12784,4826,7958,5432,2659,2773
2048,397,Rockwall County,203154,97399,105755,116523,55140,61383,14947,8207,6740,52693,26313,26380,13403,5014,8389,5588,2725,2863
2049,397,Rockwall County,207306,99304,108002,117891,55777,62114,15300,8420,6880,54292,27090,27202,14069,5223,8846,5754,2794,2960
2050,397,Rockwall County,211545,101260,110285,119262,56421,62841,15660,8643,7017,55920,27886,28034,14773,5439,9334,5930,2871,3059
2010,399,Runnels County,10501,5197,5304,6841,3335,3506,165,90,75,3361,1710,1651,19,10,9,115,52,63
2011,399,Runnels County,10525,5211,5314,6799,3311,3488,168,91,77,3422,1746,1676,19,10,9,117,53,64
2012,399,Runnels County,10568,5237,5331,6773,3292,3481,171,93,78,3486,1787,1699,19,10,9,119,55,64
2013,399,Runnels County,10621,5265,5356,6747,3274,3473,174,94,80,3559,1830,1729,19,10,9,122,57,65
2014,399,Runnels County,10674,5295,5379,6726,3259,3467,177,96,81,3626,1871,1755,19,10,9,126,59,67
2015,399,Runnels County,10726,5330,5396,6700,3244,3456,180,97,83,3697,1918,1779,19,10,9,130,61,69
2016,399,Runnels County,10774,5359,5415,6670,3224,3446,183,99,84,3769,1963,1806,19,10,9,133,63,70
2017,399,Runnels County,10822,5393,5429,6639,3205,3434,186,100,86,3842,2013,1829,19,10,9,136,65,71
2018,399,Runnels County,10890,5437,5453,6625,3198,3427,189,102,87,3917,2060,1857,20,11,9,139,66,73
2019,399,Runnels County,10948,5471,5477,6603,3180,3423,192,103,89,3991,2110,1881,20,11,9,142,67,75
2020,399,Runnels County,11009,5512,5497,6581,3163,3418,195,105,90,4066,2163,1903,20,11,9,147,70,77
2021,399,Runnels County,11072,5552,5520,6562,3149,3413,198,106,92,4141,2213,1928,20,11,9,151,73,78
2022,399,Runnels County,11137,5591,5546,6550,3135,3415,201,108,93,4213,2262,1951,20,11,9,153,75,78
2023,399,Runnels County,11200,5632,5568,6534,3123,3411,204,109,95,4284,2311,1973,20,11,9,158,78,80
2024,399,Runnels County,11259,5675,5584,6511,3111,3400,206,110,96,4360,2363,1997,20,11,9,162,80,82
2025,399,Runnels County,11320,5710,5610,6489,3088,3401,209,111,98,4435,2417,2018,20,11,9,167,83,84
2026,399,Runnels County,11379,5749,5630,6469,3072,3397,212,113,99,4507,2468,2039,20,11,9,171,85,86
2027,399,Runnels County,11426,5780,5646,6445,3054,3391,214,114,100,4573,2514,2059,20,11,9,174,87,87
2028,399,Runnels County,11489,5821,5668,6428,3040,3388,217,116,101,4645,2564,2081,20,11,9,179,90,89
2029,399,Runnels County,11547,5864,5683,6412,3030,3382,219,117,102,4712,2613,2099,20,11,9,184,93,91
2030,399,Runnels County,11584,5884,5700,6387,3006,3381,221,119,102,4770,2653,2117,20,11,9,186,95,91
2031,399,Runnels County,11621,5909,5712,6357,2984,3373,224,120,104,4829,2697,2132,20,11,9,191,97,94
2032,399,Runnels County,11672,5946,5726,6329,2960,3369,226,121,105,4902,2754,2148,20,11,9,195,100,95
2033,399,Runnels County,11704,5968,5736,6296,2937,3359,227,120,107,4962,2797,2165,20,11,9,199,103,96
2034,399,Runnels County,11734,5988,5746,6255,2906,3349,228,120,108,5028,2846,2182,20,11,9,203,105,98
2035,399,Runnels County,11756,6013,5743,6222,2883,3339,231,121,110,5076,2890,2186,20,11,9,207,108,99
2036,399,Runnels County,11774,6034,5740,6182,2859,3323,233,122,111,5128,2932,2196,20,11,9,211,110,101
2037,399,Runnels County,11786,6042,5744,6141,2827,3314,234,122,112,5175,2969,2206,20,11,9,216,113,103
2038,399,Runnels County,11800,6057,5743,6102,2799,3303,233,121,112,5226,3010,2216,20,11,9,219,116,103
2039,399,Runnels County,11822,6073,5749,6066,2773,3293,234,121,113,5280,3051,2229,20,11,9,222,117,105
2040,399,Runnels County,11848,6097,5751,6030,2748,3282,235,122,113,5335,3096,2239,20,11,9,228,120,108
2041,399,Runnels County,11855,6100,5755,5982,2714,3268,236,122,114,5383,3130,2253,20,11,9,234,123,111
2042,399,Runnels County,11863,6111,5752,5943,2686,3257,237,123,114,5427,3168,2259,20,11,9,236,123,113
2043,399,Runnels County,11891,6130,5761,5912,2660,3252,239,124,115,5479,3210,2269,20,11,9,241,125,116
2044,399,Runnels County,11905,6148,5757,5882,2640,3242,242,126,116,5515,3243,2272,20,11,9,246,128,118
2045,399,Runnels County,11927,6176,5751,5861,2627,3234,244,128,116,5552,3281,2271,20,11,9,250,129,121
2046,399,Runnels County,11951,6194,5757,5834,2605,3229,244,128,116,5600,3319,2281,20,11,9,253,131,122
2047,399,Runnels County,11969,6212,5757,5807,2588,3219,243,127,116,5643,3354,2289,20,11,9,256,132,124
2048,399,Runnels County,11972,6222,5750,5781,2568,3213,242,127,115,5669,3383,2286,19,10,9,261,134,127
2049,399,Runnels County,11993,6243,5750,5761,2552,3209,242,128,114,5708,3418,2290,19,10,9,263,135,128
2050,399,Runnels County,12001,6262,5739,5729,2534,3195,244,129,115,5743,3453,2290,18,10,8,267,136,131
2010,401,Rusk County,53330,28075,25255,35237,17925,17312,9359,5268,4091,7609,4329,3280,203,96,107,922,457,465
2011,401,Rusk County,53263,28032,25231,35031,17817,17214,9293,5235,4058,7789,4415,3374,207,98,109,943,467,476
2012,401,Rusk County,53206,27985,25221,34826,17708,17118,9230,5201,4029,7976,4499,3477,211,100,111,963,477,486
2013,401,Rusk County,53154,27944,25210,34620,17602,17018,9175,5168,4007,8159,4583,3576,215,102,113,985,489,496
2014,401,Rusk County,53097,27889,25208,34415,17485,16930,9106,5131,3975,8350,4669,3681,219,104,115,1007,500,507
2015,401,Rusk County,53046,27840,25206,34212,17373,16839,9046,5095,3951,8539,4757,3782,223,106,117,1026,509,517
2016,401,Rusk County,52986,27789,25197,34006,17265,16741,8976,5055,3921,8728,4842,3886,227,108,119,1049,519,530
2017,401,Rusk County,52941,27738,25203,33797,17151,16646,8921,5022,3899,8919,4925,3994,231,110,121,1073,530,543
2018,401,Rusk County,52892,27688,25204,33576,17030,16546,8867,4990,3877,9116,5013,4103,236,112,124,1097,543,554
2019,401,Rusk County,52822,27636,25186,33351,16914,16437,8788,4949,3839,9319,5102,4217,240,114,126,1124,557,567
2020,401,Rusk County,52765,27568,25197,33125,16789,16336,8720,4903,3817,9528,5194,4334,245,116,129,1147,566,581
2021,401,Rusk County,52712,27513,25199,32889,16660,16229,8659,4867,3792,9739,5287,4452,249,118,131,1176,581,595
2022,401,Rusk County,52647,27444,25203,32657,16534,16123,8585,4823,3762,9951,5375,4576,253,120,133,1201,592,609
2023,401,Rusk County,52582,27388,25194,32413,16406,16007,8516,4784,3732,10174,5475,4699,257,122,135,1222,601,621
2024,401,Rusk County,52526,27327,25199,32165,16269,15896,8453,4747,3706,10395,5570,4825,262,125,137,1251,616,635
2025,401,Rusk County,52441,27262,25179,31904,16135,15769,8377,4702,3675,10615,5667,4948,266,127,139,1279,631,648
2026,401,Rusk County,52335,27177,25158,31617,15982,15635,8305,4663,3642,10840,5761,5079,270,129,141,1303,642,661
2027,401,Rusk County,52229,27097,25132,31328,15831,15497,8225,4621,3604,11071,5859,5212,275,132,143,1330,654,676
2028,401,Rusk County,52118,27007,25111,31036,15677,15359,8152,4578,3574,11297,5952,5345,278,134,144,1355,666,689
2029,401,Rusk County,52012,26921,25091,30756,15528,15228,8060,4527,3533,11534,6049,5485,279,135,144,1383,682,701
2030,401,Rusk County,51899,26840,25059,30459,15374,15085,7987,4492,3495,11769,6143,5626,282,138,144,1402,693,709
2031,401,Rusk County,51765,26737,25028,30158,15220,14938,7890,4436,3454,12003,6234,5769,287,140,147,1427,707,720
2032,401,Rusk County,51621,26634,24987,29866,15066,14800,7797,4387,3410,12226,6322,5904,288,142,146,1444,717,727
2033,401,Rusk County,51450,26522,24928,29549,14905,14644,7696,4337,3359,12453,6412,6041,290,142,148,1462,726,736
2034,401,Rusk County,51270,26400,24870,29212,14730,14482,7600,4287,3313,12682,6504,6178,293,144,149,1483,735,748
2035,401,Rusk County,51099,26289,24810,28891,14567,14324,7498,4237,3261,12909,6594,6315,295,145,150,1506,746,760
2036,401,Rusk County,50882,26149,24733,28544,14385,14159,7391,4183,3208,13126,6682,6444,296,147,149,1525,752,773
2037,401,Rusk County,50664,26014,24650,28193,14210,13983,7286,4130,3156,13345,6766,6579,297,147,150,1543,761,782
2038,401,Rusk County,50444,25877,24567,27845,14031,13814,7180,4080,3100,13565,6854,6711,300,150,150,1554,762,792
2039,401,Rusk County,50230,25744,24486,27498,13857,13641,7068,4025,3043,13792,6943,6849,300,150,150,1572,769,803
2040,401,Rusk County,50000,25590,24410,27144,13678,13466,6959,3971,2988,14006,7018,6988,300,149,151,1591,774,817
2041,401,Rusk County,49769,25452,24317,26791,13499,13292,6858,3925,2933,14223,7104,7119,299,151,148,1598,773,825
2042,401,Rusk County,49532,25306,24226,26440,13318,13122,6748,3875,2873,14436,7184,7252,298,150,148,1610,779,831
2043,401,Rusk County,49301,25172,24129,26104,13158,12946,6633,3819,2814,14645,7268,7377,297,149,148,1622,778,844
2044,401,Rusk County,49061,25028,24033,25751,12980,12771,6529,3774,2755,14858,7349,7509,295,148,147,1628,777,851
2045,401,Rusk County,48857,24902,23955,25413,12811,12602,6425,3730,2695,15075,7427,7648,296,147,149,1648,787,861
2046,401,Rusk County,48649,24769,23880,25091,12651,12440,6328,3683,2645,15274,7500,7774,297,147,150,1659,788,871
2047,401,Rusk County,48440,24641,23799,24768,12494,12274,6236,3640,2596,15471,7573,7898,297,146,151,1668,788,880
2048,401,Rusk County,48264,24546,23718,24471,12349,12122,6149,3606,2543,15667,7649,8018,296,147,149,1681,795,886
2049,401,Rusk County,48064,24420,23644,24148,12195,11953,6060,3563,2497,15870,7724,8146,299,148,151,1687,790,897
2050,401,Rusk County,47883,24299,23584,23844,12041,11803,5974,3522,2452,16065,7792,8273,299,148,151,1701,796,905
2010,403,Sabine County,10834,5301,5533,9484,4631,4853,778,382,396,344,177,167,33,11,22,195,100,95
2011,403,Sabine County,10745,5263,5482,9376,4578,4798,780,388,392,357,184,173,33,11,22,199,102,97
2012,403,Sabine County,10651,5222,5429,9259,4521,4738,786,395,391,370,191,179,33,11,22,203,104,99
2013,403,Sabine County,10551,5177,5374,9141,4463,4678,787,399,388,383,198,185,33,11,22,207,106,101
2014,403,Sabine County,10462,5140,5322,9033,4413,4620,789,403,386,396,205,191,33,11,22,211,108,103
2015,403,Sabine County,10372,5098,5274,8924,4358,4566,790,407,383,410,212,198,33,11,22,215,110,105
2016,403,Sabine County,10283,5061,5222,8818,4308,4510,790,411,379,423,219,204,33,11,22,219,112,107
2017,403,Sabine County,10201,5031,5170,8719,4268,4451,789,412,377,437,226,211,33,11,22,223,114,109
2018,403,Sabine County,10116,4990,5126,8615,4218,4397,790,412,378,451,233,218,33,11,22,227,116,111
2019,403,Sabine County,10019,4947,5072,8500,4164,4336,790,414,376,465,240,225,33,11,22,231,118,113
2020,403,Sabine County,9936,4910,5026,8395,4116,4279,794,416,378,479,247,232,33,11,22,235,120,115
2021,403,Sabine County,9840,4868,4972,8279,4062,4217,795,418,377,493,254,239,33,11,22,240,123,117
2022,403,Sabine County,9752,4833,4919,8172,4016,4156,798,420,378,506,261,245,33,11,22,243,125,118
2023,403,Sabine County,9660,4799,4861,8059,3967,4092,799,424,375,521,269,252,33,11,22,248,128,120
2024,403,Sabine County,9569,4761,4808,7950,3918,4032,799,425,374,535,277,258,33,11,22,252,130,122
2025,403,Sabine County,9468,4723,4745,7833,3869,3964,798,426,372,549,285,264,33,11,22,255,132,123
2026,403,Sabine County,9358,4678,4680,7702,3810,3892,800,429,371,563,293,270,33,11,22,260,135,125
2027,403,Sabine County,9261,4634,4627,7587,3754,3833,798,430,368,578,301,277,33,11,22,265,138,127
2028,403,Sabine County,9160,4592,4568,7466,3700,3766,799,431,368,593,309,284,33,11,22,269,141,128
2029,403,Sabine County,9056,4549,4507,7348,3650,3698,796,428,368,608,317,291,33,11,22,271,143,128
2030,403,Sabine County,8938,4490,4448,7216,3585,3631,793,426,367,622,324,298,33,11,22,274,144,130
2031,403,Sabine County,8818,4439,4379,7079,3524,3555,792,427,365,636,332,304,34,11,23,277,145,132
2032,403,Sabine County,8707,4386,4321,6954,3464,3490,792,427,365,649,338,311,34,11,23,278,146,132
2033,403,Sabine County,8583,4324,4259,6816,3397,3419,790,425,365,661,343,318,35,11,24,281,148,133
2034,403,Sabine County,8470,4274,4196,6686,3338,3348,786,421,365,675,351,324,36,12,24,287,152,135
2035,403,Sabine County,8342,4211,4131,6548,3270,3278,788,422,366,684,356,328,36,12,24,286,151,135
2036,403,Sabine County,8222,4158,4064,6417,3210,3207,788,421,367,692,361,331,37,13,24,288,153,135
2037,403,Sabine County,8109,4105,4004,6284,3144,3140,787,423,364,709,370,339,38,13,25,291,155,136
2038,403,Sabine County,7988,4047,3941,6147,3077,3070,786,423,363,723,377,346,39,14,25,293,156,137
2039,403,Sabine County,7870,3991,3879,6018,3016,3002,783,420,363,735,383,352,39,14,25,295,158,137
2040,403,Sabine County,7750,3937,3813,5886,2956,2930,782,419,363,743,387,356,40,15,25,299,160,139
2041,403,Sabine County,7636,3882,3754,5768,2900,2868,776,414,362,752,391,361,40,15,25,300,162,138
2042,403,Sabine County,7524,3824,3700,5653,2846,2807,770,408,362,763,395,368,39,15,24,299,160,139
2043,403,Sabine County,7406,3768,3638,5534,2790,2744,766,405,361,768,398,370,39,15,24,299,160,139
2044,403,Sabine County,7298,3721,3577,5415,2738,2677,764,402,362,779,404,375,38,15,23,302,162,140
2045,403,Sabine County,7202,3680,3522,5313,2695,2618,758,397,361,790,410,380,38,15,23,303,163,140
2046,403,Sabine County,7112,3638,3474,5216,2653,2563,749,390,359,803,415,388,38,15,23,306,165,141
2047,403,Sabine County,7031,3604,3427,5124,2615,2509,745,387,358,818,423,395,38,15,23,306,164,142
2048,403,Sabine County,6960,3577,3383,5040,2581,2459,738,383,355,835,432,403,38,15,23,309,166,143
2049,403,Sabine County,6892,3552,3340,4959,2550,2409,734,380,354,850,441,409,38,15,23,311,166,145
2050,403,Sabine County,6816,3522,3294,4878,2518,2360,725,374,351,863,449,414,38,15,23,312,166,146
2010,405,San Augustine County,8865,4360,4505,6183,3072,3111,2013,943,1070,532,279,253,22,7,15,115,59,56
2011,405,San Augustine County,8790,4311,4479,6105,3023,3082,2001,937,1064,545,284,261,23,7,16,116,60,56
2012,405,San Augustine County,8755,4287,4468,6054,2989,3065,1997,937,1060,560,291,269,24,8,16,120,62,58
2013,405,San Augustine County,8709,4252,4457,5991,2945,3046,1992,935,1057,577,300,277,25,8,17,124,64,60
2014,405,San Augustine County,8660,4219,4441,5930,2905,3025,1983,931,1052,594,309,285,26,9,17,127,65,62
2015,405,San Augustine County,8631,4199,4432,5885,2874,3011,1976,931,1045,613,319,294,27,9,18,130,66,64
2016,405,San Augustine County,8584,4166,4418,5824,2832,2992,1968,929,1039,632,329,303,28,10,18,132,66,66
2017,405,San Augustine County,8543,4137,4406,5759,2790,2969,1969,929,1040,652,341,311,28,10,18,135,67,68
2018,405,San Augustine County,8498,4110,4388,5700,2752,2948,1960,928,1032,674,354,320,28,10,18,136,66,70
2019,405,San Augustine County,8445,4081,4364,5624,2709,2915,1959,929,1030,695,366,329,28,10,18,139,67,72
2020,405,San Augustine County,8405,4054,4351,5559,2669,2890,1959,929,1030,716,377,339,28,10,18,143,69,74
2021,405,San Augustine County,8365,4023,4342,5483,2620,2863,1970,934,1036,738,390,348,29,10,19,145,69,76
2022,405,San Augustine County,8314,3990,4324,5407,2571,2836,1968,934,1034,762,404,358,30,11,19,147,70,77
2023,405,San Augustine County,8281,3965,4316,5342,2529,2813,1972,936,1036,785,417,368,31,11,20,151,72,79
2024,405,San Augustine County,8225,3928,4297,5265,2481,2784,1972,939,1033,805,426,379,32,12,20,151,70,81
2025,405,San Augustine County,8164,3883,4281,5183,2427,2756,1966,935,1031,827,437,390,33,12,21,155,72,83
2026,405,San Augustine County,8092,3831,4261,5099,2372,2727,1956,928,1028,846,446,400,34,13,21,157,72,85
2027,405,San Augustine County,8024,3782,4242,5013,2316,2697,1953,926,1027,863,453,410,35,13,22,160,74,86
2028,405,San Augustine County,7960,3739,4221,4937,2267,2670,1943,922,1021,880,460,420,36,14,22,164,76,88
2029,405,San Augustine County,7893,3699,4194,4855,2217,2638,1933,919,1014,901,472,429,37,14,23,167,77,90
2030,405,San Augustine County,7831,3660,4171,4775,2164,2611,1927,918,1009,920,484,436,38,15,23,171,79,92
2031,405,San Augustine County,7761,3621,4140,4687,2114,2573,1920,917,1003,939,494,445,39,15,24,176,81,95
2032,405,San Augustine County,7685,3573,4112,4604,2065,2539,1905,907,998,957,502,455,40,16,24,179,83,96
2033,405,San Augustine County,7626,3541,4085,4528,2022,2506,1898,906,992,977,512,465,41,16,25,182,85,97
2034,405,San Augustine County,7554,3496,4058,4442,1972,2470,1888,901,987,997,520,477,42,17,25,185,86,99
2035,405,San Augustine County,7487,3457,4030,4369,1930,2439,1873,895,978,1014,528,486,43,17,26,188,87,101
2036,405,San Augustine County,7418,3416,4002,4295,1885,2410,1857,888,969,1031,536,495,44,18,26,191,89,102
2037,405,San Augustine County,7351,3376,3975,4224,1844,2380,1846,884,962,1042,540,502,45,18,27,194,90,104
2038,405,San Augustine County,7276,3339,3937,4148,1804,2344,1831,878,953,1054,547,507,46,19,27,197,91,106
2039,405,San Augustine County,7212,3302,3910,4075,1760,2315,1816,873,943,1073,557,516,47,19,28,201,93,108
2040,405,San Augustine County,7144,3258,3886,4002,1714,2288,1798,863,935,1091,566,525,48,20,28,205,95,110
2041,405,San Augustine County,7075,3209,3866,3932,1669,2263,1786,857,929,1100,566,534,49,20,29,208,97,111
2042,405,San Augustine County,7019,3180,3839,3870,1635,2235,1772,851,921,1117,574,543,49,21,28,211,99,112
2043,405,San Augustine County,6952,3148,3804,3801,1601,2200,1759,845,914,1130,581,549,50,21,29,212,100,112
2044,405,San Augustine County,6901,3119,3782,3744,1571,2173,1748,838,910,1142,586,556,51,22,29,216,102,114
2045,405,San Augustine County,6846,3090,3756,3682,1540,2142,1733,832,901,1159,592,567,52,22,30,220,104,116
2046,405,San Augustine County,6776,3059,3717,3613,1506,2107,1713,823,890,1172,600,572,53,23,30,225,107,118
2047,405,San Augustine County,6714,3033,3681,3549,1477,2072,1701,818,883,1183,607,576,54,23,31,227,108,119
2048,405,San Augustine County,6648,3001,3647,3487,1443,2044,1684,813,871,1194,612,582,55,24,31,228,109,119
2049,405,San Augustine County,6589,2965,3624,3432,1414,2018,1669,804,865,1205,616,589,56,24,32,227,107,120
2050,405,San Augustine County,6538,2944,3594,3378,1384,1994,1656,804,852,1216,621,595,57,25,32,231,110,121
2010,407,San Jacinto County,26384,13205,13179,20204,10064,10140,2662,1330,1332,2880,1475,1405,120,59,61,518,277,241
2011,407,San Jacinto County,26599,13324,13275,20261,10110,10151,2682,1341,1341,3006,1531,1475,122,60,62,528,282,246
2012,407,San Jacinto County,26822,13443,13379,20311,10149,10162,2708,1354,1354,3141,1592,1549,124,61,63,538,287,251
2013,407,San Jacinto County,27081,13571,13510,20378,10185,10193,2739,1370,1369,3286,1659,1627,126,62,64,552,295,257
2014,407,San Jacinto County,27337,13696,13641,20445,10225,10220,2761,1379,1382,3435,1726,1709,128,63,65,568,303,265
2015,407,San Jacinto County,27583,13816,13767,20507,10263,10244,2774,1382,1392,3590,1798,1792,130,64,66,582,309,273
2016,407,San Jacinto County,27842,13947,13895,20568,10300,10268,2796,1394,1402,3750,1872,1878,132,65,67,596,316,280
2017,407,San Jacinto County,28106,14078,14028,20628,10338,10290,2814,1402,1412,3920,1949,1971,134,66,68,610,323,287
2018,407,San Jacinto County,28348,14192,14156,20665,10358,10307,2825,1407,1418,4099,2032,2067,136,67,69,623,328,295
2019,407,San Jacinto County,28602,14312,14290,20705,10382,10323,2838,1410,1428,4283,2117,2166,138,68,70,638,335,303
2020,407,San Jacinto County,28844,14428,14416,20736,10404,10332,2837,1405,1432,4474,2205,2269,141,70,71,656,344,312
2021,407,San Jacinto County,29085,14544,14541,20759,10420,10339,2842,1406,1436,4670,2294,2376,143,71,72,671,353,318
2022,407,San Jacinto County,29330,14661,14669,20782,10436,10346,2844,1406,1438,4873,2387,2486,145,72,73,686,360,326
2023,407,San Jacinto County,29559,14779,14780,20789,10454,10335,2832,1399,1433,5087,2483,2604,148,74,74,703,369,334
2024,407,San Jacinto County,29781,14882,14899,20778,10452,10326,2825,1396,1429,5312,2584,2728,150,75,75,716,375,341
2025,407,San Jacinto County,30001,14982,15019,20768,10451,10317,2818,1391,1427,5535,2683,2852,150,75,75,730,382,348
2026,407,San Jacinto County,30219,15078,15141,20750,10445,10305,2817,1391,1426,5761,2782,2979,150,75,75,741,385,356
2027,407,San Jacinto County,30405,15158,15247,20703,10426,10277,2806,1384,1422,5990,2881,3109,151,76,75,755,391,364
2028,407,San Jacinto County,30594,15240,15354,20654,10404,10250,2786,1374,1412,6231,2985,3246,153,77,76,770,400,370
2029,407,San Jacinto County,30771,15322,15449,20589,10383,10206,2775,1367,1408,6470,3087,3383,153,78,75,784,407,377
2030,407,San Jacinto County,30937,15393,15544,20510,10352,10158,2761,1359,1402,6715,3190,3525,155,79,76,796,413,383
2031,407,San Jacinto County,31110,15462,15648,20418,10305,10113,2746,1353,1393,6978,3304,3674,157,80,77,811,420,391
2032,407,San Jacinto County,31271,15528,15743,20322,10260,10062,2730,1348,1382,7245,3419,3826,157,80,77,817,421,396
2033,407,San Jacinto County,31407,15588,15819,20200,10209,9991,2714,1338,1376,7506,3532,3974,159,81,78,828,428,400
2034,407,San Jacinto County,31556,15648,15908,20081,10154,9927,2695,1331,1364,7782,3651,4131,161,82,79,837,430,407
2035,407,San Jacinto County,31707,15708,15999,19966,10101,9865,2678,1321,1357,8057,3770,4287,162,82,80,844,434,410
2036,407,San Jacinto County,31883,15789,16094,19849,10052,9797,2659,1315,1344,8357,3900,4457,163,83,80,855,439,416
2037,407,San Jacinto County,32065,15864,16201,19716,9995,9721,2640,1306,1334,8676,4037,4639,164,83,81,869,443,426
2038,407,San Jacinto County,32250,15936,16314,19581,9934,9647,2625,1301,1324,9003,4175,4828,165,83,82,876,443,433
2039,407,San Jacinto County,32452,16013,16439,19459,9880,9579,2614,1298,1316,9332,4310,5022,168,84,84,879,441,438
2040,407,San Jacinto County,32659,16097,16562,19332,9819,9513,2600,1291,1309,9675,4461,5214,167,85,82,885,441,444
2041,407,San Jacinto County,32881,16187,16694,19204,9762,9442,2580,1286,1294,10036,4608,5428,168,86,82,893,445,448
2042,407,San Jacinto County,33121,16282,16839,19081,9705,9376,2566,1278,1288,10407,4765,5642,169,87,82,898,447,451
2043,407,San Jacinto County,33363,16374,16989,18956,9648,9308,2551,1271,1280,10786,4925,5861,169,87,82,901,443,458
2044,407,San Jacinto County,33638,16491,17147,18836,9598,9238,2543,1268,1275,11181,5092,6089,168,87,81,910,446,464
2045,407,San Jacinto County,33922,16615,17307,18723,9553,9170,2530,1265,1265,11587,5263,6324,168,86,82,914,448,466
2046,407,San Jacinto County,34206,16724,17482,18604,9496,9108,2517,1262,1255,12002,5435,6567,167,85,82,916,446,470
2047,407,San Jacinto County,34521,16864,17657,18500,9453,9047,2497,1256,1241,12434,5620,6814,167,85,82,923,450,473
2048,407,San Jacinto County,34852,16998,17854,18393,9409,8984,2489,1250,1239,12875,5801,7074,167,86,81,928,452,476
2049,407,San Jacinto County,35211,17149,18062,18290,9368,8922,2478,1248,1230,13346,5995,7351,167,86,81,930,452,478
2050,407,San Jacinto County,35577,17306,18271,18193,9333,8860,2467,1245,1222,13818,6190,7628,167,86,81,932,452,480
2010,409,San Patricio County,64804,32163,32641,27330,13666,13664,902,491,411,35248,17395,17853,506,222,284,818,389,429
2011,409,San Patricio County,65378,32495,32883,27254,13649,13605,914,498,416,35857,17721,18136,517,229,288,836,398,438
2012,409,San Patricio County,65965,32838,33127,27186,13642,13544,925,503,422,36474,18051,18423,527,234,293,853,408,445
2013,409,San Patricio County,66556,33179,33377,27108,13626,13482,937,510,427,37103,18388,18715,535,238,297,873,417,456
2014,409,San Patricio County,67203,33562,33641,27044,13623,13421,954,519,435,37769,18750,19019,546,245,301,890,425,465
2015,409,San Patricio County,67868,33948,33920,26987,13620,13367,969,527,442,38447,19116,19331,553,249,304,912,436,476
2016,409,San Patricio County,68542,34339,34203,26931,13615,13316,988,538,450,39129,19487,19642,561,253,308,933,446,487
2017,409,San Patricio County,69197,34732,34465,26853,13599,13254,1003,545,458,39823,19875,19948,566,256,310,952,457,495
2018,409,San Patricio County,69909,35157,34752,26799,13593,13206,1018,553,465,40540,20280,20260,576,263,313,976,468,508
2019,409,San Patricio County,70615,35580,35035,26743,13587,13156,1030,559,471,41258,20687,20571,583,266,317,1001,481,520
2020,409,San Patricio County,71325,36000,35325,26690,13581,13109,1043,565,478,41985,21095,20890,586,269,317,1021,490,531
2021,409,San Patricio County,72038,36429,35609,26628,13575,13053,1058,573,485,42720,21510,21210,590,272,318,1042,499,543
2022,409,San Patricio County,72757,36855,35902,26554,13558,12996,1073,579,494,43469,21931,21538,595,275,320,1066,512,554
2023,409,San Patricio County,73463,37285,36178,26481,13545,12936,1082,587,495,44215,22353,21862,599,279,320,1086,521,565
2024,409,San Patricio County,74182,37706,36476,26416,13528,12888,1095,592,503,44952,22767,22185,609,285,324,1110,534,576
2025,409,San Patricio County,74910,38150,36760,26349,13521,12828,1107,597,510,45702,23198,22504,618,289,329,1134,545,589
2026,409,San Patricio County,75604,38575,37029,26268,13502,12766,1117,607,510,46443,23615,22828,623,293,330,1153,558,595
2027,409,San Patricio County,76307,38996,37311,26189,13485,12704,1130,615,515,47184,24032,23152,629,297,332,1175,567,608
2028,409,San Patricio County,76961,39389,37572,26088,13454,12634,1141,619,522,47905,24439,23466,629,297,332,1198,580,618
2029,409,San Patricio County,77618,39791,37827,25985,13425,12560,1150,624,526,48628,24848,23780,632,300,332,1223,594,629
2030,409,San Patricio County,78229,40167,38062,25868,13393,12475,1157,627,530,49329,25242,24087,632,300,332,1243,605,638
2031,409,San Patricio County,78830,40540,38290,25737,13346,12391,1166,633,533,50034,25648,24386,629,299,330,1264,614,650
2032,409,San Patricio County,79390,40885,38505,25598,13294,12304,1171,637,534,50706,26025,24681,628,300,328,1287,629,658
2033,409,San Patricio County,79912,41197,38715,25433,13223,12210,1175,639,536,51366,26397,24969,635,303,332,1303,635,668
2034,409,San Patricio County,80411,41502,38909,25267,13159,12108,1180,640,540,52014,26763,25251,637,302,335,1313,638,675
2035,409,San Patricio County,80865,41786,39079,25092,13086,12006,1184,641,543,52625,27110,25515,637,303,334,1327,646,681
2036,409,San Patricio County,81297,42055,39242,24907,13009,11898,1192,643,549,53222,27447,25775,633,302,331,1343,654,689
2037,409,San Patricio County,81731,42321,39410,24726,12927,11799,1199,646,553,53820,27784,26036,628,301,327,1358,663,695
2038,409,San Patricio County,82132,42563,39569,24541,12846,11695,1205,647,558,54387,28100,26287,627,302,325,1372,668,704
2039,409,San Patricio County,82528,42800,39728,24355,12760,11595,1212,649,563,54947,28414,26533,623,301,322,1391,676,715
2040,409,San Patricio County,82894,43024,39870,24171,12679,11492,1214,650,564,55482,28712,26770,622,302,320,1405,681,724
2041,409,San Patricio County,83250,43248,40002,23981,12596,11385,1213,647,566,56018,29013,27005,621,306,315,1417,686,731
2042,409,San Patricio County,83587,43455,40132,23792,12511,11281,1221,649,572,56533,29304,27229,616,303,313,1425,688,737
2043,409,San Patricio County,83946,43681,40265,23614,12432,11182,1227,652,575,57051,29602,27449,615,302,313,1439,693,746
2044,409,San Patricio County,84283,43901,40382,23434,12355,11079,1233,655,578,57555,29892,27663,617,305,312,1444,694,750
2045,409,San Patricio County,84630,44106,40524,23275,12283,10992,1233,652,581,58053,30170,27883,616,306,310,1453,695,758
2046,409,San Patricio County,84971,44326,40645,23103,12211,10892,1236,653,583,58555,30455,28100,613,308,305,1464,699,765
2047,409,San Patricio County,85298,44536,40762,22940,12141,10799,1237,651,586,59038,30732,28306,605,308,297,1478,704,774
2048,409,San Patricio County,85634,44755,40879,22788,12079,10709,1247,656,591,59513,31005,28508,598,307,291,1488,708,780
2049,409,San Patricio County,85951,44967,40984,22622,12011,10611,1246,655,591,59999,31291,28708,591,301,290,1493,709,784
2050,409,San Patricio County,86280,45172,41108,22481,11951,10530,1245,654,591,60468,31562,28906,588,298,290,1498,707,791
2010,411,San Saba County,6131,3366,2765,4135,2138,1997,194,182,12,1715,1008,707,13,7,6,74,31,43
2011,411,San Saba County,6070,3320,2750,4068,2097,1971,195,182,13,1718,1002,716,13,7,6,76,32,44
2012,411,San Saba County,6023,3284,2739,4010,2061,1949,197,184,13,1725,999,726,13,7,6,78,33,45
2013,411,San Saba County,5989,3255,2734,3959,2026,1933,200,186,14,1737,1002,735,13,7,6,80,34,46
2014,411,San Saba County,5965,3234,2731,3916,1998,1918,200,186,14,1754,1008,746,13,7,6,82,35,47
2015,411,San Saba County,5945,3214,2731,3872,1968,1904,203,188,15,1773,1015,758,13,7,6,84,36,48
2016,411,San Saba County,5925,3197,2728,3834,1944,1890,204,189,15,1788,1020,768,13,7,6,86,37,49
2017,411,San Saba County,5910,3185,2725,3799,1923,1876,203,187,16,1807,1030,777,13,7,6,88,38,50
2018,411,San Saba County,5901,3177,2724,3761,1901,1860,205,189,16,1832,1041,791,13,7,6,90,39,51
2019,411,San Saba County,5890,3165,2725,3728,1882,1846,203,186,17,1853,1050,803,13,7,6,93,40,53
2020,411,San Saba County,5873,3155,2718,3684,1858,1826,206,189,17,1874,1059,815,13,7,6,96,42,54
2021,411,San Saba County,5856,3141,2715,3643,1832,1811,206,188,18,1895,1071,824,13,7,6,99,43,56
2022,411,San Saba County,5845,3129,2716,3605,1807,1798,208,190,18,1917,1080,837,13,7,6,102,45,57
2023,411,San Saba County,5830,3117,2713,3566,1782,1784,210,191,19,1936,1091,845,13,7,6,105,46,59
2024,411,San Saba County,5810,3101,2709,3527,1758,1769,210,191,19,1953,1098,855,13,7,6,107,47,60
2025,411,San Saba County,5795,3082,2713,3490,1731,1759,209,189,20,1973,1107,866,13,7,6,110,48,62
2026,411,San Saba County,5779,3065,2714,3461,1708,1753,210,190,20,1982,1110,872,13,7,6,113,50,63
2027,411,San Saba County,5749,3046,2703,3421,1688,1733,210,189,21,1989,1111,878,13,7,6,116,51,65
2028,411,San Saba County,5733,3025,2708,3395,1667,1728,212,191,21,1995,1108,887,13,7,6,118,52,66
2029,411,San Saba County,5719,3008,2711,3371,1648,1723,213,191,22,2001,1109,892,13,7,6,121,53,68
2030,411,San Saba County,5707,2993,2714,3344,1630,1714,214,192,22,2012,1109,903,13,7,6,124,55,69
2031,411,San Saba County,5685,2972,2713,3310,1606,1704,215,192,23,2021,1111,910,13,7,6,126,56,70
2032,411,San Saba County,5653,2949,2704,3273,1584,1689,216,193,23,2021,1107,914,13,7,6,130,58,72
2033,411,San Saba County,5616,2924,2692,3229,1558,1671,217,193,24,2025,1107,918,13,7,6,132,59,73
2034,411,San Saba County,5572,2896,2676,3184,1531,1653,218,194,24,2023,1103,920,13,7,6,134,61,73
2035,411,San Saba County,5530,2866,2664,3140,1506,1634,219,194,25,2023,1098,925,13,7,6,135,61,74
2036,411,San Saba County,5475,2835,2640,3088,1478,1610,219,194,25,2018,1094,924,13,7,6,137,62,75
2037,411,San Saba County,5438,2804,2634,3047,1451,1596,220,194,26,2018,1089,929,13,7,6,140,63,77
2038,411,San Saba County,5398,2774,2624,3005,1424,1581,219,193,26,2020,1087,933,13,7,6,141,63,78
2039,411,San Saba County,5359,2749,2610,2968,1403,1565,219,192,27,2016,1083,933,12,7,5,144,64,80
2040,411,San Saba County,5319,2719,2600,2929,1377,1552,220,193,27,2012,1076,936,12,7,5,146,66,80
2041,411,San Saba County,5273,2681,2592,2893,1352,1541,220,192,28,2000,1064,936,12,7,5,148,66,82
2042,411,San Saba County,5213,2646,2567,2852,1327,1525,221,193,28,1978,1052,926,12,7,5,150,67,83
2043,411,San Saba County,5166,2608,2558,2815,1302,1513,222,193,29,1966,1039,927,12,7,5,151,67,84
2044,411,San Saba County,5126,2579,2547,2772,1270,1502,223,194,29,1965,1039,926,12,7,5,154,69,85
2045,411,San Saba County,5090,2552,2538,2736,1246,1490,224,194,30,1962,1035,927,12,7,5,156,70,86
2046,411,San Saba County,5041,2520,2521,2700,1222,1478,224,194,30,1948,1026,922,12,7,5,157,71,86
2047,411,San Saba County,5002,2492,2510,2665,1199,1466,225,194,31,1941,1021,920,12,7,5,159,71,88
2048,411,San Saba County,4974,2467,2507,2643,1179,1464,225,194,31,1933,1015,918,12,7,5,161,72,89
2049,411,San Saba County,4950,2448,2502,2621,1162,1459,225,193,32,1929,1014,915,12,7,5,163,72,91
2050,411,San Saba County,4931,2429,2502,2602,1142,1460,226,194,32,1925,1012,913,12,7,5,166,74,92
2010,413,Schleicher County,3461,1726,1735,1872,934,938,32,17,15,1536,767,769,4,1,3,17,7,10
2011,413,Schleicher County,3405,1700,1705,1783,889,894,32,17,15,1568,786,782,4,1,3,18,7,11
2012,413,Schleicher County,3361,1683,1678,1706,852,854,33,18,15,1599,804,795,4,1,3,19,8,11
2013,413,Schleicher County,3327,1673,1654,1635,820,815,34,18,16,1634,826,808,4,1,3,20,8,12
2014,413,Schleicher County,3305,1667,1638,1573,790,783,35,19,16,1672,848,824,4,1,3,21,9,12
2015,413,Schleicher County,3296,1666,1630,1517,762,755,36,19,17,1717,875,842,4,1,3,22,9,13
2016,413,Schleicher County,3292,1672,1620,1465,738,727,37,20,17,1763,903,860,4,1,3,23,10,13
2017,413,Schleicher County,3292,1678,1614,1417,714,703,38,20,18,1809,933,876,4,1,3,24,10,14
2018,413,Schleicher County,3292,1684,1608,1374,691,683,39,21,18,1850,960,890,4,1,3,25,11,14
2019,413,Schleicher County,3300,1692,1608,1341,673,668,40,21,19,1889,986,903,4,1,3,26,11,15
2020,413,Schleicher County,3312,1703,1609,1310,656,654,41,22,19,1930,1012,918,4,1,3,27,12,15
2021,413,Schleicher County,3325,1711,1614,1280,638,642,42,22,20,1971,1038,933,4,1,3,28,12,16
2022,413,Schleicher County,3336,1719,1617,1247,619,628,43,23,20,2013,1063,950,4,1,3,29,13,16
2023,413,Schleicher County,3346,1728,1618,1217,604,613,44,23,21,2051,1087,964,4,1,3,30,13,17
2024,413,Schleicher County,3359,1736,1623,1195,592,603,45,24,21,2084,1105,979,4,1,3,31,14,17
2025,413,Schleicher County,3373,1745,1628,1170,578,592,46,24,22,2121,1128,993,4,1,3,32,14,18
2026,413,Schleicher County,3378,1755,1623,1148,568,580,47,25,22,2146,1146,1000,4,1,3,33,15,18
2027,413,Schleicher County,3406,1775,1631,1132,561,571,48,25,23,2188,1173,1015,4,1,3,34,15,19
2028,413,Schleicher County,3425,1790,1635,1115,553,562,49,26,23,2222,1194,1028,4,1,3,35,16,19
2029,413,Schleicher County,3448,1809,1639,1095,545,550,50,26,24,2263,1221,1042,4,1,3,36,16,20
2030,413,Schleicher County,3479,1830,1649,1081,538,543,51,27,24,2306,1247,1059,4,1,3,37,17,20
2031,413,Schleicher County,3511,1854,1657,1067,532,535,52,27,25,2350,1277,1073,4,1,3,38,17,21
2032,413,Schleicher County,3539,1877,1662,1051,524,527,53,28,25,2392,1306,1086,4,1,3,39,18,21
2033,413,Schleicher County,3572,1902,1670,1036,518,518,54,28,26,2438,1337,1101,4,1,3,40,18,22
2034,413,Schleicher County,3598,1922,1676,1017,508,509,55,29,26,2481,1365,1116,4,1,3,41,19,22
2035,413,Schleicher County,3625,1943,1682,1002,502,500,56,29,27,2521,1392,1129,4,1,3,42,19,23
2036,413,Schleicher County,3649,1961,1688,988,493,495,57,30,27,2557,1417,1140,4,1,3,43,20,23
2037,413,Schleicher County,3664,1970,1694,972,484,488,58,30,28,2586,1435,1151,4,1,3,44,20,24
2038,413,Schleicher County,3671,1983,1688,951,475,476,59,31,28,2613,1456,1157,4,1,3,44,20,24
2039,413,Schleicher County,3690,1997,1693,936,470,466,60,31,29,2645,1475,1170,4,1,3,45,20,25
2040,413,Schleicher County,3702,2012,1690,924,464,460,61,32,29,2668,1494,1174,4,1,3,45,21,24
2041,413,Schleicher County,3729,2031,1698,919,461,458,62,32,30,2698,1516,1182,4,1,3,46,21,25
2042,413,Schleicher County,3739,2048,1691,907,454,453,62,33,29,2719,1538,1181,4,1,3,47,22,25
2043,413,Schleicher County,3753,2057,1696,896,446,450,63,33,30,2743,1556,1187,4,1,3,47,21,26
2044,413,Schleicher County,3766,2070,1696,890,443,447,64,34,30,2760,1570,1190,4,1,3,48,22,26
2045,413,Schleicher County,3788,2086,1702,880,437,443,64,34,30,2791,1592,1199,4,1,3,49,22,27
2046,413,Schleicher County,3797,2089,1708,872,432,440,64,34,30,2807,1599,1208,4,1,3,50,23,27
2047,413,Schleicher County,3806,2093,1713,858,424,434,65,34,31,2830,1612,1218,4,1,3,49,22,27
2048,413,Schleicher County,3822,2109,1713,846,419,427,66,35,31,2857,1631,1226,4,1,3,49,23,26
2049,413,Schleicher County,3837,2118,1719,834,414,420,67,35,32,2883,1646,1237,4,1,3,49,22,27
2050,413,Schleicher County,3855,2135,1720,824,409,415,68,36,32,2909,1666,1243,4,1,3,50,23,27
2010,415,Scurry County,16921,9028,7893,9773,4988,4785,764,563,201,6149,3366,2783,48,23,25,187,88,99
2011,415,Scurry County,17031,9109,7922,9728,4987,4741,763,561,202,6298,3447,2851,50,23,27,192,91,101
2012,415,Scurry County,17173,9208,7965,9687,4987,4700,768,565,203,6469,3538,2931,52,24,28,197,94,103
2013,415,Scurry County,17307,9304,8003,9642,4988,4654,772,566,206,6637,3629,3008,54,24,30,202,97,105
2014,415,Scurry County,17445,9403,8042,9595,4988,4607,781,570,211,6806,3720,3086,56,25,31,207,100,107
2015,415,Scurry County,17603,9510,8093,9555,4990,4565,790,574,216,6987,3818,3169,58,25,33,213,103,110
2016,415,Scurry County,17749,9612,8137,9503,4983,4520,794,576,218,7174,3922,3252,60,26,34,218,105,113
2017,415,Scurry County,17909,9725,8184,9461,4984,4477,799,578,221,7363,4029,3334,62,26,36,224,108,116
2018,415,Scurry County,18054,9829,8225,9408,4980,4428,802,578,224,7549,4133,3416,65,27,38,230,111,119
2019,415,Scurry County,18219,9943,8276,9367,4977,4390,808,581,227,7741,4245,3496,68,27,41,235,113,122
2020,415,Scurry County,18381,10058,8323,9328,4980,4348,815,585,230,7926,4349,3577,71,28,43,241,116,125
2021,415,Scurry County,18556,10180,8376,9296,4985,4311,822,587,235,8117,4460,3657,74,28,46,247,120,127
2022,415,Scurry County,18719,10289,8430,9252,4979,4273,824,588,236,8311,4569,3742,78,29,49,254,124,130
2023,415,Scurry County,18898,10405,8493,9203,4969,4234,835,592,243,8516,4686,3830,82,29,53,262,129,133
2024,415,Scurry County,19062,10515,8547,9155,4961,4194,841,594,247,8713,4798,3915,86,30,56,267,132,135
2025,415,Scurry County,19222,10618,8604,9099,4945,4154,845,593,252,8914,4914,4000,91,30,61,273,136,137
2026,415,Scurry County,19388,10725,8663,9046,4931,4115,851,596,255,9116,5028,4088,97,31,66,278,139,139
2027,415,Scurry County,19562,10842,8720,8992,4916,4076,856,600,256,9326,5152,4174,103,31,72,285,143,142
2028,415,Scurry County,19725,10961,8764,8937,4903,4034,860,601,259,9527,5278,4249,109,32,77,292,147,145
2029,415,Scurry County,19891,11072,8819,8878,4884,3994,861,603,258,9737,5403,4334,117,32,85,298,150,148
2030,415,Scurry County,20049,11191,8858,8822,4873,3949,859,603,256,9939,5528,4411,125,33,92,304,154,150
2031,415,Scurry County,20230,11313,8917,8770,4858,3912,856,606,250,10161,5661,4500,135,33,102,308,155,153
2032,415,Scurry County,20392,11431,8961,8721,4852,3869,857,610,247,10355,5776,4579,145,34,111,314,159,155
2033,415,Scurry County,20542,11546,8996,8654,4835,3819,851,612,239,10559,5902,4657,157,34,123,321,163,158
2034,415,Scurry County,20707,11657,9050,8600,4821,3779,853,617,236,10757,6017,4740,169,35,134,328,167,161
2035,415,Scurry County,20872,11771,9101,8551,4816,3735,851,619,232,10954,6131,4823,183,35,148,333,170,163
2036,415,Scurry County,21039,11885,9154,8492,4801,3691,852,621,231,11158,6255,4903,199,36,163,338,172,166
2037,415,Scurry County,21197,11985,9212,8437,4789,3648,854,623,231,11347,6362,4985,214,35,179,345,176,169
2038,415,Scurry County,21355,12097,9258,8374,4772,3602,853,622,231,11548,6490,5058,231,36,195,349,177,172
2039,415,Scurry County,21524,12195,9329,8315,4755,3560,855,622,233,11751,6601,5150,247,36,211,356,181,175
2040,415,Scurry County,21673,12291,9382,8242,4732,3510,855,621,234,11952,6719,5233,265,37,228,359,182,177
2041,415,Scurry County,21840,12396,9444,8186,4720,3466,854,617,237,12150,6837,5313,285,36,249,365,186,179
2042,415,Scurry County,22003,12497,9506,8128,4702,3426,851,611,240,12347,6962,5385,311,37,274,366,185,181
2043,415,Scurry County,22200,12608,9592,8078,4691,3387,854,607,247,12561,7088,5473,339,37,302,368,185,183
2044,415,Scurry County,22359,12698,9661,8011,4666,3345,855,602,253,12752,7206,5546,369,37,332,372,187,185
2045,415,Scurry County,22543,12804,9739,7939,4643,3296,857,599,258,12966,7333,5633,402,37,365,379,192,187
2046,415,Scurry County,22704,12891,9813,7872,4617,3255,858,597,261,13154,7448,5706,439,38,401,381,191,190
2047,415,Scurry County,22875,12982,9893,7798,4589,3209,859,595,264,13349,7565,5784,483,38,445,386,195,191
2048,415,Scurry County,23058,13080,9978,7728,4559,3169,861,598,263,13544,7684,5860,531,39,492,394,200,194
2049,415,Scurry County,23232,13169,10063,7659,4535,3124,864,599,265,13742,7803,5939,579,39,540,388,193,195
2050,415,Scurry County,23405,13255,10150,7589,4508,3081,860,598,262,13926,7910,6016,635,40,595,395,199,196
2010,417,Shackelford County,3378,1632,1746,2961,1420,1541,14,9,5,340,175,165,9,1,8,54,27,27
2011,417,Shackelford County,3358,1626,1732,2933,1410,1523,14,9,5,347,179,168,9,1,8,55,27,28
2012,417,Shackelford County,3350,1624,1726,2917,1403,1514,14,9,5,355,183,172,9,1,8,55,28,27
2013,417,Shackelford County,3347,1624,1723,2906,1399,1507,14,9,5,362,187,175,9,1,8,56,28,28
2014,417,Shackelford County,3356,1627,1729,2903,1396,1507,14,9,5,372,192,180,9,1,8,58,29,29
2015,417,Shackelford County,3370,1630,1740,2905,1393,1512,14,9,5,382,197,185,9,1,8,60,30,30
2016,417,Shackelford County,3375,1630,1745,2900,1388,1512,14,9,5,392,202,190,9,1,8,60,30,30
2017,417,Shackelford County,3382,1630,1752,2894,1381,1513,14,9,5,403,208,195,9,1,8,62,31,31
2018,417,Shackelford County,3387,1630,1757,2886,1374,1512,14,9,5,414,214,200,9,1,8,64,32,32
2019,417,Shackelford County,3394,1634,1760,2880,1371,1509,15,9,6,425,220,205,9,1,8,65,33,32
2020,417,Shackelford County,3405,1640,1765,2876,1369,1507,16,10,6,437,226,211,9,1,8,67,34,33
2021,417,Shackelford County,3414,1642,1772,2871,1364,1507,17,10,7,449,232,217,9,1,8,68,35,33
2022,417,Shackelford County,3423,1648,1775,2865,1361,1504,18,11,7,461,238,223,10,2,8,69,36,33
2023,417,Shackelford County,3429,1650,1779,2855,1356,1499,19,11,8,473,244,229,11,2,9,71,37,34
2024,417,Shackelford County,3437,1651,1786,2849,1349,1500,20,12,8,485,250,235,12,3,9,71,37,34
2025,417,Shackelford County,3453,1659,1794,2848,1349,1499,21,12,9,498,257,241,13,3,10,73,38,35
2026,417,Shackelford County,3476,1672,1804,2855,1353,1502,22,13,9,510,263,247,14,4,10,75,39,36
2027,417,Shackelford County,3483,1671,1812,2846,1345,1501,23,13,10,522,269,253,15,4,11,77,40,37
2028,417,Shackelford County,3496,1675,1821,2843,1340,1503,24,14,10,534,275,259,16,5,11,79,41,38
2029,417,Shackelford County,3508,1677,1831,2841,1335,1506,25,14,11,546,281,265,16,5,11,80,42,38
2030,417,Shackelford County,3515,1675,1840,2834,1326,1508,26,15,11,557,286,271,16,5,11,82,43,39
2031,417,Shackelford County,3520,1675,1845,2824,1319,1505,27,15,12,569,292,277,16,5,11,84,44,40
2032,417,Shackelford County,3513,1666,1847,2804,1302,1502,27,16,11,580,298,282,16,5,11,86,45,41
2033,417,Shackelford County,3505,1657,1848,2783,1288,1495,28,16,12,590,302,288,16,5,11,88,46,42
2034,417,Shackelford County,3496,1647,1849,2760,1271,1489,29,17,12,601,307,294,16,5,11,90,47,43
2035,417,Shackelford County,3487,1640,1847,2737,1258,1479,30,17,13,612,312,300,16,5,11,92,48,44
2036,417,Shackelford County,3473,1631,1842,2711,1244,1467,31,18,13,622,316,306,16,5,11,93,48,45
2037,417,Shackelford County,3454,1619,1835,2680,1227,1453,32,18,14,631,320,311,16,5,11,95,49,46
2038,417,Shackelford County,3440,1612,1828,2654,1214,1440,33,19,14,640,324,316,16,5,11,97,50,47
2039,417,Shackelford County,3421,1601,1820,2625,1198,1427,34,19,15,648,328,320,16,5,11,98,51,47
2040,417,Shackelford County,3402,1587,1815,2592,1176,1416,35,20,15,658,333,325,16,5,11,101,53,48
2041,417,Shackelford County,3368,1570,1798,2563,1162,1401,36,20,16,651,331,320,16,5,11,102,52,50
2042,417,Shackelford County,3353,1560,1793,2536,1145,1391,37,21,16,660,335,325,16,5,11,104,54,50
2043,417,Shackelford County,3327,1539,1788,2508,1126,1382,38,21,17,659,333,326,16,5,11,106,54,52
2044,417,Shackelford County,3306,1524,1782,2481,1110,1371,39,22,17,665,335,330,16,5,11,105,52,53
2045,417,Shackelford County,3296,1514,1782,2459,1096,1363,40,22,18,673,338,335,16,5,11,108,53,55
2046,417,Shackelford County,3283,1506,1777,2441,1083,1358,41,23,18,674,340,334,16,5,11,111,55,56
2047,417,Shackelford County,3282,1500,1782,2430,1072,1358,42,23,19,681,345,336,16,5,11,113,55,58
2048,417,Shackelford County,3269,1496,1773,2407,1060,1347,43,24,19,688,350,338,16,5,11,115,57,58
2049,417,Shackelford County,3257,1486,1771,2388,1049,1339,44,24,20,693,352,341,16,5,11,116,56,60
2050,417,Shackelford County,3251,1484,1767,2370,1041,1329,45,25,20,701,355,346,16,5,11,119,58,61
2010,419,Shelby County,25448,12591,12857,16535,8113,8422,4414,2076,2338,4164,2244,1920,76,34,42,259,124,135
2011,419,Shelby County,25452,12602,12850,16448,8080,8368,4411,2073,2338,4244,2283,1961,78,35,43,271,131,140
2012,419,Shelby County,25470,12618,12852,16351,8041,8310,4417,2074,2343,4339,2330,2009,80,36,44,283,137,146
2013,419,Shelby County,25503,12643,12860,16265,8011,8254,4432,2078,2354,4428,2372,2056,82,37,45,296,145,151
2014,419,Shelby County,25542,12672,12870,16184,7984,8200,4444,2082,2362,4519,2416,2103,84,38,46,311,152,159
2015,419,Shelby County,25552,12684,12868,16092,7947,8145,4441,2079,2362,4607,2460,2147,86,39,47,326,159,167
2016,419,Shelby County,25582,12710,12872,16007,7916,8091,4450,2081,2369,4699,2508,2191,88,40,48,338,165,173
2017,419,Shelby County,25574,12714,12860,15904,7876,8028,4448,2076,2372,4780,2549,2231,90,41,49,352,172,180
2018,419,Shelby County,25580,12724,12856,15807,7837,7970,4449,2073,2376,4867,2594,2273,92,42,50,365,178,187
2019,419,Shelby County,25565,12722,12843,15695,7790,7905,4448,2072,2376,4950,2633,2317,94,43,51,378,184,194
2020,419,Shelby County,25545,12707,12838,15574,7734,7840,4446,2066,2380,5034,2671,2363,97,44,53,394,192,202
2021,419,Shelby County,25537,12700,12837,15466,7689,7777,4447,2058,2389,5119,2710,2409,99,45,54,406,198,208
2022,419,Shelby County,25493,12670,12823,15344,7629,7715,4432,2045,2387,5196,2744,2452,101,46,55,420,206,214
2023,419,Shelby County,25449,12644,12805,15213,7568,7645,4424,2037,2387,5274,2777,2497,103,47,56,435,215,220
2024,419,Shelby County,25389,12607,12782,15082,7508,7574,4410,2025,2385,5346,2806,2540,105,48,57,446,220,226
2025,419,Shelby County,25334,12572,12762,14956,7452,7504,4392,2006,2386,5419,2837,2582,107,49,58,460,228,232
2026,419,Shelby County,25254,12530,12724,14807,7389,7418,4380,1995,2385,5487,2861,2626,108,50,58,472,235,237
2027,419,Shelby County,25177,12490,12687,14666,7323,7343,4359,1980,2379,5558,2895,2663,109,50,59,485,242,243
2028,419,Shelby County,25092,12443,12649,14526,7258,7268,4336,1963,2373,5623,2922,2701,110,51,59,497,249,248
2029,419,Shelby County,24991,12386,12605,14376,7183,7193,4314,1948,2366,5684,2951,2733,111,51,60,506,253,253
2030,419,Shelby County,24887,12322,12565,14219,7109,7110,4299,1932,2367,5745,2972,2773,111,52,59,513,257,256
2031,419,Shelby County,24775,12260,12515,14053,7036,7017,4279,1915,2364,5806,2993,2813,112,52,60,525,264,261
2032,419,Shelby County,24659,12189,12470,13891,6952,6939,4254,1903,2351,5866,3012,2854,113,53,60,535,269,266
2033,419,Shelby County,24533,12126,12407,13723,6873,6850,4230,1891,2339,5918,3033,2885,114,53,61,548,276,272
2034,419,Shelby County,24390,12052,12338,13554,6794,6760,4197,1875,2322,5968,3051,2917,114,54,60,557,278,279
2035,419,Shelby County,24259,11978,12281,13390,6712,6678,4161,1855,2306,6025,3071,2954,114,54,60,569,286,283
2036,419,Shelby County,24128,11897,12231,13229,6635,6594,4122,1830,2292,6084,3089,2995,114,54,60,579,289,290
2037,419,Shelby County,23997,11818,12179,13075,6559,6516,4088,1811,2277,6129,3101,3028,114,53,61,591,294,297
2038,419,Shelby County,23849,11731,12118,12908,6474,6434,4055,1793,2262,6168,3112,3056,115,55,60,603,297,306
2039,419,Shelby County,23724,11654,12070,12750,6394,6356,4024,1777,2247,6218,3125,3093,116,55,61,616,303,313
2040,419,Shelby County,23591,11583,12008,12602,6326,6276,3988,1761,2227,6262,3136,3126,114,55,59,625,305,320
2041,419,Shelby County,23444,11494,11950,12448,6247,6201,3946,1740,2206,6296,3140,3156,116,56,60,638,311,327
2042,419,Shelby County,23296,11406,11890,12293,6171,6122,3911,1719,2192,6326,3144,3182,118,57,61,648,315,333
2043,419,Shelby County,23115,11309,11806,12133,6098,6035,3855,1690,2165,6352,3144,3208,119,58,61,656,319,337
2044,419,Shelby County,22980,11238,11742,11989,6029,5960,3819,1670,2149,6386,3156,3230,119,59,60,667,324,343
2045,419,Shelby County,22827,11152,11675,11841,5963,5878,3787,1654,2133,6403,3149,3254,120,60,60,676,326,350
2046,419,Shelby County,22687,11077,11610,11700,5897,5803,3750,1634,2116,6423,3151,3272,122,60,62,692,335,357
2047,419,Shelby County,22537,10993,11544,11559,5833,5726,3710,1610,2100,6446,3153,3293,121,59,62,701,338,363
2048,419,Shelby County,22378,10915,11463,11424,5774,5650,3670,1588,2082,6455,3151,3304,121,60,61,708,342,366
2049,419,Shelby County,22208,10824,11384,11280,5704,5576,3626,1569,2057,6463,3144,3319,122,60,62,717,347,370
2050,419,Shelby County,22031,10733,11298,11135,5639,5496,3587,1545,2042,6463,3137,3326,120,59,61,726,353,373
2010,421,Sherman County,3034,1548,1486,1762,882,880,12,10,2,1227,638,589,6,4,2,27,14,13
2011,421,Sherman County,3040,1553,1487,1745,875,870,12,10,2,1249,650,599,6,4,2,28,14,14
2012,421,Sherman County,3047,1560,1487,1728,869,859,12,10,2,1272,662,610,6,4,2,29,15,14
2013,421,Sherman County,3070,1575,1495,1726,872,854,12,10,2,1296,674,622,6,4,2,30,15,15
2014,421,Sherman County,3096,1591,1505,1724,874,850,12,10,2,1323,687,636,6,4,2,31,16,15
2015,421,Sherman County,3120,1607,1513,1717,874,843,12,10,2,1353,703,650,6,4,2,32,16,16
2016,421,Sherman County,3143,1621,1522,1709,872,837,12,10,2,1383,718,665,6,4,2,33,17,16
2017,421,Sherman County,3177,1638,1539,1708,873,835,12,10,2,1417,734,683,6,4,2,34,17,17
2018,421,Sherman County,3211,1659,1552,1705,873,832,12,10,2,1453,754,699,6,4,2,35,18,17
2019,421,Sherman County,3239,1674,1565,1698,871,827,12,10,2,1487,771,716,6,4,2,36,18,18
2020,421,Sherman County,3276,1692,1584,1697,870,827,12,10,2,1524,789,735,6,4,2,37,19,18
2021,421,Sherman County,3299,1702,1597,1683,862,821,12,10,2,1560,807,753,6,4,2,38,19,19
2022,421,Sherman County,3326,1717,1609,1673,858,815,12,10,2,1596,825,771,6,4,2,39,20,19
2023,421,Sherman County,3350,1732,1618,1663,854,809,12,10,2,1630,844,786,6,4,2,39,20,19
2024,421,Sherman County,3372,1742,1630,1652,846,806,12,10,2,1662,861,801,6,4,2,40,21,19
2025,421,Sherman County,3394,1749,1645,1638,837,801,12,10,2,1697,877,820,6,4,2,41,21,20
2026,421,Sherman County,3416,1759,1657,1627,831,796,12,10,2,1729,892,837,6,4,2,42,22,20
2027,421,Sherman County,3430,1769,1661,1608,823,785,12,10,2,1761,910,851,6,4,2,43,22,21
2028,421,Sherman County,3448,1780,1668,1591,815,776,12,10,2,1795,928,867,6,4,2,44,23,21
2029,421,Sherman County,3463,1787,1676,1572,806,766,12,10,2,1828,944,884,6,4,2,45,23,22
2030,421,Sherman County,3473,1792,1681,1548,793,755,12,10,2,1861,961,900,6,4,2,46,24,22
2031,421,Sherman County,3483,1794,1689,1528,781,747,12,10,2,1889,975,914,6,4,2,48,24,24
2032,421,Sherman County,3491,1798,1693,1503,768,735,12,10,2,1921,991,930,6,4,2,49,25,24
2033,421,Sherman County,3497,1797,1700,1478,752,726,12,10,2,1951,1006,945,6,4,2,50,25,25
2034,421,Sherman County,3502,1801,1701,1456,739,717,12,10,2,1977,1022,955,6,4,2,51,26,25
2035,421,Sherman County,3514,1805,1709,1439,731,708,12,10,2,2005,1034,971,6,4,2,52,26,26
2036,421,Sherman County,3521,1806,1715,1419,719,700,12,10,2,2031,1046,985,6,4,2,53,27,26
2037,421,Sherman County,3538,1815,1723,1406,714,692,12,10,2,2061,1060,1001,6,4,2,53,27,26
2038,421,Sherman County,3549,1819,1730,1389,703,686,12,10,2,2088,1074,1014,6,4,2,54,28,26
2039,421,Sherman County,3548,1816,1732,1367,693,674,12,10,2,2108,1081,1027,6,4,2,55,28,27
2040,421,Sherman County,3556,1820,1736,1349,684,665,12,10,2,2133,1093,1040,6,4,2,56,29,27
2041,421,Sherman County,3560,1822,1738,1328,674,654,12,10,2,2158,1106,1052,6,4,2,56,28,28
2042,421,Sherman County,3561,1825,1736,1306,664,642,12,10,2,2181,1119,1062,6,4,2,56,28,28
2043,421,Sherman County,3555,1821,1734,1286,655,631,12,10,2,2195,1124,1071,6,4,2,56,28,28
2044,421,Sherman County,3541,1811,1730,1265,645,620,12,10,2,2202,1124,1078,6,4,2,56,28,28
2045,421,Sherman County,3538,1807,1731,1241,632,609,12,10,2,2222,1133,1089,6,4,2,57,28,29
2046,421,Sherman County,3546,1810,1736,1221,620,601,12,10,2,2248,1147,1101,6,4,2,59,29,30
2047,421,Sherman County,3537,1804,1733,1203,611,592,10,8,2,2260,1153,1107,6,4,2,58,28,30
2048,421,Sherman County,3534,1802,1732,1186,603,583,10,8,2,2274,1158,1116,6,4,2,58,29,29
2049,421,Sherman County,3537,1799,1738,1176,597,579,10,8,2,2287,1162,1125,6,4,2,58,28,30
2050,421,Sherman County,3538,1801,1737,1161,592,569,10,8,2,2302,1168,1134,6,4,2,59,29,30
2010,423,Smith County,209714,101425,108289,130246,62654,67592,37195,17172,20023,36088,18670,17418,2550,1183,1367,3635,1746,1889
2011,423,Smith County,212246,102633,109613,131126,63060,68066,37511,17357,20154,37183,19158,18025,2688,1262,1426,3738,1796,1942
2012,423,Smith County,214859,103871,110988,132042,63476,68566,37819,17529,20290,38300,19661,18639,2839,1346,1493,3859,1859,2000
2013,423,Smith County,217454,105084,112370,132946,63882,69064,38131,17701,20430,39420,20158,19262,2985,1427,1558,3972,1916,2056
2014,423,Smith County,220074,106302,113772,133845,64278,69567,38429,17869,20560,40566,20672,19894,3140,1509,1631,4094,1974,2120
2015,423,Smith County,222688,107527,115161,134722,64663,70059,38722,18041,20681,41735,21190,20545,3301,1605,1696,4208,2028,2180
2016,423,Smith County,225241,108736,116505,135550,65034,70516,39013,18209,20804,42895,21710,21185,3459,1694,1765,4324,2089,2235
2017,423,Smith County,227752,109907,117845,136329,65379,70950,39284,18365,20919,44084,22235,21849,3606,1777,1829,4449,2151,2298
2018,423,Smith County,230248,111079,119169,137088,65716,71372,39551,18523,21028,45274,22761,22513,3773,1871,1902,4562,2208,2354
2019,423,Smith County,232712,112229,120483,137825,66036,71789,39797,18667,21130,46479,23296,23183,3930,1960,1970,4681,2270,2411
2020,423,Smith County,235138,113360,121778,138501,66332,72169,40025,18809,21216,47713,23840,23873,4096,2051,2045,4803,2328,2475
2021,423,Smith County,237573,114504,123069,139185,66633,72552,40234,18937,21297,48976,24399,24577,4261,2147,2114,4917,2388,2529
2022,423,Smith County,239987,115641,124346,139822,66911,72911,40440,19064,21376,50256,24967,25289,4431,2249,2182,5038,2450,2588
2023,423,Smith County,242364,116751,125613,140421,67164,73257,40621,19180,21441,51563,25548,26015,4602,2350,2252,5157,2509,2648
2024,423,Smith County,244691,117825,126866,140954,67385,73569,40785,19284,21501,52887,26131,26756,4785,2458,2327,5280,2567,2713
2025,423,Smith County,246963,118875,128088,141427,67573,73854,40940,19386,21554,54224,26723,27501,4971,2565,2406,5401,2628,2773
2026,423,Smith County,249181,119894,129287,141860,67739,74121,41071,19477,21594,55578,27320,28258,5154,2676,2478,5518,2682,2836
2027,423,Smith County,251346,120875,130471,142230,67874,74356,41190,19560,21630,56942,27916,29026,5344,2788,2556,5640,2737,2903
2028,423,Smith County,253470,121842,131628,142569,68008,74561,41290,19630,21660,58333,28523,29810,5533,2895,2638,5745,2786,2959
2029,423,Smith County,255537,122811,132726,142855,68121,74734,41362,19691,21671,59714,29126,30588,5736,3024,2712,5870,2849,3021
2030,423,Smith County,257539,123726,133813,143070,68191,74879,41426,19750,21676,61117,29737,31380,5948,3150,2798,5978,2898,3080
2031,423,Smith County,259497,124627,134870,143232,68237,74995,41490,19809,21681,62521,30345,32176,6161,3280,2881,6093,2956,3137
2032,423,Smith County,261370,125488,135882,143339,68262,75077,41524,19858,21666,63918,30945,32973,6384,3412,2972,6205,3011,3194
2033,423,Smith County,263182,126317,136865,143380,68247,75133,41565,19908,21657,65310,31540,33770,6619,3561,3058,6308,3061,3247
2034,423,Smith County,264941,127111,137830,143386,68213,75173,41576,19941,21635,66711,32142,34569,6853,3707,3146,6415,3108,3307
2035,423,Smith County,266687,127914,138773,143360,68174,75186,41577,19968,21609,68122,32744,35378,7103,3864,3239,6525,3164,3361
2036,423,Smith County,268364,128658,139706,143280,68098,75182,41566,19991,21575,69534,33344,36190,7349,4015,3334,6635,3210,3425
2037,423,Smith County,270015,129417,140598,143178,68023,75155,41535,20003,21532,70957,33950,37007,7604,4183,3421,6741,3258,3483
2038,423,Smith County,271648,130170,141478,143055,67940,75115,41506,20015,21491,72366,34554,37812,7875,4356,3519,6846,3305,3541
2039,423,Smith County,273227,130890,142337,142901,67843,75058,41466,20020,21446,73783,35151,38632,8135,4533,3602,6942,3343,3599
2040,423,Smith County,274799,131598,143201,142720,67732,74988,41419,20024,21395,75203,35751,39452,8410,4705,3705,7047,3386,3661
2041,423,Smith County,276331,132301,144030,142528,67626,74902,41338,20009,21329,76620,36346,40274,8691,4888,3803,7154,3432,3722
2042,423,Smith County,277825,132988,144837,142316,67513,74803,41255,19996,21259,78032,36934,41098,8976,5076,3900,7246,3469,3777
2043,423,Smith County,279315,133650,145665,142107,67395,74712,41160,19978,21182,79435,37506,41929,9265,5263,4002,7348,3508,3840
2044,423,Smith County,280790,134323,146467,141877,67275,74602,41053,19954,21099,80839,38088,42751,9571,5459,4112,7450,3547,3903
2045,423,Smith County,282247,134986,147261,141636,67153,74483,40942,19923,21019,82235,38660,43575,9884,5664,4220,7550,3586,3964
2046,423,Smith County,283687,135646,148041,141415,67045,74370,40811,19893,20918,83622,39223,44399,10192,5865,4327,7647,3620,4027
2047,423,Smith County,285108,136302,148806,141177,66932,74245,40667,19851,20816,85014,39792,45222,10506,6072,4434,7744,3655,4089
2048,423,Smith County,286499,136940,149559,140932,66814,74118,40513,19802,20711,86387,40350,46037,10814,6276,4538,7853,3698,4155
2049,423,Smith County,287865,137562,150303,140669,66690,73979,40358,19753,20605,87750,40899,46851,11143,6491,4652,7945,3729,4216
2050,423,Smith County,289204,138179,151025,140397,66559,73838,40176,19697,20479,89114,41448,47666,11473,6714,4759,8044,3761,4283
2010,425,Somervell County,8490,4182,4308,6595,3240,3355,54,30,24,1626,820,806,40,19,21,175,73,102
2011,425,Somervell County,8540,4207,4333,6609,3248,3361,55,30,25,1657,836,821,41,19,22,178,74,104
2012,425,Somervell County,8601,4240,4361,6631,3260,3371,56,31,25,1691,853,838,42,20,22,181,76,105
2013,425,Somervell County,8662,4270,4392,6648,3268,3380,58,32,26,1729,873,856,43,20,23,184,77,107
2014,425,Somervell County,8744,4306,4438,6686,3280,3406,60,33,27,1766,893,873,44,21,23,188,79,109
2015,425,Somervell County,8832,4340,4492,6727,3292,3435,62,34,28,1806,912,894,45,21,24,192,81,111
2016,425,Somervell County,8917,4376,4541,6765,3305,3460,64,35,29,1846,931,915,46,22,24,196,83,113
2017,425,Somervell County,9002,4417,4585,6805,3324,3481,66,36,30,1884,950,934,47,22,25,200,85,115
2018,425,Somervell County,9101,4461,4640,6857,3345,3512,68,37,31,1924,969,955,48,23,25,204,87,117
2019,425,Somervell County,9194,4507,4687,6903,3368,3535,70,38,32,1965,990,975,49,23,26,207,88,119
2020,425,Somervell County,9294,4558,4736,6954,3394,3560,72,39,33,2005,1011,994,50,24,26,213,90,123
2021,425,Somervell County,9388,4608,4780,7004,3423,3581,75,40,35,2042,1029,1013,51,24,27,216,92,124
2022,425,Somervell County,9482,4657,4825,7050,3446,3604,78,42,36,2081,1049,1032,52,25,27,221,95,126
2023,425,Somervell County,9591,4713,4878,7105,3474,3631,81,43,38,2126,1073,1053,53,25,28,226,98,128
2024,425,Somervell County,9695,4763,4932,7156,3497,3659,84,45,39,2169,1094,1075,54,26,28,232,101,131
2025,425,Somervell County,9802,4813,4989,7212,3523,3689,87,46,41,2211,1114,1097,55,26,29,237,104,133
2026,425,Somervell County,9903,4856,5047,7260,3538,3722,90,48,42,2255,1137,1118,56,27,29,242,106,136
2027,425,Somervell County,9988,4891,5097,7289,3547,3742,93,49,44,2300,1159,1141,57,27,30,249,109,140
2028,425,Somervell County,10081,4941,5140,7333,3568,3765,96,51,45,2342,1182,1160,58,28,30,252,112,140
2029,425,Somervell County,10179,4982,5197,7378,3584,3794,99,52,47,2386,1203,1183,59,28,31,257,115,142
2030,425,Somervell County,10253,5018,5235,7404,3595,3809,102,54,48,2423,1222,1201,60,29,31,264,118,146
2031,425,Somervell County,10325,5051,5274,7426,3602,3824,105,55,50,2465,1245,1220,61,29,32,268,120,148
2032,425,Somervell County,10381,5079,5302,7435,3605,3830,108,57,51,2504,1265,1239,62,30,32,272,122,150
2033,425,Somervell County,10419,5092,5327,7429,3598,3831,111,58,53,2538,1281,1257,63,30,33,278,125,153
2034,425,Somervell County,10444,5097,5347,7420,3592,3828,114,60,54,2562,1286,1276,64,31,33,284,128,156
2035,425,Somervell County,10466,5104,5362,7409,3581,3828,117,61,56,2589,1301,1288,65,31,34,286,130,156
2036,425,Somervell County,10486,5111,5375,7390,3567,3823,120,63,57,2619,1316,1303,66,32,34,291,133,158
2037,425,Somervell County,10509,5119,5390,7368,3554,3814,123,64,59,2657,1334,1323,67,32,35,294,135,159
2038,425,Somervell County,10514,5115,5399,7338,3534,3804,126,66,60,2685,1346,1339,67,32,35,298,137,161
2039,425,Somervell County,10511,5107,5404,7306,3514,3792,129,67,62,2710,1357,1353,67,32,35,299,137,162
2040,425,Somervell County,10515,5109,5406,7273,3496,3777,132,69,63,2740,1371,1369,68,33,35,302,140,162
2041,425,Somervell County,10497,5096,5401,7230,3471,3759,135,70,65,2759,1381,1378,69,33,36,304,141,163
2042,425,Somervell County,10474,5082,5392,7189,3451,3738,138,72,66,2772,1385,1387,70,34,36,305,140,165
2043,425,Somervell County,10455,5075,5380,7143,3429,3714,141,73,68,2792,1397,1395,71,34,37,308,142,166
2044,425,Somervell County,10437,5065,5372,7105,3412,3693,144,75,69,2807,1401,1406,72,35,37,309,142,167
2045,425,Somervell County,10418,5049,5369,7060,3385,3675,146,75,71,2827,1410,1417,72,35,37,313,144,169
2046,425,Somervell County,10396,5049,5347,7014,3366,3648,149,77,72,2845,1423,1422,72,36,36,316,147,169
2047,425,Somervell County,10379,5038,5341,6975,3344,3631,151,77,74,2863,1434,1429,73,36,37,317,147,170
2048,425,Somervell County,10364,5029,5335,6940,3325,3615,154,79,75,2875,1439,1436,74,37,37,321,149,172
2049,425,Somervell County,10331,5014,5317,6891,3304,3587,157,80,77,2889,1447,1442,74,36,38,320,147,173
2050,425,Somervell County,10315,5012,5303,6853,3294,3559,159,81,78,2908,1453,1455,75,37,38,320,147,173
2010,427,Starr County,60968,29440,31528,2449,1207,1242,15,13,2,58337,28135,30202,119,58,61,48,27,21
2011,427,Starr County,61398,29706,31692,2457,1214,1243,15,13,2,58751,28390,30361,121,59,62,54,30,24
2012,427,Starr County,61813,29960,31853,2479,1229,1250,15,13,2,59136,28625,30511,123,60,63,60,33,27
2013,427,Starr County,62242,30224,32018,2510,1245,1265,15,13,2,59526,28869,30657,125,61,64,66,36,30
2014,427,Starr County,62651,30474,32177,2540,1258,1282,15,13,2,59898,29102,30796,126,62,64,72,39,33
2015,427,Starr County,63044,30722,32322,2577,1278,1299,15,13,2,60247,29327,30920,127,62,65,78,42,36
2016,427,Starr County,63426,30960,32466,2607,1295,1312,15,13,2,60592,29544,31048,128,63,65,84,45,39
2017,427,Starr County,63778,31187,32591,2639,1312,1327,15,13,2,60905,29751,31154,129,63,66,90,48,42
2018,427,Starr County,64118,31404,32714,2666,1326,1340,15,13,2,61211,29950,31261,130,64,66,96,51,45
2019,427,Starr County,64444,31621,32823,2701,1348,1353,15,13,2,61495,30142,31353,131,64,67,102,54,48
2020,427,Starr County,64731,31816,32915,2724,1361,1363,15,13,2,61752,30320,31432,132,65,67,108,57,51
2021,427,Starr County,65010,31999,33011,2760,1380,1380,15,13,2,61988,30481,31507,133,65,68,114,60,54
2022,427,Starr County,65276,32177,33099,2789,1395,1394,15,13,2,62217,30640,31577,135,66,69,120,63,57
2023,427,Starr County,65498,32331,33167,2818,1411,1407,15,13,2,62404,30775,31629,135,66,69,126,66,60
2024,427,Starr County,65708,32487,33221,2848,1431,1417,15,13,2,62577,30907,31670,136,67,69,132,69,63
2025,427,Starr County,65866,32612,33254,2864,1441,1423,15,13,2,62712,31019,31693,137,67,70,138,72,66
2026,427,Starr County,65999,32721,33278,2884,1454,1430,15,13,2,62818,31111,31707,138,68,70,144,75,69
2027,427,Starr County,66109,32826,33283,2900,1465,1435,15,13,2,62905,31202,31703,139,68,71,150,78,72
2028,427,Starr County,66178,32911,33267,2919,1477,1442,15,13,2,62948,31271,31677,140,69,71,156,81,75
2029,427,Starr County,66220,32974,33246,2938,1489,1449,15,13,2,62965,31320,31645,141,69,72,161,83,78
2030,427,Starr County,66246,33037,33209,2960,1507,1453,15,13,2,62961,31361,31600,143,70,73,167,86,81
2031,427,Starr County,66223,33077,33146,2967,1513,1454,15,13,2,62923,31391,31532,145,71,74,173,89,84
2032,427,Starr County,66190,33109,33081,2983,1522,1461,15,13,2,62867,31410,31457,146,72,74,179,92,87
2033,427,Starr County,66134,33130,33004,2996,1531,1465,15,13,2,62791,31418,31373,147,73,74,185,95,90
2034,427,Starr County,66067,33147,32920,3011,1542,1469,15,13,2,62701,31420,31281,149,74,75,191,98,93
2035,427,Starr County,65991,33155,32836,3025,1549,1476,15,13,2,62603,31416,31187,150,75,75,198,102,96
2036,427,Starr County,65883,33150,32733,3040,1560,1480,15,13,2,62471,31395,31076,152,76,76,205,106,99
2037,427,Starr County,65768,33141,32627,3051,1568,1483,15,13,2,62338,31374,30964,153,77,76,211,109,102
2038,427,Starr County,65629,33118,32511,3056,1571,1485,15,13,2,62187,31344,30843,153,77,76,218,113,105
2039,427,Starr County,65483,33090,32393,3074,1584,1490,15,13,2,62015,31299,30716,154,77,77,225,117,108
2040,427,Starr County,65321,33058,32263,3089,1593,1496,15,13,2,61831,31255,30576,156,78,78,230,119,111
2041,427,Starr County,65144,33021,32123,3103,1602,1501,15,13,2,61631,31204,30427,157,79,78,238,123,115
2042,427,Starr County,64953,32970,31983,3111,1608,1503,15,13,2,61426,31143,30283,155,79,76,246,127,119
2043,427,Starr County,64739,32903,31836,3125,1617,1508,15,13,2,61192,31065,30127,156,80,76,251,128,123
2044,427,Starr County,64522,32834,31688,3140,1627,1513,15,13,2,60952,30982,29970,156,80,76,259,132,127
2045,427,Starr County,64278,32752,31526,3154,1638,1516,15,13,2,60688,30887,29801,156,80,76,265,134,131
2046,427,Starr County,64028,32675,31353,3164,1648,1516,15,13,2,60420,30797,29623,156,79,77,273,138,135
2047,427,Starr County,63756,32579,31177,3173,1657,1516,15,13,2,60133,30690,29443,157,80,77,278,139,139
2048,427,Starr County,63473,32483,30990,3184,1666,1518,15,13,2,59832,30580,29252,157,81,76,285,143,142
2049,427,Starr County,63171,32369,30802,3193,1673,1520,15,13,2,59515,30458,29057,157,80,77,291,145,146
2050,427,Starr County,62849,32243,30606,3207,1681,1526,15,13,2,59176,30323,28853,156,80,76,295,146,149
2010,429,Stephens County,9630,4975,4655,7289,3650,3639,195,136,59,2011,1110,901,31,17,14,104,62,42
2011,429,Stephens County,9595,4973,4622,7204,3624,3580,197,137,60,2055,1132,923,32,17,15,107,63,44
2012,429,Stephens County,9584,4983,4601,7140,3607,3533,199,138,61,2103,1156,947,32,17,15,110,65,45
2013,429,Stephens County,9580,5000,4580,7080,3595,3485,201,139,62,2152,1182,970,33,17,16,114,67,47
2014,429,Stephens County,9583,5018,4565,7025,3581,3444,203,140,63,2203,1210,993,34,18,16,118,69,49
2015,429,Stephens County,9589,5037,4552,6967,3568,3399,205,141,64,2260,1239,1021,35,18,17,122,71,51
2016,429,Stephens County,9582,5046,4536,6906,3549,3357,207,142,65,2309,1264,1045,36,19,17,124,72,52
2017,429,Stephens County,9567,5044,4523,6836,3519,3317,209,143,66,2357,1289,1068,37,19,18,128,74,54
2018,429,Stephens County,9567,5053,4514,6778,3499,3279,212,145,67,2408,1314,1094,37,19,18,132,76,56
2019,429,Stephens County,9573,5072,4501,6728,3489,3239,214,146,68,2459,1341,1118,37,19,18,135,77,58
2020,429,Stephens County,9570,5081,4489,6672,3471,3201,215,146,69,2507,1365,1142,37,19,18,139,80,59
2021,429,Stephens County,9570,5097,4473,6620,3458,3162,216,147,69,2555,1391,1164,37,19,18,142,82,60
2022,429,Stephens County,9568,5110,4458,6562,3441,3121,218,148,70,2605,1418,1187,37,19,18,146,84,62
2023,429,Stephens County,9557,5121,4436,6497,3423,3074,220,150,70,2653,1443,1210,37,19,18,150,86,64
2024,429,Stephens County,9560,5138,4422,6440,3408,3032,222,151,71,2707,1472,1235,37,19,18,154,88,66
2025,429,Stephens County,9553,5151,4402,6370,3388,2982,225,152,73,2763,1502,1261,37,19,18,158,90,68
2026,429,Stephens County,9559,5161,4398,6315,3366,2949,228,154,74,2818,1531,1287,36,18,18,162,92,70
2027,429,Stephens County,9554,5165,4389,6253,3343,2910,231,155,76,2869,1556,1313,36,18,18,165,93,72
2028,429,Stephens County,9552,5173,4379,6194,3322,2872,234,157,77,2919,1581,1338,36,18,18,169,95,74
2029,429,Stephens County,9550,5181,4369,6133,3301,2832,235,157,78,2974,1609,1365,36,18,18,172,96,76
2030,429,Stephens County,9545,5185,4360,6076,3280,2796,236,158,78,3021,1631,1390,36,18,18,176,98,78
2031,429,Stephens County,9531,5186,4345,6011,3255,2756,236,158,78,3067,1655,1412,36,18,18,181,100,81
2032,429,Stephens County,9504,5178,4326,5941,3228,2713,238,159,79,3105,1671,1434,36,18,18,184,102,82
2033,429,Stephens County,9480,5170,4310,5868,3198,2670,237,158,79,3151,1692,1459,36,18,18,188,104,84
2034,429,Stephens County,9450,5159,4291,5792,3165,2627,238,159,79,3192,1711,1481,36,18,18,192,106,86
2035,429,Stephens County,9418,5155,4263,5712,3138,2574,238,159,79,3237,1733,1504,36,18,18,195,107,88
2036,429,Stephens County,9387,5147,4240,5641,3112,2529,238,159,79,3272,1748,1524,37,19,18,199,109,90
2037,429,Stephens County,9348,5130,4218,5565,3079,2486,238,159,79,3309,1766,1543,37,19,18,199,107,92
2038,429,Stephens County,9325,5123,4202,5491,3047,2444,238,158,80,3352,1786,1566,38,20,18,206,112,94
2039,429,Stephens County,9282,5102,4180,5416,3013,2403,238,158,80,3382,1800,1582,38,19,19,208,112,96
2040,429,Stephens County,9258,5096,4162,5354,2988,2366,241,160,81,3414,1816,1598,38,19,19,211,113,98
2041,429,Stephens County,9229,5089,4140,5284,2960,2324,243,160,83,3450,1837,1613,38,18,20,214,114,100
2042,429,Stephens County,9200,5082,4118,5218,2934,2284,243,160,83,3485,1855,1630,39,19,20,215,114,101
2043,429,Stephens County,9187,5089,4098,5159,2918,2241,245,161,84,3530,1879,1651,38,18,20,215,113,102
2044,429,Stephens County,9153,5084,4069,5088,2890,2198,244,160,84,3566,1902,1664,39,19,20,216,113,103
2045,429,Stephens County,9114,5071,4043,5023,2864,2159,244,158,86,3592,1919,1673,40,19,21,215,111,104
2046,429,Stephens County,9086,5075,4011,4962,2845,2117,245,158,87,3617,1938,1679,41,20,21,221,114,107
2047,429,Stephens County,9065,5080,3985,4897,2821,2076,244,157,87,3658,1965,1693,42,20,22,224,117,107
2048,429,Stephens County,9059,5091,3968,4850,2809,2041,244,157,87,3699,1990,1709,43,21,22,223,114,109
2049,429,Stephens County,9060,5104,3956,4794,2787,2007,244,156,88,3749,2021,1728,44,21,23,229,119,110
2050,429,Stephens County,9051,5100,3951,4743,2763,1980,244,157,87,3788,2039,1749,45,22,23,231,119,112
2010,431,Sterling County,1143,576,567,733,362,371,13,10,3,365,187,178,0,0,0,32,17,15
2011,431,Sterling County,1155,583,572,739,366,373,13,10,3,371,190,181,0,0,0,32,17,15
2012,431,Sterling County,1166,589,577,744,369,375,13,10,3,377,193,184,0,0,0,32,17,15
2013,431,Sterling County,1178,596,582,750,373,377,13,10,3,383,196,187,0,0,0,32,17,15
2014,431,Sterling County,1189,601,588,755,375,380,13,10,3,389,199,190,0,0,0,32,17,15
2015,431,Sterling County,1199,607,592,759,378,381,13,10,3,395,202,193,0,0,0,32,17,15
2016,431,Sterling County,1209,612,597,764,381,383,13,10,3,401,205,196,0,0,0,31,16,15
2017,431,Sterling County,1218,616,602,768,382,386,13,10,3,406,208,198,0,0,0,31,16,15
2018,431,Sterling County,1227,621,606,770,383,387,13,10,3,413,212,201,0,0,0,31,16,15
2019,431,Sterling County,1238,627,611,775,386,389,13,10,3,418,215,203,0,0,0,32,16,16
2020,431,Sterling County,1252,636,616,782,390,392,13,10,3,424,219,205,0,0,0,33,17,16
2021,431,Sterling County,1257,641,616,782,391,391,13,10,3,429,223,206,0,0,0,33,17,16
2022,431,Sterling County,1269,649,620,786,394,392,13,10,3,436,227,209,0,0,0,34,18,16
2023,431,Sterling County,1275,654,621,786,395,391,13,10,3,441,231,210,0,0,0,35,18,17
2024,431,Sterling County,1282,657,625,786,394,392,13,10,3,447,234,213,0,0,0,36,19,17
2025,431,Sterling County,1291,664,627,789,398,391,13,10,3,452,237,215,0,0,0,37,19,18
2026,431,Sterling County,1295,666,629,787,396,391,13,10,3,457,240,217,0,0,0,38,20,18
2027,431,Sterling County,1304,672,632,789,399,390,13,10,3,463,243,220,0,0,0,39,20,19
2028,431,Sterling County,1308,674,634,787,399,388,13,10,3,468,244,224,0,0,0,40,21,19
2029,431,Sterling County,1316,678,638,787,400,387,13,10,3,475,247,228,0,0,0,41,21,20
2030,431,Sterling County,1325,682,643,788,400,388,13,10,3,482,250,232,0,0,0,42,22,20
2031,431,Sterling County,1336,686,650,791,401,390,13,10,3,488,253,235,0,0,0,44,22,22
2032,431,Sterling County,1343,691,652,791,402,389,13,10,3,494,256,238,0,0,0,45,23,22
2033,431,Sterling County,1351,694,657,792,402,390,13,10,3,500,259,241,0,0,0,46,23,23
2034,431,Sterling County,1356,699,657,790,403,387,13,10,3,506,262,244,0,0,0,47,24,23
2035,431,Sterling County,1356,697,659,784,399,385,13,10,3,512,265,247,0,0,0,47,23,24
2036,431,Sterling County,1361,701,660,781,398,383,13,10,3,519,269,250,0,0,0,48,24,24
2037,431,Sterling County,1365,703,662,778,397,381,13,10,3,525,272,253,0,0,0,49,24,25
2038,431,Sterling County,1365,703,662,773,394,379,13,10,3,529,274,255,0,0,0,50,25,25
2039,431,Sterling County,1368,704,664,770,393,377,13,10,3,533,275,258,0,0,0,52,26,26
2040,431,Sterling County,1373,705,668,769,391,378,13,10,3,539,278,261,0,0,0,52,26,26
2041,431,Sterling County,1376,707,669,766,391,375,13,10,3,544,280,264,0,0,0,53,26,27
2042,431,Sterling County,1377,708,669,763,390,373,13,10,3,549,282,267,0,0,0,52,26,26
2043,431,Sterling County,1374,708,666,756,388,368,13,10,3,553,285,268,0,0,0,52,25,27
2044,431,Sterling County,1372,710,662,750,387,363,13,10,3,556,287,269,0,0,0,53,26,27
2045,431,Sterling County,1365,708,657,739,384,355,13,10,3,560,289,271,0,0,0,53,25,28
2046,431,Sterling County,1361,704,657,732,379,353,13,10,3,562,289,273,0,0,0,54,26,28
2047,431,Sterling County,1357,702,655,723,375,348,13,10,3,566,291,275,0,0,0,55,26,29
2048,431,Sterling County,1354,701,653,716,372,344,13,10,3,570,293,277,0,0,0,55,26,29
2049,431,Sterling County,1348,698,650,707,367,340,13,10,3,572,295,277,0,0,0,56,26,30
2050,431,Sterling County,1326,685,641,703,365,338,13,10,3,553,283,270,0,0,0,57,27,30
2010,433,Stonewall County,1490,717,773,1206,581,625,38,20,18,209,100,109,14,5,9,23,11,12
2011,433,Stonewall County,1486,714,772,1196,575,621,38,20,18,214,103,111,14,5,9,24,11,13
2012,433,Stonewall County,1486,717,769,1187,571,616,39,21,18,220,107,113,15,6,9,25,12,13
2013,433,Stonewall County,1487,716,771,1181,567,614,40,21,19,225,110,115,15,6,9,26,12,14
2014,433,Stonewall County,1494,724,770,1180,569,611,41,22,19,230,113,117,16,7,9,27,13,14
2015,433,Stonewall County,1498,726,772,1177,568,609,42,22,20,235,116,119,16,7,9,28,13,15
2016,433,Stonewall County,1506,733,773,1178,570,608,43,23,20,240,119,121,16,7,9,29,14,15
2017,433,Stonewall County,1511,737,774,1176,571,605,44,23,21,245,122,123,16,7,9,30,14,16
2018,433,Stonewall County,1513,737,776,1170,566,604,45,24,21,251,125,126,16,7,9,31,15,16
2019,433,Stonewall County,1519,738,781,1168,564,604,46,24,22,257,128,129,16,7,9,32,15,17
2020,433,Stonewall County,1523,739,784,1162,559,603,47,25,22,265,132,133,16,7,9,33,16,17
2021,433,Stonewall County,1524,739,785,1154,555,599,48,25,23,273,136,137,16,7,9,33,16,17
2022,433,Stonewall County,1525,738,787,1145,548,597,49,26,23,281,140,141,16,7,9,34,17,17
2023,433,Stonewall County,1530,738,792,1140,544,596,50,26,24,289,144,145,16,7,9,35,17,18
2024,433,Stonewall County,1530,739,791,1132,540,592,51,27,24,295,147,148,16,7,9,36,18,18
2025,433,Stonewall County,1534,741,793,1127,538,589,52,27,25,302,151,151,16,7,9,37,18,19
2026,433,Stonewall County,1541,747,794,1126,539,587,53,28,25,308,154,154,16,7,9,38,19,19
2027,433,Stonewall County,1546,748,798,1124,537,587,54,28,26,313,157,156,16,7,9,39,19,20
2028,433,Stonewall County,1552,752,800,1122,536,586,55,29,26,321,161,160,16,7,9,38,19,19
2029,433,Stonewall County,1556,753,803,1116,532,584,56,29,27,330,166,164,16,7,9,38,19,19
2030,433,Stonewall County,1565,758,807,1111,528,583,57,30,27,341,173,168,16,7,9,40,20,20
2031,433,Stonewall County,1573,763,810,1106,526,580,57,29,28,353,181,172,16,7,9,41,20,21
2032,433,Stonewall County,1580,770,810,1099,522,577,58,30,28,365,190,175,16,7,9,42,21,21
2033,433,Stonewall County,1591,778,813,1096,522,574,59,30,29,377,198,179,16,7,9,43,21,22
2034,433,Stonewall County,1594,783,811,1090,520,570,58,30,28,386,204,182,16,7,9,44,22,22
2035,433,Stonewall County,1596,785,811,1082,516,566,58,29,29,395,211,184,16,7,9,45,22,23
2036,433,Stonewall County,1598,788,810,1074,512,562,59,30,29,403,216,187,16,7,9,46,23,23
2037,433,Stonewall County,1595,787,808,1061,507,554,60,30,30,411,220,191,16,7,9,47,23,24
2038,433,Stonewall County,1593,787,806,1053,504,549,61,31,30,415,221,194,16,7,9,48,24,24
2039,433,Stonewall County,1590,785,805,1040,496,544,62,31,31,424,227,197,16,7,9,48,24,24
2040,433,Stonewall County,1588,784,804,1029,488,541,61,31,30,433,233,200,16,7,9,49,25,24
2041,433,Stonewall County,1586,785,801,1015,482,533,62,31,31,443,240,203,16,7,9,50,25,25
2042,433,Stonewall County,1587,788,799,1004,475,529,63,32,31,453,248,205,16,7,9,51,26,25
2043,433,Stonewall County,1586,788,798,992,469,523,64,32,32,463,255,208,16,7,9,51,25,26
2044,433,Stonewall County,1585,793,792,981,465,516,65,33,32,473,263,210,16,7,9,50,25,25
2045,433,Stonewall County,1582,794,788,965,457,508,66,33,33,485,272,213,16,7,9,50,25,25
2046,433,Stonewall County,1579,795,784,950,448,502,67,34,33,495,280,215,16,7,9,51,26,25
2047,433,Stonewall County,1579,795,784,936,439,497,67,33,34,509,291,218,16,7,9,51,25,26
2048,433,Stonewall County,1580,799,781,927,435,492,68,34,34,518,298,220,16,7,9,51,25,26
2049,433,Stonewall County,1583,802,781,920,431,489,69,34,35,527,306,221,16,7,9,51,24,27
2050,433,Stonewall County,1571,795,776,912,426,486,70,35,35,522,303,219,16,7,9,51,24,27
2010,435,Sutton County,4128,2029,2099,1639,790,849,6,6,0,2459,1220,1239,5,2,3,19,11,8
2011,435,Sutton County,4124,2035,2089,1610,783,827,6,6,0,2483,1233,1250,5,2,3,20,11,9
2012,435,Sutton County,4134,2045,2089,1589,778,811,6,6,0,2513,1247,1266,5,2,3,21,12,9
2013,435,Sutton County,4155,2061,2094,1576,777,799,6,6,0,2546,1264,1282,5,2,3,22,12,10
2014,435,Sutton County,4187,2083,2104,1572,778,794,6,6,0,2581,1284,1297,5,2,3,23,13,10
2015,435,Sutton County,4221,2104,2117,1575,783,792,6,6,0,2611,1300,1311,5,2,3,24,13,11
2016,435,Sutton County,4255,2127,2128,1576,787,789,6,6,0,2643,1318,1325,5,2,3,25,14,11
2017,435,Sutton County,4295,2157,2138,1579,797,782,6,6,0,2679,1338,1341,5,2,3,26,14,12
2018,435,Sutton County,4325,2178,2147,1577,803,774,6,6,0,2710,1352,1358,5,2,3,27,15,12
2019,435,Sutton County,4350,2196,2154,1571,807,764,6,6,0,2740,1366,1374,5,2,3,28,15,13
2020,435,Sutton County,4381,2221,2160,1571,815,756,6,6,0,2770,1382,1388,5,2,3,29,16,13
2021,435,Sutton County,4406,2238,2168,1567,819,748,6,6,0,2799,1395,1404,5,2,3,29,16,13
2022,435,Sutton County,4431,2257,2174,1567,825,742,6,6,0,2823,1407,1416,5,2,3,30,17,13
2023,435,Sutton County,4449,2270,2179,1564,829,735,6,6,0,2843,1416,1427,5,2,3,31,17,14
2024,435,Sutton County,4466,2281,2185,1560,830,730,6,6,0,2863,1425,1438,5,2,3,32,18,14
2025,435,Sutton County,4486,2291,2195,1562,834,728,6,6,0,2880,1431,1449,5,2,3,33,18,15
2026,435,Sutton County,4492,2295,2197,1556,831,725,6,6,0,2891,1437,1454,5,2,3,34,19,15
2027,435,Sutton County,4498,2300,2198,1548,829,719,6,6,0,2904,1444,1460,5,2,3,35,19,16
2028,435,Sutton County,4491,2300,2191,1539,828,711,6,6,0,2905,1444,1461,5,2,3,36,20,16
2029,435,Sutton County,4495,2307,2188,1533,830,703,6,6,0,2914,1449,1465,5,2,3,37,20,17
2030,435,Sutton County,4485,2301,2184,1517,822,695,6,6,0,2919,1450,1469,5,2,3,38,21,17
2031,435,Sutton County,4480,2298,2182,1506,818,688,6,6,0,2923,1451,1472,5,2,3,40,21,19
2032,435,Sutton County,4470,2291,2179,1494,811,683,6,6,0,2924,1450,1474,5,2,3,41,22,19
2033,435,Sutton County,4453,2280,2173,1480,804,676,6,6,0,2921,1447,1474,5,2,3,41,21,20
2034,435,Sutton County,4443,2276,2167,1470,798,672,6,6,0,2920,1448,1472,5,2,3,42,22,20
2035,435,Sutton County,4429,2268,2161,1466,794,672,6,6,0,2909,1444,1465,5,2,3,43,22,21
2036,435,Sutton County,4418,2263,2155,1464,794,670,6,6,0,2900,1439,1461,5,2,3,43,22,21
2037,435,Sutton County,4411,2262,2149,1459,791,668,6,6,0,2897,1441,1456,5,2,3,44,22,22
2038,435,Sutton County,4402,2261,2141,1450,789,661,6,6,0,2896,1441,1455,5,2,3,45,23,22
2039,435,Sutton County,4392,2248,2144,1444,783,661,6,6,0,2891,1434,1457,5,2,3,46,23,23
2040,435,Sutton County,4379,2242,2137,1435,777,658,6,6,0,2885,1432,1453,5,2,3,48,25,23
2041,435,Sutton County,4369,2236,2133,1431,776,655,6,6,0,2880,1429,1451,5,2,3,47,23,24
2042,435,Sutton County,4347,2225,2122,1427,774,653,6,6,0,2862,1419,1443,4,2,2,48,24,24
2043,435,Sutton County,4331,2212,2119,1422,770,652,6,6,0,2850,1410,1440,4,2,2,49,24,25
2044,435,Sutton County,4312,2208,2104,1417,767,650,6,6,0,2836,1409,1427,4,2,2,49,24,25
2045,435,Sutton County,4298,2202,2096,1413,765,648,6,6,0,2824,1404,1420,4,2,2,51,25,26
2046,435,Sutton County,4284,2191,2093,1408,761,647,6,6,0,2813,1396,1417,4,2,2,53,26,27
2047,435,Sutton County,4265,2178,2087,1397,753,644,6,6,0,2804,1391,1413,4,2,2,54,26,28
2048,435,Sutton County,4251,2172,2079,1393,751,642,6,6,0,2792,1386,1406,4,2,2,56,27,29
2049,435,Sutton County,4243,2168,2075,1393,751,642,6,6,0,2784,1382,1402,4,2,2,56,27,29
2050,435,Sutton County,4225,2157,2068,1392,754,638,6,6,0,2765,1367,1398,4,2,2,58,28,30
2010,437,Swisher County,7854,4136,3718,4025,2006,2019,552,386,166,3149,1686,1463,5,2,3,123,56,67
2011,437,Swisher County,7771,4097,3674,3934,1958,1976,556,388,168,3153,1694,1459,5,2,3,123,55,68
2012,437,Swisher County,7708,4069,3639,3857,1915,1942,560,390,170,3162,1707,1455,5,2,3,124,55,69
2013,437,Swisher County,7662,4053,3609,3793,1881,1912,566,394,172,3173,1720,1453,5,2,3,125,56,69
2014,437,Swisher County,7613,4030,3583,3723,1842,1881,571,397,174,3187,1732,1455,5,2,3,127,57,70
2015,437,Swisher County,7576,4017,3559,3659,1807,1852,576,401,175,3207,1749,1458,5,2,3,129,58,71
2016,437,Swisher County,7541,4000,3541,3607,1776,1831,579,402,177,3218,1760,1458,5,2,3,132,60,72
2017,437,Swisher County,7515,3989,3526,3559,1749,1810,583,404,179,3233,1773,1460,5,2,3,135,61,74
2018,437,Swisher County,7486,3985,3501,3507,1724,1783,589,408,181,3249,1789,1460,5,2,3,136,62,74
2019,437,Swisher County,7444,3972,3472,3449,1697,1752,593,410,183,3258,1800,1458,5,2,3,139,63,76
2020,437,Swisher County,7414,3966,3448,3402,1678,1724,600,414,186,3266,1808,1458,5,2,3,141,64,77
2021,437,Swisher County,7365,3945,3420,3347,1651,1696,606,416,190,3264,1811,1453,5,2,3,143,65,78
2022,437,Swisher County,7328,3928,3400,3306,1630,1676,611,418,193,3262,1812,1450,5,2,3,144,66,78
2023,437,Swisher County,7295,3914,3381,3265,1608,1657,617,423,194,3261,1814,1447,5,2,3,147,67,80
2024,437,Swisher County,7257,3897,3360,3224,1587,1637,621,425,196,3257,1814,1443,5,2,3,150,69,81
2025,437,Swisher County,7214,3878,3336,3179,1566,1613,628,428,200,3250,1812,1438,5,2,3,152,70,82
2026,437,Swisher County,7166,3856,3310,3135,1541,1594,634,433,201,3237,1808,1429,5,2,3,155,72,83
2027,437,Swisher County,7124,3827,3297,3094,1515,1579,641,435,206,3226,1802,1424,5,2,3,158,73,85
2028,437,Swisher County,7072,3802,3270,3053,1492,1561,649,440,209,3205,1793,1412,5,2,3,160,75,85
2029,437,Swisher County,7022,3776,3246,3005,1465,1540,660,446,214,3189,1787,1402,5,2,3,163,76,87
2030,437,Swisher County,6962,3746,3216,2961,1442,1519,662,446,216,3168,1778,1390,5,2,3,166,78,88
2031,437,Swisher County,6906,3720,3186,2915,1418,1497,668,450,218,3148,1771,1377,5,2,3,170,79,91
2032,437,Swisher County,6844,3687,3157,2869,1391,1478,675,455,220,3123,1759,1364,5,2,3,172,80,92
2033,437,Swisher County,6777,3652,3125,2822,1367,1455,676,454,222,3100,1749,1351,5,2,3,174,80,94
2034,437,Swisher County,6710,3617,3093,2777,1337,1440,681,457,224,3070,1739,1331,5,2,3,177,82,95
2035,437,Swisher County,6650,3589,3061,2740,1317,1423,682,457,225,3045,1730,1315,5,2,3,178,83,95
2036,437,Swisher County,6581,3549,3032,2696,1293,1403,687,460,227,3013,1710,1303,5,2,3,180,84,96
2037,437,Swisher County,6508,3510,2998,2652,1268,1384,690,461,229,2982,1698,1284,5,2,3,179,81,98
2038,437,Swisher County,6445,3476,2969,2615,1247,1368,692,462,230,2951,1682,1269,5,2,3,182,83,99
2039,437,Swisher County,6382,3446,2936,2569,1224,1345,693,462,231,2930,1674,1256,5,2,3,185,84,101
2040,437,Swisher County,6315,3418,2897,2531,1204,1327,696,464,232,2897,1662,1235,5,2,3,186,86,100
2041,437,Swisher County,6234,3378,2856,2482,1180,1302,693,460,233,2867,1650,1217,5,2,3,187,86,101
2042,437,Swisher County,6154,3336,2818,2433,1151,1282,693,459,234,2835,1636,1199,5,2,3,188,88,100
2043,437,Swisher County,6079,3289,2790,2394,1126,1268,693,458,235,2797,1615,1182,5,2,3,190,88,102
2044,437,Swisher County,6006,3257,2749,2356,1107,1249,694,459,235,2762,1602,1160,5,2,3,189,87,102
2045,437,Swisher County,5935,3215,2720,2319,1084,1235,688,455,233,2732,1587,1145,5,2,3,191,87,104
2046,437,Swisher County,5855,3171,2684,2280,1060,1220,682,452,230,2697,1569,1128,4,2,2,192,88,104
2047,437,Swisher County,5780,3133,2647,2239,1038,1201,682,452,230,2663,1555,1108,4,2,2,192,86,106
2048,437,Swisher County,5711,3093,2618,2198,1013,1185,680,451,229,2636,1540,1096,4,2,2,193,87,106
2049,437,Swisher County,5629,3047,2582,2155,985,1170,680,452,228,2597,1522,1075,4,2,2,193,86,107
2050,437,Swisher County,5555,3006,2549,2120,965,1155,677,451,226,2559,1501,1058,4,2,2,195,87,108
2010,439,Tarrant County,1809034,887235,921799,937135,456911,480224,262522,122902,139620,482977,245804,237173,83378,40586,42792,43022,21032,21990
2011,439,Tarrant County,1841832,902936,938896,942752,459564,483188,270820,126849,143971,496630,252296,244334,87042,42384,44658,44588,21843,22745
2012,439,Tarrant County,1874411,918518,955893,947988,462030,485958,279156,130831,148325,510325,258782,251543,90802,44222,46580,46140,22653,23487
2013,439,Tarrant County,1907199,934188,973011,953028,464398,488630,287631,134888,152743,524152,265313,258839,94681,46116,48565,47707,23473,24234
2014,439,Tarrant County,1940235,949941,990294,957843,466657,491186,296232,139002,157230,538095,271885,266210,98724,48074,50650,49341,24323,25018
2015,439,Tarrant County,1973461,965750,1007711,962388,468792,493596,304969,143171,161798,552184,278488,273696,102931,50110,52821,50989,25189,25800
2016,439,Tarrant County,2006807,981607,1025200,966556,470744,495812,313834,147414,166420,566423,285148,281275,107297,52222,55075,52697,26079,26618
2017,439,Tarrant County,2040442,997561,1042881,970496,472581,497915,322855,151733,171122,580810,291840,288970,111827,54412,57415,54454,26995,27459
2018,439,Tarrant County,2074442,1013693,1060749,974205,474294,499911,332037,156130,175907,595377,298609,296768,116545,56710,59835,56278,27950,28328
2019,439,Tarrant County,2108811,1029966,1078845,977691,475902,501789,341367,160592,180775,610153,305445,304708,121452,59098,62354,58148,28929,29219
2020,439,Tarrant County,2143603,1046451,1097152,980991,477431,503560,350847,165137,185710,625143,312363,312780,126549,61582,64967,60073,29938,30135
2021,439,Tarrant County,2178554,1062992,1115562,983999,478805,505194,360424,169737,190687,640284,319322,320962,131809,64152,67657,62038,30976,31062
2022,439,Tarrant County,2213954,1079707,1134247,986764,480063,506701,370160,174410,195750,655671,326376,329295,137282,66813,70469,64077,32045,32032
2023,439,Tarrant County,2249642,1096573,1153069,989274,481179,508095,380017,179159,200858,671269,333522,337747,142925,69572,73353,66157,33141,33016
2024,439,Tarrant County,2285713,1113571,1172142,991505,482148,509357,390011,183964,206047,687114,340770,346344,148799,72435,76364,68284,34254,34030
2025,439,Tarrant County,2322102,1130729,1191373,993456,482983,510473,400157,188853,211304,703158,348090,355068,154829,75383,79446,70502,35420,35082
2026,439,Tarrant County,2358766,1147990,1210776,995100,483662,511438,410410,193803,216607,719450,355517,363933,161031,78403,82628,72775,36605,36170
2027,439,Tarrant County,2395536,1165320,1230216,996383,484169,512214,420759,198809,221950,735910,363020,372890,167390,81513,85877,75094,37809,37285
2028,439,Tarrant County,2432449,1182730,1249719,997323,484521,512802,431210,203875,227335,752540,370596,381944,173886,84680,89206,77490,39058,38432
2029,439,Tarrant County,2469465,1200159,1269306,997881,484693,513188,441786,209001,232785,769311,378218,391093,180552,87926,92626,79935,40321,39614
2030,439,Tarrant County,2506454,1217540,1288914,998066,484687,513379,452438,214158,238280,786170,385866,400304,187379,91237,96142,82401,41592,40809
2031,439,Tarrant County,2543261,1234826,1308435,997898,484511,513387,463099,219337,243762,803033,393501,409532,194339,94603,99736,84892,42874,42018
2032,439,Tarrant County,2579797,1251957,1327840,997313,484132,513181,473742,224504,249238,819885,401121,418764,201438,98033,103405,87419,44167,43252
2033,439,Tarrant County,2616009,1268938,1347071,996380,483589,512791,484346,229672,254674,836652,408689,427963,208656,101516,107140,89975,45472,44503
2034,439,Tarrant County,2651861,1285693,1366168,995068,482864,512204,494921,234824,260097,853341,416198,437143,216002,105054,110948,92529,46753,45776
2035,439,Tarrant County,2687355,1302293,1385062,993387,481969,511418,505423,239967,265456,869917,423634,446283,223514,108678,114836,95114,48045,47069
2036,439,Tarrant County,2722444,1318668,1403776,991363,480934,510429,515872,245081,270791,886367,430998,455369,231156,112347,118809,97686,49308,48378
2037,439,Tarrant County,2757145,1334862,1422283,989013,479749,509264,526242,250183,276059,902695,438278,464417,238934,116092,122842,100261,50560,49701
2038,439,Tarrant County,2791482,1350847,1440635,986362,478450,507912,536535,255249,281286,918916,445486,473430,246853,119883,126970,102816,51779,51037
2039,439,Tarrant County,2825433,1366664,1458769,983413,477036,506377,546732,260284,286448,935009,452614,482395,254916,123753,131163,105363,52977,52386
2040,439,Tarrant County,2859016,1382269,1476747,980207,475520,504687,556841,265276,291565,950961,459659,491302,263115,127684,135431,107892,54130,53762
2041,439,Tarrant County,2892321,1397739,1494582,976767,473910,502857,566858,270249,296609,966774,466613,500161,271501,131691,139810,110421,55276,55145
2042,439,Tarrant County,2925352,1413044,1512308,973125,472228,500897,576762,275167,301595,982470,473489,508981,280067,135784,144283,112928,56376,56552
2043,439,Tarrant County,2958132,1428257,1529875,969286,470484,498802,586579,280064,306515,998028,480288,517740,288824,139976,148848,115415,57445,57970
2044,439,Tarrant County,2990707,1443367,1547340,965269,468674,496595,596290,284918,311372,1013437,486996,526441,297799,144269,153530,117912,58510,59402
2045,439,Tarrant County,3023145,1458421,1564724,961118,466826,494292,605881,289737,316144,1028731,493648,535083,307010,148669,158341,120405,59541,60864
2046,439,Tarrant County,3055545,1473461,1582084,956856,464938,491918,615393,294526,320867,1043880,500218,543662,316472,153189,163283,122944,60590,62354
2047,439,Tarrant County,3087858,1488504,1599354,952477,463008,489469,624797,299280,325517,1058893,506726,552167,326196,157847,168349,125495,61643,63852
2048,439,Tarrant County,3120160,1503532,1616628,948006,461041,486965,634112,304006,330106,1073772,513152,560620,336174,162620,173554,128096,62713,65383
2049,439,Tarrant County,3152495,1518579,1633916,943450,459049,484401,643356,308698,334658,1088516,519502,569014,346440,167533,178907,130733,63797,66936
2050,439,Tarrant County,3184835,1533660,1651175,938813,457028,481785,652493,313355,339138,1103109,525792,577317,356993,172586,184407,133427,64899,68528
2010,441,Taylor County,131506,64028,67478,88121,42479,45642,9122,4713,4409,29074,14409,14665,1978,788,1190,3211,1639,1572
2011,441,Taylor County,132333,64463,67870,88039,42475,45564,9209,4760,4449,29745,14738,15007,2068,821,1247,3272,1669,1603
2012,441,Taylor County,133187,64892,68295,87941,42451,45490,9304,4807,4497,30426,15067,15359,2168,857,1311,3348,1710,1638
2013,441,Taylor County,134003,65309,68694,87827,42426,45401,9362,4838,4524,31126,15400,15726,2269,899,1370,3419,1746,1673
2014,441,Taylor County,134796,65713,69083,87667,42376,45291,9436,4877,4559,31842,15746,16096,2369,937,1432,3482,1777,1705
2015,441,Taylor County,135585,66120,69465,87491,42321,45170,9511,4918,4593,32563,16093,16470,2467,976,1491,3553,1812,1741
2016,441,Taylor County,136335,66513,69822,87267,42241,45026,9579,4952,4627,33282,16446,16836,2576,1020,1556,3631,1854,1777
2017,441,Taylor County,137101,66911,70190,87067,42172,44895,9643,4987,4656,34015,16802,17213,2686,1067,1619,3690,1883,1807
2018,441,Taylor County,137913,67335,70578,86886,42109,44777,9713,5028,4685,34752,17162,17590,2799,1116,1683,3763,1920,1843
2019,441,Taylor County,138697,67734,70963,86678,42028,44650,9772,5057,4715,35495,17527,17968,2917,1166,1751,3835,1956,1879
2020,441,Taylor County,139453,68118,71335,86434,41928,44506,9834,5093,4741,36251,17897,18354,3030,1211,1819,3904,1989,1915
2021,441,Taylor County,140205,68500,71705,86174,41813,44361,9901,5134,4767,37021,18270,18751,3140,1258,1882,3969,2025,1944
2022,441,Taylor County,140951,68883,72068,85891,41693,44198,9964,5167,4797,37785,18646,19139,3266,1311,1955,4045,2066,1979
2023,441,Taylor County,141663,69257,72406,85562,41556,44006,10023,5199,4824,38573,19028,19545,3390,1368,2022,4115,2106,2009
2024,441,Taylor County,142350,69611,72739,85206,41398,43808,10091,5237,4854,39354,19409,19945,3514,1425,2089,4185,2142,2043
2025,441,Taylor County,142998,69952,73046,84814,41232,43582,10151,5270,4881,40146,19797,20349,3629,1475,2154,4258,2178,2080
2026,441,Taylor County,143643,70275,73368,84406,41051,43355,10207,5297,4910,40948,20184,20764,3751,1530,2221,4331,2213,2118
2027,441,Taylor County,144245,70578,73667,83969,40856,43113,10257,5322,4935,41729,20560,21169,3887,1591,2296,4403,2249,2154
2028,441,Taylor County,144873,70893,73980,83518,40654,42864,10313,5353,4960,42540,20953,21587,4029,1657,2372,4473,2276,2197
2029,441,Taylor County,145503,71214,74289,83092,40456,42636,10361,5380,4981,43333,21342,21991,4166,1722,2444,4551,2314,2237
2030,441,Taylor County,146118,71525,74593,82646,40251,42395,10411,5404,5007,44121,21731,22390,4311,1789,2522,4629,2350,2279
2031,441,Taylor County,146729,71833,74896,82195,40046,42149,10465,5434,5031,44912,22115,22797,4452,1851,2601,4705,2387,2318
2032,441,Taylor County,147329,72148,75181,81747,39841,41906,10503,5452,5051,45688,22501,23187,4611,1929,2682,4780,2425,2355
2033,441,Taylor County,147930,72457,75473,81298,39641,41657,10543,5474,5069,46467,22881,23586,4770,2006,2764,4852,2455,2397
2034,441,Taylor County,148481,72752,75729,80827,39431,41396,10568,5489,5079,47235,23259,23976,4930,2087,2843,4921,2486,2435
2035,441,Taylor County,149005,73027,75978,80330,39205,41125,10604,5507,5097,47986,23623,24363,5107,2182,2925,4978,2510,2468
2036,441,Taylor County,149464,73266,76198,79806,38966,40840,10617,5510,5107,48742,23999,24743,5265,2262,3003,5034,2529,2505
2037,441,Taylor County,149887,73496,76391,79266,38727,40539,10626,5519,5107,49484,24356,25128,5429,2349,3080,5082,2545,2537
2038,441,Taylor County,150306,73720,76586,78720,38482,40238,10636,5522,5114,50213,24707,25506,5598,2443,3155,5139,2566,2573
2039,441,Taylor County,150700,73934,76766,78166,38232,39934,10643,5527,5116,50934,25059,25875,5769,2536,3233,5188,2580,2608
2040,441,Taylor County,151057,74116,76941,77590,37966,39624,10632,5519,5113,51654,25405,26249,5942,2627,3315,5239,2599,2640
2041,441,Taylor County,151427,74312,77115,77007,37702,39305,10636,5519,5117,52385,25767,26618,6125,2723,3402,5274,2601,2673
2042,441,Taylor County,151765,74493,77272,76410,37427,38983,10626,5513,5113,53095,26116,26979,6322,2826,3496,5312,2611,2701
2043,441,Taylor County,152089,74665,77424,75801,37148,38653,10623,5507,5116,53790,26449,27341,6521,2941,3580,5354,2620,2734
2044,441,Taylor County,152383,74838,77545,75183,36870,38313,10602,5502,5100,54466,26780,27686,6739,3059,3680,5393,2627,2766
2045,441,Taylor County,152695,75012,77683,74562,36593,37969,10595,5492,5103,55159,27121,28038,6949,3175,3774,5430,2631,2799
2046,441,Taylor County,152932,75154,77778,73906,36291,37615,10555,5473,5082,55835,27448,28387,7168,3305,3863,5468,2637,2831
2047,441,Taylor County,153200,75319,77881,73254,35996,37258,10535,5466,5069,56502,27775,28727,7410,3442,3968,5499,2640,2859
2048,441,Taylor County,153482,75473,78009,72604,35700,36904,10524,5461,5063,57170,28096,29074,7645,3571,4074,5539,2645,2894
2049,441,Taylor County,153740,75632,78108,71947,35404,36543,10496,5447,5049,57831,28411,29420,7892,3714,4178,5574,2656,2918
2050,441,Taylor County,154007,75793,78214,71294,35112,36182,10472,5431,5041,58477,28721,29756,8147,3862,4285,5617,2667,2950
2010,443,Terrell County,984,509,475,495,257,238,6,5,1,467,238,229,4,4,0,12,5,7
2011,443,Terrell County,984,509,475,494,256,238,6,5,1,468,239,229,4,4,0,12,5,7
2012,443,Terrell County,990,512,478,493,256,237,6,5,1,475,242,233,4,4,0,12,5,7
2013,443,Terrell County,1000,517,483,496,258,238,6,5,1,482,245,237,4,4,0,12,5,7
2014,443,Terrell County,1009,521,488,499,260,239,6,5,1,488,247,241,4,4,0,12,5,7
2015,443,Terrell County,1022,526,496,502,261,241,6,5,1,498,251,247,4,4,0,12,5,7
2016,443,Terrell County,1031,528,503,505,261,244,6,5,1,504,253,251,4,4,0,12,5,7
2017,443,Terrell County,1040,530,510,507,261,246,6,5,1,511,255,256,4,4,0,12,5,7
2018,443,Terrell County,1044,532,512,505,260,245,6,5,1,517,258,259,4,4,0,12,5,7
2019,443,Terrell County,1048,533,515,504,259,245,6,5,1,522,260,262,4,4,0,12,5,7
2020,443,Terrell County,1054,536,518,506,260,246,6,5,1,526,262,264,4,4,0,12,5,7
2021,443,Terrell County,1057,538,519,507,260,247,6,5,1,528,264,264,4,4,0,12,5,7
2022,443,Terrell County,1058,538,520,507,259,248,6,5,1,530,265,265,4,4,0,11,5,6
2023,443,Terrell County,1057,538,519,505,258,247,6,5,1,531,266,265,4,4,0,11,5,6
2024,443,Terrell County,1057,538,519,503,258,245,6,5,1,534,267,267,4,4,0,10,4,6
2025,443,Terrell County,1059,538,521,501,257,244,6,5,1,538,268,270,4,4,0,10,4,6
2026,443,Terrell County,1061,536,525,502,256,246,6,5,1,539,267,272,4,4,0,10,4,6
2027,443,Terrell County,1064,538,526,499,254,245,6,5,1,545,271,274,4,4,0,10,4,6
2028,443,Terrell County,1066,540,526,497,254,243,6,5,1,549,273,276,4,4,0,10,4,6
2029,443,Terrell County,1065,543,522,494,254,240,6,5,1,551,276,275,4,4,0,10,4,6
2030,443,Terrell County,1067,545,522,493,253,240,6,5,1,554,279,275,4,4,0,10,4,6
2031,443,Terrell County,1065,547,518,491,254,237,6,5,1,554,280,274,4,4,0,10,4,6
2032,443,Terrell County,1066,551,515,491,255,236,6,5,1,555,283,272,4,4,0,10,4,6
2033,443,Terrell County,1061,552,509,486,254,232,6,5,1,555,285,270,4,4,0,10,4,6
2034,443,Terrell County,1061,553,508,485,254,231,6,5,1,556,286,270,4,4,0,10,4,6
2035,443,Terrell County,1060,552,508,481,252,229,6,5,1,559,287,272,4,4,0,10,4,6
2036,443,Terrell County,1061,552,509,479,252,227,6,5,1,562,287,275,4,4,0,10,4,6
2037,443,Terrell County,1060,551,509,475,250,225,6,5,1,565,288,277,4,4,0,10,4,6
2038,443,Terrell County,1061,553,508,472,250,222,6,5,1,569,290,279,4,4,0,10,4,6
2039,443,Terrell County,1061,555,506,470,250,220,6,5,1,571,292,279,4,4,0,10,4,6
2040,443,Terrell County,1061,556,505,468,249,219,6,5,1,573,294,279,4,4,0,10,4,6
2041,443,Terrell County,1058,555,503,467,249,218,6,5,1,571,293,278,4,4,0,10,4,6
2042,443,Terrell County,1056,555,501,463,247,216,6,5,1,574,295,279,4,4,0,9,4,5
2043,443,Terrell County,1056,555,501,460,245,215,6,5,1,577,297,280,4,4,0,9,4,5
2044,443,Terrell County,1056,554,502,457,243,214,6,5,1,580,298,282,4,4,0,9,4,5
2045,443,Terrell County,1055,554,501,454,242,212,6,5,1,582,299,283,4,4,0,9,4,5
2046,443,Terrell County,1056,554,502,452,241,211,6,5,1,586,300,286,4,4,0,8,4,4
2047,443,Terrell County,1055,551,504,449,238,211,5,4,1,589,301,288,4,4,0,8,4,4
2048,443,Terrell County,1054,551,503,447,237,210,5,4,1,590,302,288,4,4,0,8,4,4
2049,443,Terrell County,1046,545,501,446,235,211,5,4,1,583,298,285,4,4,0,8,4,4
2050,443,Terrell County,1017,525,492,443,233,210,5,4,1,557,280,277,4,4,0,8,4,4
2010,445,Terry County,12651,6717,5934,5747,2949,2798,565,376,189,6211,3323,2888,23,10,13,105,59,46
2011,445,Terry County,12669,6740,5929,5641,2914,2727,570,379,191,6325,3376,2949,24,10,14,109,61,48
2012,445,Terry County,12716,6777,5939,5551,2888,2663,579,385,194,6448,3430,3018,25,11,14,113,63,50
2013,445,Terry County,12754,6807,5947,5462,2861,2601,587,390,197,6562,3480,3082,26,11,15,117,65,52
2014,445,Terry County,12790,6838,5952,5372,2834,2538,595,396,199,6675,3529,3146,27,12,15,121,67,54
2015,445,Terry County,12834,6870,5964,5287,2808,2479,601,399,202,6793,3582,3211,28,12,16,125,69,56
2016,445,Terry County,12877,6900,5977,5208,2784,2424,611,404,207,6900,3628,3272,29,13,16,129,71,58
2017,445,Terry County,12915,6927,5988,5129,2758,2371,617,407,210,7006,3676,3330,30,13,17,133,73,60
2018,445,Terry County,12961,6962,5999,5054,2736,2318,625,413,212,7114,3724,3390,31,14,17,137,75,62
2019,445,Terry County,13001,6990,6011,4986,2713,2273,631,417,214,7211,3769,3442,32,14,18,141,77,64
2020,445,Terry County,13040,7015,6025,4911,2686,2225,638,421,217,7313,3814,3499,33,15,18,145,79,66
2021,445,Terry County,13096,7041,6055,4848,2658,2190,647,427,220,7418,3860,3558,34,15,19,149,81,68
2022,445,Terry County,13161,7076,6085,4792,2636,2156,655,432,223,7526,3909,3617,35,16,19,153,83,70
2023,445,Terry County,13220,7102,6118,4737,2612,2125,659,435,224,7631,3954,3677,36,16,20,157,85,72
2024,445,Terry County,13280,7130,6150,4682,2589,2093,667,440,227,7735,3998,3737,36,16,20,160,87,73
2025,445,Terry County,13342,7159,6183,4637,2569,2068,672,442,230,7833,4043,3790,36,16,20,164,89,75
2026,445,Terry County,13411,7188,6223,4592,2549,2043,677,446,231,7939,4087,3852,36,16,20,167,90,77
2027,445,Terry County,13479,7217,6262,4551,2530,2021,680,447,233,8041,4132,3909,36,16,20,171,92,79
2028,445,Terry County,13549,7243,6306,4512,2511,2001,685,449,236,8142,4174,3968,36,16,20,174,93,81
2029,445,Terry County,13611,7268,6343,4476,2494,1982,689,451,238,8232,4212,4020,36,16,20,178,95,83
2030,445,Terry County,13691,7299,6392,4443,2479,1964,692,452,240,8338,4255,4083,36,16,20,182,97,85
2031,445,Terry County,13783,7339,6444,4412,2466,1946,698,456,242,8451,4302,4149,36,16,20,186,99,87
2032,445,Terry County,13861,7369,6492,4376,2450,1926,703,459,244,8556,4343,4213,36,16,20,190,101,89
2033,445,Terry County,13947,7399,6548,4345,2432,1913,705,460,245,8667,4388,4279,36,16,20,194,103,91
2034,445,Terry County,14050,7445,6605,4323,2423,1900,710,463,247,8783,4438,4345,36,16,20,198,105,93
2035,445,Terry County,14113,7462,6651,4291,2407,1884,709,463,246,8879,4473,4406,36,16,20,198,103,95
2036,445,Terry County,14191,7495,6696,4265,2396,1869,713,464,249,8976,4514,4462,36,16,20,201,105,96
2037,445,Terry County,14263,7525,6738,4236,2385,1851,715,464,251,9068,4551,4517,37,16,21,207,109,98
2038,445,Terry County,14331,7541,6790,4217,2374,1843,713,462,251,9154,4579,4575,38,17,21,209,109,100
2039,445,Terry County,14410,7565,6845,4200,2363,1837,716,463,253,9241,4609,4632,39,17,22,214,113,101
2040,445,Terry County,14471,7591,6880,4177,2356,1821,714,461,253,9324,4643,4681,40,18,22,216,113,103
2041,445,Terry County,14532,7599,6933,4155,2342,1813,712,459,253,9405,4665,4740,41,18,23,219,115,104
2042,445,Terry County,14595,7627,6968,4133,2334,1799,712,457,255,9485,4700,4785,42,19,23,223,117,106
2043,445,Terry County,14673,7655,7018,4129,2335,1794,711,456,255,9568,4730,4838,43,19,24,222,115,107
2044,445,Terry County,14757,7690,7067,4114,2330,1784,712,457,255,9659,4763,4896,44,20,24,228,120,108
2045,445,Terry County,14825,7718,7107,4094,2322,1772,713,456,257,9745,4802,4943,45,20,25,228,118,110
2046,445,Terry County,14906,7747,7159,4081,2315,1766,713,457,256,9832,4832,5000,46,21,25,234,122,112
2047,445,Terry County,14978,7781,7197,4071,2311,1760,708,453,255,9918,4875,5043,46,21,25,235,121,114
2048,445,Terry County,15065,7821,7244,4070,2311,1759,709,453,256,9996,4908,5088,47,22,25,243,127,116
2049,445,Terry County,15129,7847,7282,4058,2306,1752,703,449,254,10079,4948,5131,48,22,26,241,122,119
2050,445,Terry County,15209,7876,7333,4047,2296,1751,705,450,255,10157,4977,5180,49,23,26,251,130,121
2010,447,Throckmorton County,1641,807,834,1453,729,724,9,3,6,152,66,86,7,2,5,20,7,13
2011,447,Throckmorton County,1617,796,821,1424,716,708,9,3,6,156,68,88,7,2,5,21,7,14
2012,447,Throckmorton County,1598,787,811,1400,704,696,9,3,6,160,70,90,7,2,5,22,8,14
2013,447,Throckmorton County,1582,780,802,1379,695,684,9,3,6,164,72,92,7,2,5,23,8,15
2014,447,Throckmorton County,1571,775,796,1363,687,676,9,3,6,168,74,94,7,2,5,24,9,15
2015,447,Throckmorton County,1556,766,790,1343,676,667,9,3,6,172,76,96,7,2,5,25,9,16
2016,447,Throckmorton County,1551,763,788,1333,670,663,9,3,6,176,78,98,7,2,5,26,10,16
2017,447,Throckmorton County,1548,762,786,1325,667,658,9,3,6,180,80,100,7,2,5,27,10,17
2018,447,Throckmorton County,1537,758,779,1309,660,649,9,3,6,184,82,102,7,2,5,28,11,17
2019,447,Throckmorton County,1528,756,772,1295,656,639,9,3,6,188,84,104,7,2,5,29,11,18
2020,447,Throckmorton County,1519,752,767,1281,649,632,9,3,6,193,87,106,7,2,5,29,11,18
2021,447,Throckmorton County,1513,751,762,1269,645,624,9,3,6,198,90,108,7,2,5,30,11,19
2022,447,Throckmorton County,1506,750,756,1256,640,616,9,3,6,203,93,110,7,2,5,31,12,19
2023,447,Throckmorton County,1500,747,753,1244,634,610,9,3,6,208,96,112,7,2,5,32,12,20
2024,447,Throckmorton County,1493,747,746,1231,630,601,9,3,6,213,99,114,7,2,5,33,13,20
2025,447,Throckmorton County,1479,740,739,1212,621,591,9,3,6,218,102,116,7,2,5,33,12,21
2026,447,Throckmorton County,1466,734,732,1193,611,582,9,3,6,223,105,118,7,2,5,34,13,21
2027,447,Throckmorton County,1456,729,727,1178,603,575,9,3,6,228,108,120,7,2,5,34,13,21
2028,447,Throckmorton County,1447,729,718,1164,599,565,9,3,6,233,111,122,7,2,5,34,14,20
2029,447,Throckmorton County,1434,724,710,1146,591,555,9,3,6,237,114,123,7,2,5,35,14,21
2030,447,Throckmorton County,1425,724,701,1131,586,545,10,4,6,242,117,125,7,2,5,35,15,20
2031,447,Throckmorton County,1419,722,697,1117,581,536,11,4,7,247,120,127,7,2,5,37,15,22
2032,447,Throckmorton County,1407,717,690,1100,573,527,11,4,7,252,123,129,7,2,5,37,15,22
2033,447,Throckmorton County,1393,710,683,1080,563,517,11,4,7,257,126,131,7,2,5,38,15,23
2034,447,Throckmorton County,1375,704,671,1058,554,504,11,4,7,260,128,132,7,2,5,39,16,23
2035,447,Throckmorton County,1360,700,660,1040,547,493,11,4,7,264,131,133,7,2,5,38,16,22
2036,447,Throckmorton County,1344,694,650,1019,537,482,11,4,7,267,133,134,7,2,5,40,18,22
2037,447,Throckmorton County,1327,686,641,998,527,471,11,4,7,271,136,135,7,2,5,40,17,23
2038,447,Throckmorton County,1308,679,629,974,516,458,11,4,7,275,139,136,7,2,5,41,18,23
2039,447,Throckmorton County,1297,673,624,958,508,450,11,4,7,279,141,138,7,2,5,42,18,24
2040,447,Throckmorton County,1282,667,615,939,499,440,11,4,7,282,143,139,7,2,5,43,19,24
2041,447,Throckmorton County,1271,662,609,923,491,432,11,4,7,286,146,140,7,2,5,44,19,25
2042,447,Throckmorton County,1258,656,602,906,481,425,11,4,7,290,149,141,7,2,5,44,20,24
2043,447,Throckmorton County,1246,649,597,891,473,418,11,4,7,293,151,142,7,2,5,44,19,25
2044,447,Throckmorton County,1234,643,591,873,463,410,11,4,7,298,154,144,7,2,5,45,20,25
2045,447,Throckmorton County,1223,638,585,858,456,402,11,4,7,302,157,145,7,2,5,45,19,26
2046,447,Throckmorton County,1213,636,577,842,450,392,11,4,7,307,160,147,7,2,5,46,20,26
2047,447,Throckmorton County,1201,629,572,827,442,385,11,4,7,310,162,148,7,2,5,46,19,27
2048,447,Throckmorton County,1191,623,568,813,433,380,11,4,7,313,164,149,7,2,5,47,20,27
2049,447,Throckmorton County,1183,615,568,802,424,378,11,4,7,316,166,150,7,2,5,47,19,28
2050,447,Throckmorton County,1174,611,563,789,417,372,11,4,7,321,169,152,6,2,4,47,19,28
2010,449,Titus County,32334,15976,16358,15904,7666,8238,3000,1411,1589,12799,6606,6193,229,105,124,402,188,214
2011,449,Titus County,32410,16008,16402,15778,7610,8168,3026,1423,1603,12960,6674,6286,232,106,126,414,195,219
2012,449,Titus County,32491,16040,16451,15648,7546,8102,3061,1442,1619,13121,6743,6378,235,108,127,426,201,225
2013,449,Titus County,32570,16070,16500,15514,7482,8032,3104,1463,1641,13277,6808,6469,238,109,129,437,208,229
2014,449,Titus County,32663,16108,16555,15383,7419,7964,3148,1489,1659,13439,6874,6565,241,111,130,452,215,237
2015,449,Titus County,32731,16135,16596,15236,7348,7888,3193,1514,1679,13594,6940,6654,244,112,132,464,221,243
2016,449,Titus County,32805,16164,16641,15095,7283,7812,3235,1533,1702,13750,7005,6745,247,114,133,478,229,249
2017,449,Titus County,32855,16174,16681,14942,7207,7735,3262,1546,1716,13905,7069,6836,252,116,136,494,236,258
2018,449,Titus County,32896,16180,16716,14786,7130,7656,3292,1558,1734,14055,7131,6924,254,117,137,509,244,265
2019,449,Titus County,32934,16186,16748,14636,7057,7579,3326,1576,1750,14193,7185,7008,256,118,138,523,250,273
2020,449,Titus County,32952,16176,16776,14476,6976,7500,3357,1588,1769,14325,7237,7088,260,120,140,534,255,279
2021,449,Titus County,32989,16183,16806,14333,6908,7425,3384,1601,1783,14463,7292,7171,262,121,141,547,261,286
2022,449,Titus County,33004,16182,16822,14179,6835,7344,3405,1610,1795,14595,7347,7248,266,123,143,559,267,292
2023,449,Titus County,33009,16168,16841,14021,6757,7264,3433,1620,1813,14716,7394,7322,267,123,144,572,274,298
2024,449,Titus County,33009,16161,16848,13854,6686,7168,3455,1626,1829,14843,7442,7401,270,125,145,587,282,305
2025,449,Titus County,33015,16151,16864,13686,6608,7078,3476,1638,1838,14979,7490,7489,273,126,147,601,289,312
2026,449,Titus County,33008,16139,16869,13517,6532,6985,3494,1648,1846,15109,7535,7574,275,128,147,613,296,317
2027,449,Titus County,32987,16123,16864,13339,6451,6888,3507,1657,1850,15238,7582,7656,278,130,148,625,303,322
2028,449,Titus County,32944,16096,16848,13156,6366,6790,3514,1665,1849,15353,7622,7731,284,133,151,637,310,327
2029,449,Titus County,32907,16059,16848,12967,6274,6693,3525,1672,1853,15481,7663,7818,286,135,151,648,315,333
2030,449,Titus County,32866,16023,16843,12786,6188,6598,3530,1674,1856,15602,7705,7897,290,137,153,658,319,339
2031,449,Titus County,32785,15968,16817,12579,6089,6490,3528,1677,1851,15716,7739,7977,293,139,154,669,324,345
2032,449,Titus County,32705,15918,16787,12375,5995,6380,3526,1682,1844,15825,7771,8054,297,141,156,682,329,353
2033,449,Titus County,32624,15855,16769,12177,5896,6281,3528,1684,1844,15931,7802,8129,300,142,158,688,331,357
2034,449,Titus County,32538,15808,16730,11968,5803,6165,3533,1687,1846,16034,7838,8196,306,145,161,697,335,362
2035,449,Titus County,32408,15729,16679,11740,5696,6044,3530,1686,1844,16124,7863,8261,306,143,163,708,341,367
2036,449,Titus County,32294,15664,16630,11532,5601,5931,3524,1684,1840,16209,7887,8322,309,146,163,720,346,374
2037,449,Titus County,32180,15585,16595,11316,5499,5817,3524,1682,1842,16299,7908,8391,311,146,165,730,350,380
2038,449,Titus County,32059,15516,16543,11105,5402,5703,3534,1693,1841,16369,7922,8447,311,147,164,740,352,388
2039,449,Titus County,31910,15420,16490,10884,5296,5588,3541,1700,1841,16423,7922,8501,311,147,164,751,355,396
2040,449,Titus County,31787,15349,16438,10677,5204,5473,3547,1701,1846,16495,7940,8555,308,146,162,760,358,402
2041,449,Titus County,31644,15260,16384,10477,5108,5369,3547,1703,1844,16545,7940,8605,310,148,162,765,361,404
2042,449,Titus County,31481,15166,16315,10258,5003,5255,3547,1703,1844,16593,7946,8647,309,149,160,774,365,409
2043,449,Titus County,31335,15066,16269,10069,4915,5154,3540,1699,1841,16643,7941,8702,309,148,161,774,363,411
2044,449,Titus County,31176,14973,16203,9872,4826,5046,3536,1697,1839,16676,7935,8741,307,148,159,785,367,418
2045,449,Titus County,31024,14877,16147,9682,4744,4938,3534,1696,1838,16717,7929,8788,308,147,161,783,361,422
2046,449,Titus County,30877,14790,16087,9491,4656,4835,3537,1696,1841,16744,7920,8824,310,150,160,795,368,427
2047,449,Titus County,30727,14695,16032,9308,4573,4735,3534,1693,1841,16779,7912,8867,310,149,161,796,368,428
2048,449,Titus County,30568,14611,15957,9129,4493,4636,3526,1693,1833,16804,7906,8898,309,149,160,800,370,430
2049,449,Titus County,30413,14516,15897,8963,4418,4545,3521,1692,1829,16817,7884,8933,308,147,161,804,375,429
2050,449,Titus County,30238,14422,15816,8776,4337,4439,3513,1692,1821,16836,7869,8967,308,147,161,805,377,428
2010,451,Tom Green County,110224,53976,56248,63799,31113,32686,3997,2127,1870,39315,19273,20042,1046,466,580,2067,997,1070
2011,451,Tom Green County,111254,54662,56592,63531,31082,32449,4081,2194,1887,40453,19871,20582,1071,484,587,2118,1031,1087
2012,451,Tom Green County,112365,55396,56969,63294,31065,32229,4171,2264,1907,41636,20500,21136,1100,503,597,2164,1064,1100
2013,451,Tom Green County,113592,56199,57393,63112,31086,32026,4262,2336,1926,42871,21154,21717,1129,523,606,2218,1100,1118
2014,451,Tom Green County,114841,57004,57837,62901,31089,31812,4350,2403,1947,44162,21836,22326,1158,542,616,2270,1134,1136
2015,451,Tom Green County,116140,57847,58293,62704,31102,31602,4435,2467,1968,45496,22547,22949,1182,561,621,2323,1170,1153
2016,451,Tom Green County,117499,58712,58787,62507,31101,31406,4522,2542,1980,46889,23290,23599,1205,575,630,2376,1204,1172
2017,451,Tom Green County,118924,59609,59315,62317,31101,31216,4612,2611,2001,48329,24059,24270,1230,595,635,2436,1243,1193
2018,451,Tom Green County,120366,60518,59848,62118,31092,31026,4696,2682,2014,49800,24847,24953,1256,614,642,2496,1283,1213
2019,451,Tom Green County,121812,61430,60382,61889,31070,30819,4778,2749,2029,51312,25661,25651,1280,630,650,2553,1320,1233
2020,451,Tom Green County,123273,62360,60913,61647,31043,30604,4850,2807,2043,52861,26504,26357,1301,647,654,2614,1359,1255
2021,451,Tom Green County,124763,63316,61447,61374,31003,30371,4929,2872,2057,54459,27375,27084,1328,669,659,2673,1397,1276
2022,451,Tom Green County,126242,64257,61985,61087,30952,30135,5004,2931,2073,56072,28250,27822,1350,687,663,2729,1437,1292
2023,451,Tom Green County,127700,65197,62503,60744,30868,29876,5078,2994,2084,57731,29158,28573,1367,701,666,2780,1476,1304
2024,451,Tom Green County,129185,66148,63037,60370,30769,29601,5159,3058,2101,59431,30086,29345,1385,717,668,2840,1518,1322
2025,451,Tom Green County,130650,67093,63557,59966,30650,29316,5233,3123,2110,61151,31029,30122,1405,735,670,2895,1556,1339
2026,451,Tom Green County,132145,68049,64096,59547,30525,29022,5300,3183,2117,62918,31991,30927,1428,755,673,2952,1595,1357
2027,451,Tom Green County,133617,68995,64622,59116,30393,28723,5361,3233,2128,64686,32961,31725,1443,770,673,3011,1638,1373
2028,451,Tom Green County,135120,69961,65159,58662,30248,28414,5429,3294,2135,66499,33955,32544,1465,790,675,3065,1674,1391
2029,451,Tom Green County,136652,70935,65717,58240,30114,28126,5485,3343,2142,68326,34961,33365,1483,809,674,3118,1708,1410
2030,451,Tom Green County,138208,71926,66282,57824,29985,27839,5546,3398,2148,70162,35971,34191,1507,830,677,3169,1742,1427
2031,451,Tom Green County,139775,72940,66835,57389,29846,27543,5610,3457,2153,72025,37003,35022,1527,852,675,3224,1782,1442
2032,451,Tom Green County,141335,73944,67391,56936,29694,27242,5675,3518,2157,73903,38044,35859,1545,873,672,3276,1815,1461
2033,451,Tom Green County,142900,74944,67956,56486,29538,26948,5729,3572,2157,75793,39092,36701,1570,895,675,3322,1847,1475
2034,451,Tom Green County,144447,75938,68509,56004,29376,26628,5790,3629,2161,77693,40142,37551,1590,916,674,3370,1875,1495
2035,451,Tom Green County,145986,76933,69053,55517,29211,26306,5846,3682,2164,79600,41199,38401,1610,937,673,3413,1904,1509
2036,451,Tom Green County,147535,77936,69599,55016,29034,25982,5905,3742,2163,81535,42275,39260,1627,956,671,3452,1929,1523
2037,451,Tom Green County,149088,78938,70150,54511,28853,25658,5953,3789,2164,83496,43365,40131,1638,974,664,3490,1957,1533
2038,451,Tom Green County,150662,79957,70705,53994,28669,25325,6014,3847,2167,85458,44457,41001,1663,999,664,3533,1985,1548
2039,451,Tom Green County,152211,80950,71261,53470,28471,24999,6069,3900,2169,87443,45563,41880,1670,1015,655,3559,2001,1558
2040,451,Tom Green County,153808,81978,71830,52945,28280,24665,6128,3958,2170,89442,46675,42767,1696,1043,653,3597,2022,1575
2041,451,Tom Green County,155381,82992,72389,52408,28075,24333,6175,4008,2167,91456,47802,43654,1717,1069,648,3625,2038,1587
2042,451,Tom Green County,156987,84029,72958,51874,27881,23993,6226,4059,2167,93491,48938,44553,1739,1095,644,3657,2056,1601
2043,451,Tom Green County,158584,85074,73510,51322,27676,23646,6272,4112,2160,95558,50100,45458,1751,1117,634,3681,2069,1612
2044,451,Tom Green County,160202,86107,74095,50775,27465,23310,6319,4161,2158,97636,51262,46374,1767,1138,629,3705,2081,1624
2045,451,Tom Green County,161863,87173,74690,50236,27264,22972,6373,4217,2156,99736,52434,47302,1784,1162,622,3734,2096,1638
2046,451,Tom Green County,163504,88220,75284,49671,27038,22633,6423,4270,2153,101849,53620,48229,1803,1186,617,3758,2106,1652
2047,451,Tom Green County,165191,89289,75902,49122,26825,22297,6479,4327,2152,103995,54817,49178,1819,1208,611,3776,2112,1664
2048,451,Tom Green County,166857,90354,76503,48570,26608,21962,6514,4371,2143,106148,56025,50123,1832,1227,605,3793,2123,1670
2049,451,Tom Green County,168583,91449,77134,48025,26390,21635,6560,4426,2134,108329,57248,51081,1853,1251,602,3816,2134,1682
2050,451,Tom Green County,170294,92528,77766,47471,26162,21309,6612,4486,2126,110515,58470,52045,1871,1273,598,3825,2137,1688
2010,453,Travis County,1024266,516637,507629,517644,260547,257097,82805,39971,42834,342766,176051,166715,58404,28876,29528,22647,11192,11455
2011,453,Travis County,1050347,529462,520885,528018,265617,262401,85045,41164,43881,352906,181009,171897,60728,29995,30733,23650,11677,11973
2012,453,Travis County,1076887,542613,534274,538435,270786,267649,87317,42374,44943,363257,186063,177194,63195,31209,31986,24683,12181,12502
2013,453,Travis County,1103568,555871,547697,548736,275928,272808,89627,43608,46019,373702,191153,182549,65743,32481,33262,25760,12701,13059
2014,453,Travis County,1130422,569223,561199,558934,281031,277903,91956,44854,47102,384232,196265,187967,68421,33821,34600,26879,13252,13627
2015,453,Travis County,1157414,582610,574804,569051,286060,282991,94302,46107,48195,394810,201380,193430,71247,35254,35993,28004,13809,14195
2016,453,Travis County,1184669,596048,588621,579069,290991,288078,96679,47370,49309,405538,206544,198994,74207,36757,37450,29176,14386,14790
2017,453,Travis County,1211744,609370,602374,588785,295749,293036,99074,48635,50439,416318,211719,204599,77193,38286,38907,30374,14981,15393
2018,453,Travis County,1238532,622525,616007,598148,300315,297833,101482,49922,51560,427153,216900,210253,80146,39803,40343,31603,15585,16018
2019,453,Travis County,1265110,635527,629583,607235,304719,302516,103916,51221,52695,438072,222099,215973,83054,41303,41751,32833,16185,16648
2020,453,Travis County,1291415,648371,643044,616018,308957,307061,106355,52530,53825,449060,227319,221741,85897,42772,43125,34085,16793,17292
2021,453,Travis County,1317200,660881,656319,624375,312956,311419,108786,53837,54949,460074,232529,227545,88612,44148,44464,35353,17411,17942
2022,453,Travis County,1342675,673198,669477,632410,316777,315633,111218,55152,56066,471156,237774,233382,91257,45467,45790,36634,18028,18606
2023,453,Travis County,1367991,685417,682574,640217,320477,319740,113633,56464,57169,482360,243049,239311,93858,46762,47096,37923,18665,19258
2024,453,Travis County,1393144,697495,695649,647797,324065,323732,116036,57768,58268,493674,248359,245315,96415,48013,48402,39222,19290,19932
2025,453,Travis County,1418130,709474,708656,655161,327528,327633,118428,59077,59351,505073,253697,251376,98934,49243,49691,40534,19929,20605
2026,453,Travis County,1442965,721316,721649,662310,330854,331456,120789,60367,60422,516580,259081,257499,101434,50453,50981,41852,20561,21291
2027,453,Travis County,1467564,733008,734556,669190,334032,335158,123142,61654,61488,528165,264489,263676,103882,51623,52259,43185,21210,21975
2028,453,Travis County,1491988,744556,747432,675883,337108,338775,125450,62927,62523,539837,269913,269924,106302,52764,53538,44516,21844,22672
2029,453,Travis County,1516229,755995,760234,682336,340058,342278,127740,64195,63545,551555,275343,276212,108728,53910,54818,45870,22489,23381
2030,453,Travis County,1540376,767359,773017,688629,342922,345707,129991,65440,64551,563309,280784,282525,111200,55070,56130,47247,23143,24104
2031,453,Travis County,1564392,778655,785737,694783,345721,349062,132200,66671,65529,575060,286207,288853,113694,56250,57444,48655,23806,24849
2032,453,Travis County,1588271,789852,798419,700788,348433,352355,134374,67887,66487,586817,291622,295195,116212,57441,58771,50080,24469,25611
2033,453,Travis County,1611991,800928,811063,706684,351079,355605,136521,69094,67427,598533,296990,301543,118734,58643,60091,51519,25122,26397
2034,453,Travis County,1635502,811918,823584,712445,353668,358777,138640,70297,68343,610189,302324,307865,121247,59832,61415,52981,25797,27184
2035,453,Travis County,1658849,822776,836073,718119,356199,361920,140709,71476,69233,621780,307604,314176,123777,61040,62737,54464,26457,28007
2036,453,Travis County,1682061,833538,848523,723755,358700,365055,142738,72637,70101,633274,312823,320451,126351,62271,64080,55943,27107,28836
2037,453,Travis County,1705146,844221,860925,729320,361167,368153,144733,73780,70953,644709,318002,326707,128947,63511,65436,57437,27761,29676
2038,453,Travis County,1728041,854792,873249,734803,363610,371193,146680,74904,71776,656046,323113,332933,131580,64774,66806,58932,28391,30541
2039,453,Travis County,1750738,865283,885455,740195,366018,374177,148588,76014,72574,667287,328171,339116,134220,66053,68167,60448,29027,31421
2040,453,Travis County,1773152,875599,897553,745486,368374,377112,150447,77099,73348,678419,333165,345254,136867,67335,69532,61933,29626,32307
2041,453,Travis County,1795307,885801,909506,750682,370700,379982,152258,78170,74088,689409,338081,351328,139531,68635,70896,63427,30215,33212
2042,453,Travis County,1817135,895793,921342,755707,372944,382763,154026,79209,74817,700296,342934,357362,142181,69916,72265,64925,30790,34135
2043,453,Travis County,1838599,905621,932978,760563,375123,385440,155745,80236,75509,711047,347709,363338,144826,71212,73614,66418,31341,35077
2044,453,Travis County,1859573,915196,944377,765200,377204,387996,157394,81225,76169,721639,352412,369227,147435,72483,74952,67905,31872,36033
2045,453,Travis County,1880085,924540,955545,769608,379178,390430,158994,82193,76801,732079,357031,375048,150026,73755,76271,69378,32383,36995
2046,453,Travis County,1900131,933647,966484,773797,381062,392735,160538,83139,77399,742354,361556,380798,152588,75012,77576,70854,32878,37976
2047,453,Travis County,1919582,942442,977140,777688,382797,394891,162022,84046,77976,752467,365994,386473,155096,76248,78848,72309,33357,38952
2048,453,Travis County,1938400,950912,987488,781267,384391,396876,163437,84929,78508,762393,370335,392058,157540,77438,80102,73763,33819,39944
2049,453,Travis County,1956570,959057,997513,784556,385845,398711,164792,85779,79013,772121,374573,397548,159903,78598,81305,75198,34262,40936
2050,453,Travis County,1974018,966800,1007218,787545,387149,400396,166051,86579,79472,781657,378705,402952,162148,79676,82472,76617,34691,41926
2010,455,Trinity County,14585,7100,7485,11819,5747,6072,1377,628,749,1117,613,504,36,13,23,236,99,137
2011,455,Trinity County,14546,7084,7462,11752,5717,6035,1370,625,745,1146,627,519,37,13,24,241,102,139
2012,455,Trinity County,14513,7072,7441,11685,5687,5998,1369,625,744,1175,641,534,38,14,24,246,105,141
2013,455,Trinity County,14482,7053,7429,11610,5647,5963,1376,627,749,1207,658,549,38,13,25,251,108,143
2014,455,Trinity County,14459,7045,7414,11543,5617,5926,1384,631,753,1236,672,564,40,14,26,256,111,145
2015,455,Trinity County,14429,7027,7402,11465,5576,5889,1389,634,755,1270,689,581,42,14,28,263,114,149
2016,455,Trinity County,14404,7027,7377,11396,5551,5845,1392,637,755,1305,708,597,43,15,28,268,116,152
2017,455,Trinity County,14371,7008,7363,11320,5515,5805,1392,635,757,1341,725,616,45,15,30,273,118,155
2018,455,Trinity County,14321,6986,7335,11237,5474,5763,1383,632,751,1376,743,633,48,16,32,277,121,156
2019,455,Trinity County,14285,6968,7317,11157,5434,5723,1384,633,751,1411,760,651,49,16,33,284,125,159
2020,455,Trinity County,14233,6949,7284,11060,5393,5667,1381,630,751,1451,780,671,50,17,33,291,129,162
2021,455,Trinity County,14183,6920,7263,10970,5345,5625,1378,629,749,1487,796,691,51,17,34,297,133,164
2022,455,Trinity County,14122,6895,7227,10877,5303,5574,1369,624,745,1519,813,706,53,18,35,304,137,167
2023,455,Trinity County,14063,6865,7198,10780,5258,5522,1362,619,743,1555,829,726,55,18,37,311,141,170
2024,455,Trinity County,13998,6843,7155,10681,5218,5463,1351,613,738,1591,847,744,57,19,38,318,146,172
2025,455,Trinity County,13924,6808,7116,10576,5171,5405,1339,605,734,1626,864,762,60,19,41,323,149,174
2026,455,Trinity County,13855,6771,7084,10470,5120,5350,1331,599,732,1664,880,784,61,20,41,329,152,177
2027,455,Trinity County,13777,6735,7042,10355,5067,5288,1326,598,728,1700,895,805,61,20,41,335,155,180
2028,455,Trinity County,13699,6703,6996,10237,5016,5221,1315,593,722,1745,915,830,62,21,41,340,158,182
2029,455,Trinity County,13617,6656,6961,10120,4953,5167,1303,589,714,1785,931,854,64,21,43,345,162,183
2030,455,Trinity County,13525,6612,6913,9993,4897,5096,1288,581,707,1825,946,879,66,22,44,353,166,187
2031,455,Trinity County,13438,6564,6874,9873,4838,5035,1272,572,700,1866,963,903,68,22,46,359,169,190
2032,455,Trinity County,13348,6517,6831,9745,4778,4967,1262,567,695,1909,979,930,71,23,48,361,170,191
2033,455,Trinity County,13251,6465,6786,9618,4716,4902,1242,557,685,1953,995,958,71,23,48,367,174,193
2034,455,Trinity County,13141,6410,6731,9482,4648,4834,1226,549,677,1992,1013,979,71,24,47,370,176,194
2035,455,Trinity County,13029,6350,6679,9341,4578,4763,1211,544,667,2032,1026,1006,71,24,47,374,178,196
2036,455,Trinity County,12922,6291,6631,9208,4513,4695,1196,535,661,2069,1039,1030,72,25,47,377,179,198
2037,455,Trinity County,12806,6225,6581,9063,4442,4621,1178,526,652,2113,1052,1061,73,25,48,379,180,199
2038,455,Trinity County,12690,6148,6542,8924,4369,4555,1162,515,647,2153,1061,1092,72,25,47,379,178,201
2039,455,Trinity County,12582,6082,6500,8773,4291,4482,1153,510,643,2202,1077,1125,73,25,48,381,179,202
2040,455,Trinity County,12482,6025,6457,8636,4226,4410,1138,501,637,2252,1091,1161,74,26,48,382,181,201
2041,455,Trinity County,12397,5971,6426,8507,4162,4345,1124,493,631,2306,1107,1199,75,26,49,385,183,202
2042,455,Trinity County,12295,5915,6380,8369,4096,4273,1110,487,623,2352,1121,1231,76,27,49,388,184,204
2043,455,Trinity County,12202,5861,6341,8235,4032,4203,1102,483,619,2397,1134,1263,76,27,49,392,185,207
2044,455,Trinity County,12091,5800,6291,8093,3964,4129,1089,478,611,2435,1143,1292,77,28,49,397,187,210
2045,455,Trinity County,11993,5743,6250,7953,3897,4056,1075,470,605,2491,1159,1332,76,28,48,398,189,209
2046,455,Trinity County,11908,5693,6215,7827,3838,3989,1055,460,595,2549,1176,1373,76,29,47,401,190,211
2047,455,Trinity County,11816,5634,6182,7694,3771,3923,1037,452,585,2611,1196,1415,75,28,47,399,187,212
2048,455,Trinity County,11747,5594,6153,7573,3714,3859,1030,448,582,2671,1217,1454,74,29,45,399,186,213
2049,455,Trinity County,11690,5556,6134,7455,3657,3798,1018,443,575,2748,1244,1504,74,29,45,395,183,212
2050,455,Trinity County,11637,5524,6113,7340,3604,3736,1006,441,565,2817,1264,1553,75,30,45,399,185,214
2010,457,Tyler County,21766,11731,10035,17507,8761,8746,2376,1555,821,1487,1211,276,49,24,25,347,180,167
2011,457,Tyler County,21709,11714,9995,17419,8738,8681,2376,1550,826,1509,1218,291,50,24,26,355,184,171
2012,457,Tyler County,21650,11692,9958,17319,8703,8616,2385,1551,834,1531,1224,307,51,25,26,364,189,175
2013,457,Tyler County,21602,11680,9922,17222,8677,8545,2394,1549,845,1561,1235,326,52,25,27,373,194,179
2014,457,Tyler County,21547,11655,9892,17122,8639,8483,2400,1546,854,1590,1245,345,53,26,27,382,199,183
2015,457,Tyler County,21503,11639,9864,17025,8602,8423,2409,1549,860,1624,1259,365,54,26,28,391,203,188
2016,457,Tyler County,21473,11630,9843,16934,8570,8364,2420,1550,870,1661,1276,385,55,27,28,403,207,196
2017,457,Tyler County,21446,11623,9823,16847,8539,8308,2431,1554,877,1696,1289,407,56,27,29,416,214,202
2018,457,Tyler County,21396,11605,9791,16741,8501,8240,2431,1547,884,1736,1306,430,57,28,29,431,223,208
2019,457,Tyler County,21379,11604,9775,16654,8472,8182,2442,1548,894,1780,1326,454,58,28,30,445,230,215
2020,457,Tyler County,21343,11591,9752,16550,8428,8122,2454,1554,900,1826,1347,479,59,29,30,454,233,221
2021,457,Tyler County,21313,11588,9725,16448,8390,8058,2465,1561,904,1874,1368,506,60,29,31,466,240,226
2022,457,Tyler County,21277,11575,9702,16351,8352,7999,2471,1563,908,1914,1383,531,61,30,31,480,247,233
2023,457,Tyler County,21213,11551,9662,16239,8312,7927,2485,1572,913,1934,1385,549,62,30,32,493,252,241
2024,457,Tyler County,21138,11531,9607,16114,8269,7845,2491,1578,913,1966,1397,569,63,31,32,504,256,248
2025,457,Tyler County,21088,11518,9570,15994,8220,7774,2502,1588,914,2010,1415,595,64,31,33,518,264,254
2026,457,Tyler County,21022,11498,9524,15865,8173,7692,2512,1592,920,2051,1433,618,65,32,33,529,268,261
2027,457,Tyler County,20959,11484,9475,15731,8123,7608,2523,1599,924,2099,1457,642,66,32,34,540,273,267
2028,457,Tyler County,20886,11468,9418,15598,8077,7521,2528,1605,923,2147,1479,668,67,33,34,546,274,272
2029,457,Tyler County,20816,11455,9361,15452,8018,7434,2541,1613,928,2203,1511,692,67,33,34,553,280,273
2030,457,Tyler County,20744,11445,9299,15302,7964,7338,2555,1625,930,2257,1539,718,68,34,34,562,283,279
2031,457,Tyler County,20663,11425,9238,15151,7903,7248,2559,1629,930,2313,1572,741,68,33,35,572,288,284
2032,457,Tyler County,20576,11400,9176,14979,7832,7147,2569,1636,933,2377,1606,771,69,34,35,582,292,290
2033,457,Tyler County,20498,11380,9118,14811,7761,7050,2574,1640,934,2455,1652,803,70,34,36,588,293,295
2034,457,Tyler County,20416,11362,9054,14640,7687,6953,2574,1644,930,2539,1701,838,71,35,36,592,295,297
2035,457,Tyler County,20320,11338,8982,14459,7613,6846,2578,1650,928,2611,1741,870,72,35,37,600,299,301
2036,457,Tyler County,20256,11325,8931,14291,7539,6752,2585,1661,924,2702,1788,914,73,36,37,605,301,304
2037,457,Tyler County,20185,11311,8874,14109,7460,6649,2584,1664,920,2805,1847,958,74,36,38,613,304,309
2038,457,Tyler County,20116,11297,8819,13944,7393,6551,2586,1669,917,2893,1892,1001,75,37,38,618,306,312
2039,457,Tyler County,20040,11284,8756,13768,7324,6444,2589,1673,916,2980,1939,1041,75,37,38,628,311,317
2040,457,Tyler County,19967,11268,8699,13598,7253,6345,2597,1684,913,3059,1980,1079,76,38,38,637,313,324
2041,457,Tyler County,19872,11230,8642,13424,7175,6249,2598,1692,906,3133,2011,1122,77,38,39,640,314,326
2042,457,Tyler County,19814,11213,8601,13258,7104,6154,2599,1695,904,3233,2063,1170,78,39,39,646,312,334
2043,457,Tyler County,19743,11189,8554,13096,7031,6065,2597,1696,901,3324,2110,1214,78,39,39,648,313,335
2044,457,Tyler County,19668,11160,8508,12942,6966,5976,2590,1696,894,3406,2148,1258,79,40,39,651,310,341
2045,457,Tyler County,19609,11131,8478,12782,6892,5890,2585,1694,891,3505,2192,1313,80,40,40,657,313,344
2046,457,Tyler County,19550,11111,8439,12639,6831,5808,2573,1689,884,3596,2234,1362,81,41,40,661,316,345
2047,457,Tyler County,19522,11103,8419,12499,6770,5729,2572,1689,883,3701,2284,1417,80,39,41,670,321,349
2048,457,Tyler County,19464,11065,8399,12351,6699,5652,2557,1682,875,3803,2327,1476,81,40,41,672,317,355
2049,457,Tyler County,19422,11031,8391,12211,6631,5580,2551,1678,873,3903,2366,1537,81,39,42,676,317,359
2050,457,Tyler County,19378,11010,8368,12071,6570,5501,2545,1677,868,3995,2402,1593,80,39,41,687,322,365
2010,459,Upshur County,39309,19462,19847,32257,15966,16291,3388,1618,1770,2613,1360,1253,146,63,83,905,455,450
2011,459,Upshur County,39514,19586,19928,32303,16008,16295,3388,1618,1770,2753,1432,1321,148,64,84,922,464,458
2012,459,Upshur County,39734,19721,20013,32352,16055,16297,3393,1622,1771,2900,1506,1394,150,65,85,939,473,466
2013,459,Upshur County,39968,19852,20116,32400,16092,16308,3401,1627,1774,3058,1584,1474,152,66,86,957,483,474
2014,459,Upshur County,40201,19982,20219,32440,16126,16314,3409,1634,1775,3223,1663,1560,154,67,87,975,492,483
2015,459,Upshur County,40422,20107,20315,32478,16163,16315,3408,1634,1774,3389,1743,1646,156,68,88,991,499,492
2016,459,Upshur County,40658,20244,20414,32515,16196,16319,3415,1643,1772,3557,1825,1732,158,69,89,1013,511,502
2017,459,Upshur County,40887,20364,20523,32534,16212,16322,3423,1648,1775,3738,1912,1826,160,70,90,1032,522,510
2018,459,Upshur County,41140,20490,20650,32561,16234,16327,3427,1648,1779,3938,2007,1931,162,71,91,1052,530,522
2019,459,Upshur County,41388,20633,20755,32578,16258,16320,3438,1657,1781,4139,2108,2031,164,72,92,1069,538,531
2020,459,Upshur County,41654,20769,20885,32599,16274,16325,3440,1661,1779,4352,2213,2139,166,73,93,1097,548,549
2021,459,Upshur County,41898,20893,21005,32603,16284,16319,3434,1658,1776,4572,2317,2255,169,74,95,1120,560,560
2022,459,Upshur County,42145,21018,21127,32600,16286,16314,3429,1655,1774,4799,2428,2371,172,76,96,1145,573,572
2023,459,Upshur County,42415,21156,21259,32598,16289,16309,3438,1663,1775,5033,2542,2491,174,77,97,1172,585,587
2024,459,Upshur County,42648,21267,21381,32555,16266,16289,3441,1666,1775,5276,2659,2617,176,79,97,1200,597,603
2025,459,Upshur County,42884,21384,21500,32518,16248,16270,3438,1665,1773,5527,2781,2746,179,80,99,1222,610,612
2026,459,Upshur County,43111,21500,21611,32455,16218,16237,3440,1667,1773,5789,2912,2877,182,82,100,1245,621,624
2027,459,Upshur County,43348,21627,21721,32401,16194,16207,3436,1669,1767,6054,3046,3008,185,83,102,1272,635,637
2028,459,Upshur County,43581,21758,21823,32347,16172,16175,3433,1671,1762,6321,3183,3138,188,85,103,1292,647,645
2029,459,Upshur County,43805,21883,21922,32276,16146,16130,3424,1669,1755,6600,3322,3278,190,86,104,1315,660,655
2030,459,Upshur County,43996,21989,22007,32174,16100,16074,3405,1659,1746,6893,3474,3419,191,88,103,1333,668,665
2031,459,Upshur County,44214,22115,22099,32082,16067,16015,3394,1656,1738,7189,3625,3564,193,89,104,1356,678,678
2032,459,Upshur County,44425,22237,22188,31978,16032,15946,3381,1652,1729,7494,3774,3720,196,90,106,1376,689,687
2033,459,Upshur County,44617,22330,22287,31835,15966,15869,3367,1647,1720,7818,3927,3891,199,91,108,1398,699,699
2034,459,Upshur County,44812,22433,22379,31686,15902,15784,3346,1638,1708,8159,4091,4068,203,93,110,1418,709,709
2035,459,Upshur County,45009,22549,22460,31531,15844,15687,3333,1631,1702,8511,4270,4241,205,94,111,1429,710,719
2036,459,Upshur County,45194,22653,22541,31347,15764,15583,3315,1622,1693,8874,4448,4426,207,96,111,1451,723,728
2037,459,Upshur County,45403,22768,22635,31164,15683,15481,3312,1617,1695,9260,4647,4613,209,97,112,1458,724,734
2038,459,Upshur County,45589,22877,22712,30956,15592,15364,3306,1615,1691,9644,4844,4800,214,100,114,1469,726,743
2039,459,Upshur County,45776,22987,22789,30745,15500,15245,3286,1607,1679,10050,5049,5001,217,102,115,1478,729,749
2040,459,Upshur County,45966,23090,22876,30530,15402,15128,3271,1602,1669,10458,5248,5210,218,104,114,1489,734,755
2041,459,Upshur County,46158,23198,22960,30307,15307,15000,3259,1599,1660,10872,5450,5422,220,106,114,1500,736,764
2042,459,Upshur County,46362,23306,23056,30077,15205,14872,3248,1590,1658,11303,5665,5638,221,106,115,1513,740,773
2043,459,Upshur County,46552,23406,23146,29844,15100,14744,3233,1584,1649,11733,5877,5856,222,106,116,1520,739,781
2044,459,Upshur County,46795,23539,23256,29624,15003,14621,3217,1580,1637,12202,6111,6091,225,108,117,1527,737,790
2045,459,Upshur County,47058,23664,23394,29399,14899,14500,3211,1576,1635,12686,6344,6342,226,108,118,1536,737,799
2046,459,Upshur County,47296,23779,23517,29168,14795,14373,3195,1567,1628,13163,6573,6590,228,109,119,1542,735,807
2047,459,Upshur County,47563,23914,23649,28939,14690,14249,3175,1559,1616,13664,6816,6848,231,111,120,1554,738,816
2048,459,Upshur County,47861,24073,23788,28712,14590,14122,3168,1558,1610,14184,7074,7110,232,112,120,1565,739,826
2049,459,Upshur County,48171,24228,23943,28485,14488,13997,3161,1556,1605,14722,7337,7385,231,110,121,1572,737,835
2050,459,Upshur County,48468,24376,24092,28260,14391,13869,3147,1543,1604,15251,7592,7659,232,110,122,1578,740,838
2010,461,Upton County,3355,1675,1680,1611,816,795,49,21,28,1644,812,832,0,0,0,51,26,25
2011,461,Upton County,3405,1705,1700,1616,821,795,49,21,28,1688,837,851,0,0,0,52,26,26
2012,461,Upton County,3460,1739,1721,1620,825,795,49,21,28,1738,866,872,0,0,0,53,27,26
2013,461,Upton County,3519,1774,1745,1627,830,797,49,21,28,1789,896,893,0,0,0,54,27,27
2014,461,Upton County,3583,1814,1769,1635,836,799,49,21,28,1844,929,915,0,0,0,55,28,27
2015,461,Upton County,3645,1851,1794,1640,839,801,49,21,28,1900,963,937,0,0,0,56,28,28
2016,461,Upton County,3711,1891,1820,1645,844,801,49,21,28,1960,997,963,0,0,0,57,29,28
2017,461,Upton County,3780,1928,1852,1652,848,804,50,21,29,2020,1030,990,0,0,0,58,29,29
2018,461,Upton County,3853,1972,1881,1663,855,808,51,22,29,2080,1065,1015,0,0,0,59,30,29
2019,461,Upton County,3916,2007,1909,1663,852,811,52,22,30,2141,1103,1038,0,0,0,60,30,30
2020,461,Upton County,3983,2047,1936,1673,855,818,53,23,30,2196,1138,1058,0,0,0,61,31,30
2021,461,Upton County,4056,2091,1965,1679,858,821,54,23,31,2261,1179,1082,0,0,0,62,31,31
2022,461,Upton County,4127,2135,1992,1678,857,821,55,24,31,2332,1223,1109,0,0,0,62,31,31
2023,461,Upton County,4184,2174,2010,1679,858,821,56,24,32,2386,1261,1125,0,0,0,63,31,32
2024,461,Upton County,4260,2219,2041,1683,856,827,56,25,31,2457,1306,1151,0,0,0,64,32,32
2025,461,Upton County,4331,2264,2067,1683,856,827,56,25,31,2528,1352,1176,0,0,0,64,31,33
2026,461,Upton County,4404,2311,2093,1681,855,826,56,25,31,2602,1400,1202,0,0,0,65,31,34
2027,461,Upton County,4477,2353,2124,1676,850,826,57,25,32,2677,1446,1231,0,0,0,67,32,35
2028,461,Upton County,4557,2405,2152,1676,849,827,59,26,33,2753,1497,1256,0,0,0,69,33,36
2029,461,Upton County,4642,2460,2182,1668,845,823,60,26,34,2843,1555,1288,0,0,0,71,34,37
2030,461,Upton County,4726,2511,2215,1664,841,823,61,27,34,2928,1608,1320,0,0,0,73,35,38
2031,461,Upton County,4813,2565,2248,1657,835,822,62,27,35,3020,1667,1353,0,0,0,74,36,38
2032,461,Upton County,4896,2621,2275,1647,830,817,62,28,34,3110,1726,1384,0,0,0,77,37,40
2033,461,Upton County,4976,2672,2304,1637,823,814,63,28,35,3198,1784,1414,0,0,0,78,37,41
2034,461,Upton County,5048,2726,2322,1623,816,807,64,29,35,3281,1843,1438,0,0,0,80,38,42
2035,461,Upton County,5133,2783,2350,1612,808,804,66,30,36,3374,1907,1467,0,0,0,81,38,43
2036,461,Upton County,5211,2841,2370,1601,804,797,67,31,36,3461,1968,1493,0,0,0,82,38,44
2037,461,Upton County,5297,2903,2394,1590,800,790,68,31,37,3554,2032,1522,0,0,0,85,40,45
2038,461,Upton County,5381,2965,2416,1578,798,780,69,32,37,3648,2095,1553,0,0,0,86,40,46
2039,461,Upton County,5466,3024,2442,1561,789,772,70,32,38,3747,2162,1585,0,0,0,88,41,47
2040,461,Upton County,5551,3090,2461,1551,786,765,71,33,38,3839,2229,1610,0,0,0,90,42,48
2041,461,Upton County,5640,3158,2482,1540,780,760,72,33,39,3937,2303,1634,0,0,0,91,42,49
2042,461,Upton County,5730,3228,2502,1523,772,751,71,33,38,4043,2380,1663,0,0,0,93,43,50
2043,461,Upton County,5823,3301,2522,1508,765,743,72,33,39,4150,2460,1690,0,0,0,93,43,50
2044,461,Upton County,5920,3373,2547,1493,757,736,73,34,39,4259,2538,1721,0,0,0,95,44,51
2045,461,Upton County,6013,3440,2573,1485,753,732,73,33,40,4359,2610,1749,0,0,0,96,44,52
2046,461,Upton County,6116,3516,2600,1480,751,729,73,34,39,4465,2686,1779,0,0,0,98,45,53
2047,461,Upton County,6222,3596,2626,1474,750,724,73,34,39,4576,2767,1809,0,0,0,99,45,54
2048,461,Upton County,6327,3680,2647,1462,745,717,71,34,37,4693,2855,1838,0,0,0,101,46,55
2049,461,Upton County,6445,3768,2677,1457,743,714,71,34,37,4816,2946,1870,0,0,0,101,45,56
2050,461,Upton County,6557,3853,2704,1458,746,712,71,34,37,4926,3027,1899,0,0,0,102,46,56
2010,463,Uvalde County,26405,12909,13496,7666,3738,3928,110,68,42,18299,8944,9355,116,53,63,214,106,108
2011,463,Uvalde County,26468,12945,13523,7555,3691,3864,113,69,44,18464,9023,9441,118,54,64,218,108,110
2012,463,Uvalde County,26611,13014,13597,7488,3665,3823,116,71,45,18665,9113,9552,120,55,65,222,110,112
2013,463,Uvalde County,26741,13085,13656,7410,3636,3774,119,72,47,18865,9210,9655,121,55,66,226,112,114
2014,463,Uvalde County,26870,13161,13709,7340,3610,3730,122,74,48,19058,9307,9751,122,56,66,228,114,114
2015,463,Uvalde County,27040,13258,13782,7290,3597,3693,125,75,50,19268,9413,9855,123,56,67,234,117,117
2016,463,Uvalde County,27181,13340,13841,7226,3571,3655,128,77,51,19467,9517,9950,124,57,67,236,118,118
2017,463,Uvalde County,27339,13441,13898,7166,3552,3614,132,79,53,19674,9631,10043,125,57,68,242,122,120
2018,463,Uvalde County,27541,13561,13980,7129,3541,3588,136,81,55,19904,9757,10147,126,58,68,246,124,122
2019,463,Uvalde County,27729,13670,14059,7082,3522,3560,140,83,57,20128,9879,10249,128,59,69,251,127,124
2020,463,Uvalde County,27937,13793,14144,7047,3512,3535,144,85,59,20358,10006,10352,130,60,70,258,130,128
2021,463,Uvalde County,28166,13924,14242,7030,3505,3525,148,87,61,20595,10139,10456,132,61,71,261,132,129
2022,463,Uvalde County,28411,14066,14345,7013,3500,3513,152,89,63,20847,10281,10566,134,62,72,265,134,131
2023,463,Uvalde County,28659,14207,14452,7011,3502,3509,156,91,65,21084,10414,10670,136,63,73,272,137,135
2024,463,Uvalde County,28917,14352,14565,7012,3503,3509,160,93,67,21330,10551,10779,138,64,74,277,141,136
2025,463,Uvalde County,29159,14497,14662,7002,3497,3505,164,95,69,21570,10695,10875,140,65,75,283,145,138
2026,463,Uvalde County,29401,14634,14767,7003,3496,3507,169,98,71,21797,10825,10972,142,66,76,290,149,141
2027,463,Uvalde County,29652,14783,14869,6999,3494,3505,173,100,73,22041,10969,11072,144,67,77,295,153,142
2028,463,Uvalde County,29890,14916,14974,6989,3487,3502,176,101,75,22277,11104,11173,146,68,78,302,156,146
2029,463,Uvalde County,30112,15047,15065,6980,3480,3500,179,102,77,22498,11236,11262,147,69,78,308,160,148
2030,463,Uvalde County,30342,15181,15161,6968,3470,3498,183,104,79,22727,11374,11353,149,70,79,315,163,152
2031,463,Uvalde County,30523,15294,15229,6945,3454,3491,187,106,81,22922,11498,11424,151,71,80,318,165,153
2032,463,Uvalde County,30707,15411,15296,6925,3446,3479,191,108,83,23113,11616,11497,153,72,81,325,169,156
2033,463,Uvalde County,30864,15507,15357,6893,3431,3462,195,110,85,23291,11721,11570,155,73,82,330,172,158
2034,463,Uvalde County,31003,15593,15410,6853,3409,3444,198,111,87,23460,11825,11635,156,73,83,336,175,161
2035,463,Uvalde County,31117,15664,15453,6803,3383,3420,202,114,88,23617,11919,11698,156,72,84,339,176,163
2036,463,Uvalde County,31237,15734,15503,6770,3362,3408,206,116,90,23758,12003,11755,157,72,85,346,181,165
2037,463,Uvalde County,31341,15798,15543,6729,3338,3391,210,118,92,23896,12088,11808,158,72,86,348,182,166
2038,463,Uvalde County,31434,15858,15576,6686,3313,3373,214,120,94,24019,12167,11852,159,72,87,356,186,170
2039,463,Uvalde County,31501,15898,15603,6635,3284,3351,218,122,96,24128,12231,11897,160,73,87,360,188,172
2040,463,Uvalde County,31578,15939,15639,6584,3252,3332,223,125,98,24247,12298,11949,160,74,86,364,190,174
2041,463,Uvalde County,31651,15996,15655,6544,3234,3310,228,128,100,24350,12367,11983,160,74,86,369,193,176
2042,463,Uvalde County,31715,16044,15671,6504,3214,3290,231,130,101,24452,12433,12019,157,74,83,371,193,178
2043,463,Uvalde County,31772,16087,15685,6456,3195,3261,236,133,103,24545,12489,12056,158,74,84,377,196,181
2044,463,Uvalde County,31846,16131,15715,6428,3181,3247,240,135,105,24641,12544,12097,157,74,83,380,197,183
2045,463,Uvalde County,31920,16182,15738,6412,3175,3237,244,137,107,24720,12596,12124,157,73,84,387,201,186
2046,463,Uvalde County,31991,16219,15772,6388,3158,3230,247,138,109,24808,12649,12159,157,73,84,391,201,190
2047,463,Uvalde County,32076,16266,15810,6383,3155,3228,252,141,111,24887,12693,12194,158,73,85,396,204,192
2048,463,Uvalde County,32168,16317,15851,6388,3156,3232,255,143,112,24968,12741,12227,160,75,85,397,202,195
2049,463,Uvalde County,32237,16365,15872,6390,3158,3232,257,144,113,25030,12788,12242,159,74,85,401,201,200
2050,463,Uvalde County,32332,16407,15925,6406,3164,3242,262,146,116,25101,12822,12279,159,74,85,404,201,203
2010,465,Val Verde County,48879,24519,24360,8548,4682,3866,563,332,231,39199,19226,19973,207,86,121,362,193,169
2011,465,Val Verde County,48853,24565,24288,8435,4627,3808,573,337,236,39262,19315,19947,211,88,123,372,198,174
2012,465,Val Verde County,48808,24603,24205,8326,4569,3757,583,342,241,39300,19398,19902,215,90,125,384,204,180
2013,465,Val Verde County,48767,24640,24127,8204,4501,3703,591,347,244,39358,19490,19868,219,92,127,395,210,185
2014,465,Val Verde County,48718,24663,24055,8070,4427,3643,601,353,248,39415,19573,19842,223,94,129,409,216,193
2015,465,Val Verde County,48649,24680,23969,7925,4347,3578,609,356,253,39469,19661,19808,227,96,131,419,220,199
2016,465,Val Verde County,48564,24689,23875,7766,4259,3507,618,361,257,39522,19746,19776,230,98,132,428,225,203
2017,465,Val Verde County,48482,24700,23782,7620,4174,3446,626,365,261,39563,19830,19733,233,99,134,440,232,208
2018,465,Val Verde County,48408,24731,23677,7487,4110,3377,636,370,266,39598,19912,19686,237,102,135,450,237,213
2019,465,Val Verde County,48334,24755,23579,7357,4041,3316,643,373,270,39634,19995,19639,240,103,137,460,243,217
2020,465,Val Verde County,48253,24779,23474,7238,3977,3261,652,378,274,39655,20075,19580,242,104,138,466,245,221
2021,465,Val Verde County,48179,24811,23368,7117,3916,3201,655,380,275,39688,20158,19530,245,106,139,474,251,223
2022,465,Val Verde County,48098,24839,23259,6997,3859,3138,667,387,280,39701,20229,19472,247,107,140,486,257,229
2023,465,Val Verde County,48022,24870,23152,6879,3801,3078,680,396,284,39721,20307,19414,248,107,141,494,259,235
2024,465,Val Verde County,47900,24871,23029,6766,3747,3019,684,395,289,39698,20357,19341,251,109,142,501,263,238
2025,465,Val Verde County,47796,24885,22911,6654,3688,2966,694,398,296,39683,20418,19265,252,110,142,513,271,242
2026,465,Val Verde County,47688,24902,22786,6542,3635,2907,704,404,300,39667,20477,19190,254,111,143,521,275,246
2027,465,Val Verde County,47540,24890,22650,6430,3581,2849,712,408,304,39615,20510,19105,255,113,142,528,278,250
2028,465,Val Verde County,47392,24866,22526,6320,3524,2796,719,413,306,39561,20533,19028,257,113,144,535,283,252
2029,465,Val Verde County,47224,24837,22387,6214,3471,2743,727,416,311,39489,20553,18936,256,114,142,538,283,255
2030,465,Val Verde County,47038,24799,22239,6106,3414,2692,737,421,316,39394,20561,18833,258,116,142,543,287,256
2031,465,Val Verde County,46835,24744,22091,6019,3374,2645,743,423,320,39263,20541,18722,261,118,143,549,288,261
2032,465,Val Verde County,46629,24699,21930,5928,3325,2603,748,426,322,39139,20536,18603,263,122,141,551,290,261
2033,465,Val Verde County,46418,24642,21776,5845,3283,2562,751,426,325,38999,20518,18481,263,121,142,560,294,266
2034,465,Val Verde County,46205,24587,21618,5785,3250,2535,755,428,327,38832,20489,18343,265,123,142,568,297,271
2035,465,Val Verde County,45958,24510,21448,5714,3216,2498,756,427,329,38648,20443,18205,268,125,143,572,299,273
2036,465,Val Verde County,45732,24451,21281,5655,3186,2469,763,431,332,38464,20403,18061,269,127,142,581,304,277
2037,465,Val Verde County,45494,24375,21119,5602,3157,2445,766,430,336,38267,20351,17916,269,127,142,590,310,280
2038,465,Val Verde County,45233,24282,20951,5545,3128,2417,771,432,339,38053,20283,17770,267,127,140,597,312,285
2039,465,Val Verde County,44973,24191,20782,5494,3101,2393,775,433,342,37831,20217,17614,268,126,142,605,314,291
2040,465,Val Verde County,44698,24090,20608,5435,3068,2367,778,434,344,37606,20144,17462,269,129,140,610,315,295
2041,465,Val Verde County,44424,23987,20437,5372,3028,2344,779,433,346,37383,20076,17307,270,129,141,620,321,299
2042,465,Val Verde County,44126,23876,20250,5305,2993,2312,783,434,349,37146,20001,17145,270,130,140,622,318,304
2043,465,Val Verde County,43827,23756,20071,5241,2956,2285,785,433,352,36897,19914,16983,271,129,142,633,324,309
2044,465,Val Verde County,43522,23631,19891,5178,2920,2258,787,432,355,36649,19827,16822,270,129,141,638,323,315
2045,465,Val Verde County,43206,23498,19708,5112,2881,2231,788,430,358,36383,19725,16658,269,128,141,654,334,320
2046,465,Val Verde County,42875,23372,19503,5048,2852,2196,787,429,358,36116,19631,16485,268,128,140,656,332,324
2047,465,Val Verde County,42535,23220,19315,4977,2813,2164,789,429,360,35839,19515,16324,268,128,140,662,335,327
2048,465,Val Verde County,42195,23076,19119,4923,2786,2137,789,427,362,35557,19404,16153,267,129,138,659,330,329
2049,465,Val Verde County,41883,22947,18936,4884,2761,2123,792,427,365,35276,19298,15978,266,128,138,665,333,332
2050,465,Val Verde County,41553,22804,18749,4835,2733,2102,793,427,366,34987,19180,15807,267,128,139,671,336,335
2010,467,Van Zandt County,52579,25863,26716,45087,21901,23186,1403,699,704,4847,2651,2196,168,69,99,1074,543,531
2011,467,Van Zandt County,52835,25996,26839,45152,21947,23205,1421,708,713,4993,2716,2277,172,71,101,1097,554,543
2012,467,Van Zandt County,53121,26145,26976,45228,22001,23227,1440,716,724,5158,2790,2368,175,73,102,1120,565,555
2013,467,Van Zandt County,53399,26279,27120,45292,22040,23252,1463,728,735,5324,2861,2463,178,74,104,1142,576,566
2014,467,Van Zandt County,53704,26427,27277,45369,22086,23283,1482,738,744,5502,2936,2566,181,76,105,1170,591,579
2015,467,Van Zandt County,54009,26575,27434,45446,22132,23314,1506,750,756,5681,3014,2667,184,77,107,1192,602,590
2016,467,Van Zandt County,54304,26723,27581,45510,22172,23338,1528,763,765,5861,3093,2768,187,79,108,1218,616,602
2017,467,Van Zandt County,54600,26853,27747,45559,22196,23363,1551,775,776,6050,3171,2879,190,80,110,1250,631,619
2018,467,Van Zandt County,54885,26984,27901,45603,22226,23377,1573,782,791,6238,3250,2988,193,82,111,1278,644,634
2019,467,Van Zandt County,55169,27121,28048,45636,22250,23386,1592,795,797,6428,3330,3098,196,83,113,1317,663,654
2020,467,Van Zandt County,55469,27262,28207,45668,22273,23395,1610,806,804,6636,3417,3219,199,85,114,1356,681,675
2021,467,Van Zandt County,55777,27401,28376,45704,22294,23410,1634,818,816,6853,3508,3345,201,86,115,1385,695,690
2022,467,Van Zandt County,56055,27527,28528,45710,22300,23410,1654,830,824,7068,3597,3471,203,88,115,1420,712,708
2023,467,Van Zandt County,56351,27663,28688,45730,22317,23413,1670,837,833,7286,3689,3597,205,89,116,1460,731,729
2024,467,Van Zandt County,56623,27797,28826,45718,22321,23397,1691,851,840,7514,3790,3724,208,91,117,1492,744,748
2025,467,Van Zandt County,56866,27910,28956,45690,22318,23372,1702,855,847,7739,3885,3854,211,92,119,1524,760,764
2026,467,Van Zandt County,57081,28012,29069,45642,22306,23336,1712,862,850,7962,3978,3984,214,94,120,1551,772,779
2027,467,Van Zandt County,57288,28109,29179,45570,22279,23291,1722,866,856,8196,4080,4116,218,96,122,1582,788,794
2028,467,Van Zandt County,57464,28180,29284,45481,22240,23241,1729,867,862,8428,4177,4251,222,99,123,1604,797,807
2029,467,Van Zandt County,57627,28257,29370,45365,22192,23173,1743,874,869,8661,4278,4383,223,99,124,1635,814,821
2030,467,Van Zandt County,57780,28312,29468,45246,22136,23110,1750,875,875,8906,4379,4527,225,101,124,1653,821,832
2031,467,Van Zandt County,57910,28359,29551,45096,22068,23028,1760,878,882,9147,4476,4671,226,102,124,1681,835,846
2032,467,Van Zandt County,58025,28402,29623,44927,21994,22933,1764,878,886,9398,4581,4817,229,104,125,1707,845,862
2033,467,Van Zandt County,58112,28439,29673,44743,21916,22827,1769,879,890,9645,4688,4957,231,104,127,1724,852,872
2034,467,Van Zandt County,58189,28469,29720,44546,21828,22718,1767,878,889,9892,4793,5099,236,107,129,1748,863,885
2035,467,Van Zandt County,58242,28483,29759,44327,21730,22597,1760,874,886,10156,4903,5253,235,106,129,1764,870,894
2036,467,Van Zandt County,58285,28495,29790,44084,21617,22467,1767,878,889,10412,5013,5399,237,109,128,1785,878,907
2037,467,Van Zandt County,58326,28501,29825,43840,21507,22333,1761,869,892,10684,5129,5555,240,110,130,1801,886,915
2038,467,Van Zandt County,58351,28510,29841,43586,21394,22192,1756,864,892,10940,5241,5699,243,113,130,1826,898,928
2039,467,Van Zandt County,58369,28503,29866,43318,21272,22046,1755,864,891,11213,5352,5861,245,115,130,1838,900,938
2040,467,Van Zandt County,58403,28516,29887,43058,21158,21900,1751,862,889,11486,5471,6015,246,115,131,1862,910,952
2041,467,Van Zandt County,58445,28522,29923,42807,21043,21764,1754,862,892,11757,5587,6170,246,116,130,1881,914,967
2042,467,Van Zandt County,58505,28550,29955,42549,20933,21616,1758,863,895,12041,5712,6329,249,117,132,1908,925,983
2043,467,Van Zandt County,58542,28562,29980,42289,20817,21472,1755,864,891,12317,5828,6489,250,118,132,1931,935,996
2044,467,Van Zandt County,58601,28585,30016,42031,20702,21329,1752,865,887,12612,5956,6656,248,118,130,1958,944,1014
2045,467,Van Zandt County,58659,28604,30055,41776,20590,21186,1750,864,886,12903,6082,6821,249,118,131,1981,950,1031
2046,467,Van Zandt County,58712,28619,30093,41517,20478,21039,1744,862,882,13193,6201,6992,251,118,133,2007,960,1047
2047,467,Van Zandt County,58778,28636,30142,41272,20371,20901,1743,861,882,13476,6319,7157,252,119,133,2035,966,1069
2048,467,Van Zandt County,58864,28665,30199,41032,20267,20765,1751,865,886,13763,6438,7325,255,121,134,2063,974,1089
2049,467,Van Zandt County,58938,28698,30240,40786,20164,20622,1754,869,885,14053,6557,7496,255,121,134,2090,987,1103
2050,467,Van Zandt County,59003,28718,30285,40539,20055,20484,1755,870,885,14343,6680,7663,256,122,134,2110,991,1119
2010,469,Victoria County,86793,42349,44444,41564,20081,21483,5190,2505,2685,38113,18834,19279,860,413,447,1066,516,550
2011,469,Victoria County,87714,42876,44838,41606,20130,21476,5234,2547,2687,38893,19250,19643,894,422,472,1087,527,560
2012,469,Victoria County,88726,43432,45294,41674,20185,21489,5308,2599,2709,39710,19682,20028,926,429,497,1108,537,571
2013,469,Victoria County,89813,44029,45784,41798,20263,21535,5385,2659,2726,40531,20120,20411,966,438,528,1133,549,584
2014,469,Victoria County,90890,44617,46273,41909,20344,21565,5438,2694,2744,41381,20567,20814,1002,450,552,1160,562,598
2015,469,Victoria County,91986,45224,46762,42012,20413,21599,5497,2742,2755,42251,21035,21216,1037,458,579,1189,576,613
2016,469,Victoria County,93122,45865,47257,42135,20504,21631,5569,2798,2771,43125,21504,21621,1073,469,604,1220,590,630
2017,469,Victoria County,94310,46520,47790,42271,20595,21676,5656,2853,2803,44015,21984,22031,1110,479,631,1258,609,649
2018,469,Victoria County,95479,47144,48335,42402,20675,21727,5724,2894,2830,44920,22471,22449,1144,484,660,1289,620,669
2019,469,Victoria County,96671,47815,48856,42538,20771,21767,5799,2950,2849,45829,22959,22870,1174,494,680,1331,641,690
2020,469,Victoria County,97892,48488,49404,42696,20877,21819,5873,2991,2882,46751,23460,23291,1209,501,708,1363,659,704
2021,469,Victoria County,99025,49144,49881,42782,20961,21821,5924,3033,2891,47676,23969,23707,1244,507,737,1399,674,725
2022,469,Victoria County,100184,49807,50377,42887,21044,21843,5971,3072,2899,48608,24478,24130,1277,516,761,1441,697,744
2023,469,Victoria County,101372,50480,50892,42989,21127,21862,6035,3119,2916,49555,24999,24556,1314,521,793,1479,714,765
2024,469,Victoria County,102521,51142,51379,43069,21205,21864,6093,3165,2928,50492,25513,24979,1352,526,826,1515,733,782
2025,469,Victoria County,103699,51809,51890,43157,21281,21876,6151,3210,2941,51442,26030,25412,1392,533,859,1557,755,802
2026,469,Victoria County,104836,52450,52386,43223,21346,21877,6209,3250,2959,52379,26546,25833,1435,540,895,1590,768,822
2027,469,Victoria County,105970,53091,52879,43270,21395,21875,6264,3296,2968,53322,27060,26262,1490,553,937,1624,787,837
2028,469,Victoria County,107100,53731,53369,43304,21444,21860,6319,3334,2985,54271,27587,26684,1547,562,985,1659,804,855
2029,469,Victoria County,108223,54363,53860,43335,21493,21842,6375,3376,2999,55212,28099,27113,1608,573,1035,1693,822,871
2030,469,Victoria County,109309,54992,54317,43345,21532,21813,6433,3421,3012,56140,28618,27522,1665,583,1082,1726,838,888
2031,469,Victoria County,110370,55600,54770,43356,21566,21790,6476,3460,3016,57047,29128,27919,1737,595,1142,1754,851,903
2032,469,Victoria County,111426,56208,55218,43357,21600,21757,6514,3493,3021,57953,29631,28322,1815,614,1201,1787,870,917
2033,469,Victoria County,112446,56792,55654,43328,21620,21708,6558,3531,3027,58841,30125,28716,1895,633,1262,1824,883,941
2034,469,Victoria County,113432,57361,56071,43289,21633,21656,6588,3562,3026,59715,30613,29102,1983,654,1329,1857,899,958
2035,469,Victoria County,114386,57916,56470,43227,21637,21590,6627,3597,3030,60570,31091,29479,2067,674,1393,1895,917,978
2036,469,Victoria County,115311,58460,56851,43155,21642,21513,6661,3625,3036,61410,31565,29845,2158,699,1459,1927,929,998
2037,469,Victoria County,116213,58985,57228,43065,21635,21430,6692,3655,3037,62239,32029,30210,2258,722,1536,1959,944,1015
2038,469,Victoria County,117060,59482,57578,42961,21621,21340,6716,3686,3030,63042,32479,30563,2354,740,1614,1987,956,1031
2039,469,Victoria County,117904,59975,57929,42855,21601,21254,6740,3712,3028,63839,32928,30911,2451,763,1688,2019,971,1048
2040,469,Victoria County,118715,60448,58267,42729,21573,21156,6768,3739,3029,64627,33371,31256,2553,787,1766,2038,978,1060
2041,469,Victoria County,119546,60933,58613,42615,21556,21059,6799,3769,3030,65417,33811,31606,2651,811,1840,2064,986,1078
2042,469,Victoria County,120371,61410,58961,42504,21536,20968,6827,3799,3028,66191,34244,31947,2763,839,1924,2086,992,1094
2043,469,Victoria County,121144,61867,59277,42370,21510,20860,6858,3831,3027,66950,34668,32282,2867,864,2003,2099,994,1105
2044,469,Victoria County,121943,62341,59602,42252,21491,20761,6875,3856,3019,67713,35098,32615,2981,892,2089,2122,1004,1118
2045,469,Victoria County,122741,62805,59936,42149,21482,20667,6898,3879,3019,68462,35520,32942,3089,913,2176,2143,1011,1132
2046,469,Victoria County,123529,63262,60267,42036,21465,20571,6915,3904,3011,69206,35943,33263,3203,931,2272,2169,1019,1150
2047,469,Victoria County,124344,63731,60613,41935,21457,20478,6939,3931,3008,69944,36360,33584,3331,954,2377,2195,1029,1166
2048,469,Victoria County,125184,64213,60971,41859,21455,20404,6965,3961,3004,70679,36779,33900,3460,978,2482,2221,1040,1181
2049,469,Victoria County,126035,64675,61360,41787,21453,20334,6990,3983,3007,71416,37188,34228,3597,1004,2593,2245,1047,1198
2050,469,Victoria County,126847,65121,61726,41698,21440,20258,7001,3999,3002,72133,37595,34538,3751,1037,2714,2264,1050,1214
2010,471,Walker County,67861,40007,27854,39671,22270,17401,15098,9761,5337,11389,7110,4279,617,316,301,1086,550,536
2011,471,Walker County,68422,40345,28077,39830,22378,17452,15274,9857,5417,11576,7220,4356,637,332,305,1105,558,547
2012,471,Walker County,68931,40646,28285,39944,22454,17490,15429,9944,5485,11778,7333,4445,656,349,307,1124,566,558
2013,471,Walker County,69392,40932,28460,40019,22516,17503,15576,10028,5548,11983,7450,4533,671,361,310,1143,577,566
2014,471,Walker County,69897,41217,28680,40092,22569,17523,15755,10122,5633,12195,7562,4633,694,379,315,1161,585,576
2015,471,Walker County,70446,41519,28927,40172,22623,17549,15950,10217,5733,12423,7685,4738,714,396,318,1187,598,589
2016,471,Walker County,71058,41855,29203,40260,22682,17578,16179,10333,5846,12678,7820,4858,731,412,319,1210,608,602
2017,471,Walker County,71750,42230,29520,40396,22755,17641,16422,10458,5964,12942,7963,4979,757,434,323,1233,620,613
2018,471,Walker County,72502,42621,29881,40545,22839,17706,16696,10584,6112,13217,8109,5108,779,455,324,1265,634,631
2019,471,Walker County,73281,43034,30247,40688,22916,17772,16988,10727,6261,13506,8268,5238,806,474,332,1293,649,644
2020,471,Walker County,74068,43436,30632,40804,22978,17826,17304,10873,6431,13797,8422,5375,834,498,336,1329,665,664
2021,471,Walker County,74840,43846,30994,40890,23022,17868,17619,11029,6590,14092,8581,5511,871,532,339,1368,682,686
2022,471,Walker County,75611,44257,31354,40959,23056,17903,17954,11190,6764,14386,8743,5643,907,566,341,1405,702,703
2023,471,Walker County,76377,44662,31715,40992,23071,17921,18325,11373,6952,14679,8898,5781,942,600,342,1439,720,719
2024,471,Walker County,77154,45057,32097,41022,23070,17952,18677,11550,7127,14996,9066,5930,986,637,349,1473,734,739
2025,471,Walker County,77947,45462,32485,41024,23060,17964,19071,11739,7332,15315,9234,6081,1029,676,353,1508,753,755
2026,471,Walker County,78745,45874,32871,41015,23042,17973,19458,11930,7528,15656,9413,6243,1072,718,354,1544,771,773
2027,471,Walker County,79551,46288,33263,40974,23004,17970,19875,12131,7744,15999,9599,6400,1122,767,355,1581,787,794
2028,471,Walker County,80358,46698,33660,40922,22962,17960,20306,12342,7964,16343,9778,6565,1168,812,356,1619,804,815
2029,471,Walker County,81222,47137,34085,40893,22935,17958,20759,12561,8198,16700,9963,6737,1218,859,359,1652,819,833
2030,471,Walker County,82091,47574,34517,40836,22878,17958,21223,12781,8442,17063,10158,6905,1278,917,361,1691,840,851
2031,471,Walker County,82969,48021,34948,40776,22826,17950,21694,13006,8688,17426,10351,7075,1340,980,360,1733,858,875
2032,471,Walker County,83862,48482,35380,40720,22778,17942,22178,13239,8939,17787,10541,7246,1408,1048,360,1769,876,893
2033,471,Walker County,84767,48947,35820,40646,22715,17931,22664,13473,9191,18168,10744,7424,1485,1122,363,1804,893,911
2034,471,Walker County,85668,49409,36259,40556,22648,17908,23165,13710,9455,18542,10943,7599,1567,1202,365,1838,906,932
2035,471,Walker County,86584,49886,36698,40455,22571,17884,23689,13964,9725,18914,11141,7773,1653,1288,365,1873,922,951
2036,471,Walker County,87489,50362,37127,40313,22476,17837,24214,14213,10001,19300,11349,7951,1746,1383,363,1916,941,975
2037,471,Walker County,88442,50863,37579,40174,22381,17793,24766,14479,10287,19696,11555,8141,1849,1488,361,1957,960,997
2038,471,Walker County,89386,51361,38025,40009,22267,17742,25337,14755,10582,20089,11769,8320,1964,1599,365,1987,971,1016
2039,471,Walker County,90386,51903,38483,39838,22157,17681,25939,15051,10888,20496,11989,8507,2088,1720,368,2025,986,1039
2040,471,Walker County,91442,52472,38970,39659,22039,17620,26585,15360,11225,20914,12218,8696,2219,1851,368,2065,1004,1061
2041,471,Walker County,92513,53037,39476,39475,21915,17560,27261,15685,11576,21325,12438,8887,2354,1985,369,2098,1014,1084
2042,471,Walker County,93604,53619,39985,39263,21780,17483,27973,16023,11950,21738,12660,9078,2496,2129,367,2134,1027,1107
2043,471,Walker County,94774,54257,40517,39045,21638,17407,28727,16393,12334,22166,12888,9278,2658,2291,367,2178,1047,1131
2044,471,Walker County,95957,54900,41057,38825,21497,17328,29511,16772,12739,22583,13113,9470,2826,2461,365,2212,1057,1155
2045,471,Walker County,97183,55561,41622,38597,21343,17254,30310,17161,13149,23018,13344,9674,3006,2639,367,2252,1074,1178
2046,471,Walker County,98481,56273,42208,38359,21191,17168,31171,17580,13591,23458,13581,9877,3202,2836,366,2291,1085,1206
2047,471,Walker County,99824,57003,42821,38123,21032,17091,32051,18006,14045,23904,13820,10084,3405,3042,363,2341,1103,1238
2048,471,Walker County,101253,57803,43450,37874,20872,17002,32991,18467,14524,24374,14076,10298,3627,3267,360,2387,1121,1266
2049,471,Walker County,102758,58639,44119,37633,20709,16924,33966,18947,15019,24851,14335,10516,3868,3508,360,2440,1140,1300
2050,471,Walker County,104305,59505,44800,37397,20548,16849,34966,19442,15524,25326,14590,10736,4130,3773,357,2486,1152,1334
2010,473,Waller County,43205,21395,21810,19260,9451,9809,10537,4824,5713,12536,6693,5843,213,107,106,659,320,339
2011,473,Waller County,43827,21736,22091,19551,9622,9929,10574,4849,5725,12817,6831,5986,220,111,109,665,323,342
2012,473,Waller County,44525,22098,22427,19850,9789,10061,10668,4898,5770,13108,6969,6139,227,115,112,672,327,345
2013,473,Waller County,45256,22506,22750,20163,9962,10201,10778,4980,5798,13399,7113,6286,234,119,115,682,332,350
2014,473,Waller County,46022,22911,23111,20479,10134,10345,10924,5065,5859,13686,7253,6433,242,124,118,691,335,356
2015,473,Waller County,46793,23337,23456,20804,10313,10491,11057,5151,5906,13980,7403,6577,249,128,121,703,342,361
2016,473,Waller County,47565,23759,23806,21143,10497,10646,11175,5226,5949,14270,7553,6717,255,131,124,722,352,370
2017,473,Waller County,48359,24205,24154,21475,10683,10792,11327,5326,6001,14558,7698,6860,265,138,127,734,360,374
2018,473,Waller County,49148,24642,24506,21815,10880,10935,11451,5400,6051,14858,7853,7005,272,142,130,752,367,385
2019,473,Waller County,49959,25083,24876,22188,11095,11093,11570,5464,6106,15156,8006,7150,279,146,133,766,372,394
2020,473,Waller County,50739,25513,25226,22572,11308,11264,11643,5513,6130,15449,8157,7292,289,153,136,786,382,404
2021,473,Waller County,51537,25931,25606,23003,11546,11457,11683,5527,6156,15742,8304,7438,302,160,142,807,394,413
2022,473,Waller County,52288,26336,25952,23424,11783,11641,11678,5522,6156,16045,8457,7588,315,169,146,826,405,421
2023,473,Waller County,53065,26741,26324,23888,12038,11850,11661,5508,6153,16341,8605,7736,327,175,152,848,415,433
2024,473,Waller County,53847,27151,26696,24372,12307,12065,11628,5482,6146,16642,8755,7887,337,182,155,868,425,443
2025,473,Waller County,54690,27590,27100,24874,12585,12289,11629,5472,6157,16942,8904,8038,351,191,160,894,438,456
2026,473,Waller County,55592,28062,27530,25405,12873,12532,11653,5483,6170,17251,9054,8197,370,203,167,913,449,464
2027,473,Waller County,56457,28517,27940,25951,13171,12780,11643,5478,6165,17549,9198,8351,383,212,171,931,458,473
2028,473,Waller County,57336,28961,28375,26493,13466,13027,11650,5462,6188,17841,9346,8495,401,223,178,951,464,487
2029,473,Waller County,58187,29426,28761,27072,13791,13281,11591,5431,6160,18134,9495,8639,418,234,184,972,475,497
2030,473,Waller County,59027,29897,29130,27674,14133,13541,11474,5377,6097,18443,9650,8793,434,247,187,1002,490,512
2031,473,Waller County,59770,30314,29456,28266,14466,13800,11275,5283,5992,18752,9808,8944,454,260,194,1023,497,526
2032,473,Waller County,60614,30780,29834,28880,14815,14065,11142,5210,5932,19062,9967,9095,478,276,202,1052,512,540
2033,473,Waller County,61507,31267,30240,29496,15169,14327,11063,5169,5894,19378,10119,9259,501,291,210,1069,519,550
2034,473,Waller County,62485,31803,30682,30143,15544,14599,11031,5147,5884,19693,10273,9420,527,309,218,1091,530,561
2035,473,Waller County,63466,32340,31126,30771,15908,14863,11021,5132,5889,20025,10442,9583,545,323,222,1104,535,569
2036,473,Waller County,64500,32914,31586,31412,16285,15127,11031,5132,5899,20357,10601,9756,568,345,223,1132,551,581
2037,473,Waller County,65533,33505,32028,32059,16659,15400,11051,5155,5896,20678,10766,9912,595,366,229,1150,559,591
2038,473,Waller County,66578,34117,32461,32699,17037,15662,11089,5199,5890,20992,10918,10074,624,391,233,1174,572,602
2039,473,Waller County,67653,34747,32906,33366,17432,15934,11130,5249,5881,21316,11075,10241,651,414,237,1190,577,613
2040,473,Waller County,68725,35385,33340,34041,17837,16204,11169,5298,5871,21624,11226,10398,680,439,241,1211,585,626
2041,473,Waller County,69757,36006,33751,34696,18234,16462,11197,5341,5856,21921,11368,10553,710,468,242,1233,595,638
2042,473,Waller County,70810,36633,34177,35373,18637,16736,11219,5382,5837,22218,11510,10708,751,505,246,1249,599,650
2043,473,Waller County,71846,37251,34595,36048,19045,17003,11226,5408,5818,22510,11646,10864,789,540,249,1273,612,661
2044,473,Waller County,72884,37864,35020,36746,19463,17283,11214,5426,5788,22797,11774,11023,834,580,254,1293,621,672
2045,473,Waller County,73913,38478,35435,37441,19886,17555,11193,5435,5758,23082,11904,11178,884,624,260,1313,629,684
2046,473,Waller County,74957,39096,35861,38159,20319,17840,11170,5441,5729,23356,12026,11330,936,672,264,1336,638,698
2047,473,Waller County,75984,39713,36271,38892,20762,18130,11127,5430,5697,23622,12146,11476,985,726,259,1358,649,709
2048,473,Waller County,77053,40347,36706,39655,21226,18429,11100,5414,5686,23884,12269,11615,1037,783,254,1377,655,722
2049,473,Waller County,78130,40987,37143,40442,21699,18743,11045,5384,5661,24139,12385,11754,1096,848,248,1408,671,737
2050,473,Waller County,79199,41618,37581,41252,22188,19064,10976,5343,5633,24372,12486,11886,1163,920,243,1436,681,755
2010,475,Ward County,10658,5151,5507,4922,2330,2592,474,241,233,5074,2487,2587,31,16,15,157,77,80
2011,475,Ward County,10858,5274,5584,4889,2329,2560,480,244,236,5296,2606,2690,32,16,16,161,79,82
2012,475,Ward County,11094,5418,5676,4877,2338,2539,486,247,239,5533,2735,2798,33,17,16,165,81,84
2013,475,Ward County,11347,5571,5776,4867,2351,2516,492,250,242,5785,2870,2915,34,17,17,169,83,86
2014,475,Ward County,11630,5739,5891,4875,2372,2503,499,254,245,6048,3010,3038,35,18,17,173,85,88
2015,475,Ward County,11914,5907,6007,4874,2388,2486,505,257,248,6323,3158,3165,36,18,18,176,86,90
2016,475,Ward County,12217,6089,6128,4874,2408,2466,515,263,252,6612,3312,3300,37,19,18,179,87,92
2017,475,Ward County,12543,6289,6254,4888,2437,2451,522,267,255,6912,3477,3435,38,19,19,183,89,94
2018,475,Ward County,12880,6497,6383,4903,2465,2438,529,271,258,7221,3649,3572,39,20,19,188,92,96
2019,475,Ward County,13230,6708,6522,4920,2487,2433,534,274,260,7543,3832,3711,40,20,20,193,95,98
2020,475,Ward County,13592,6929,6663,4942,2516,2426,544,279,265,7867,4015,3852,41,21,20,198,98,100
2021,475,Ward County,13986,7165,6821,4974,2547,2427,550,282,268,8217,4214,4003,42,21,21,203,101,102
2022,475,Ward County,14383,7406,6977,4998,2579,2419,559,286,273,8575,4415,4160,43,22,21,208,104,104
2023,475,Ward County,14798,7648,7150,5020,2606,2414,567,289,278,8954,4624,4330,44,22,22,213,107,106
2024,475,Ward County,15226,7914,7312,5042,2638,2404,574,293,281,9348,4851,4497,45,23,22,217,109,108
2025,475,Ward County,15682,8191,7491,5070,2671,2399,581,297,284,9764,5088,4676,46,23,23,221,112,109
2026,475,Ward County,16137,8470,7667,5092,2703,2389,591,303,288,10181,5325,4856,47,24,23,226,115,111
2027,475,Ward County,16625,8762,7863,5126,2739,2387,598,305,293,10621,5576,5045,48,24,24,232,118,114
2028,475,Ward County,17116,9062,8054,5160,2783,2377,602,305,297,11068,5828,5240,49,25,24,237,121,116
2029,475,Ward County,17633,9377,8256,5190,2817,2373,610,310,300,11540,6101,5439,50,25,25,243,124,119
2030,475,Ward County,18162,9697,8465,5223,2857,2366,617,313,304,12022,6374,5648,51,26,25,249,127,122
2031,475,Ward County,18710,10023,8687,5256,2891,2365,624,316,308,12522,6660,5862,52,26,26,256,130,126
2032,475,Ward County,19283,10369,8914,5295,2935,2360,634,321,313,13039,6953,6086,53,27,26,262,133,129
2033,475,Ward County,19880,10729,9151,5343,2983,2360,638,322,316,13578,7262,6316,54,27,27,267,135,132
2034,475,Ward County,20499,11103,9396,5386,3022,2364,646,327,319,14139,7588,6551,55,28,27,273,138,135
2035,475,Ward County,21128,11485,9643,5429,3064,2365,652,330,322,14714,7923,6791,56,28,28,277,140,137
2036,475,Ward County,21785,11881,9904,5487,3113,2374,657,333,324,15304,8265,7039,57,29,28,280,141,139
2037,475,Ward County,22468,12294,10174,5543,3164,2379,659,333,326,15925,8624,7301,57,29,28,284,144,140
2038,475,Ward County,23160,12719,10441,5596,3212,2384,660,334,326,16556,8996,7560,58,30,28,290,147,143
2039,475,Ward County,23896,13164,10732,5659,3266,2393,667,338,329,17215,9380,7835,59,30,29,296,150,146
2040,475,Ward County,24633,13622,11011,5721,3322,2399,672,341,331,17880,9775,8105,60,31,29,300,153,147
2041,475,Ward County,25395,14088,11307,5785,3379,2406,673,343,330,18570,10179,8391,61,31,30,306,156,150
2042,475,Ward County,26194,14577,11617,5853,3437,2416,678,346,332,19292,10604,8688,62,32,30,309,158,151
2043,475,Ward County,27000,15068,11932,5916,3491,2425,682,349,333,20024,11035,8989,63,32,31,315,161,154
2044,475,Ward County,27827,15570,12257,5980,3550,2430,683,348,335,20783,11477,9306,64,33,31,317,162,155
2045,475,Ward County,28677,16085,12592,6038,3603,2435,682,348,334,21570,11936,9634,65,33,32,322,165,157
2046,475,Ward County,29557,16620,12937,6103,3662,2441,679,347,332,22382,12409,9973,66,34,32,327,168,159
2047,475,Ward County,30467,17176,13291,6166,3718,2448,677,347,330,23226,12906,10320,66,34,32,332,171,161
2048,475,Ward County,31403,17736,13667,6222,3770,2452,679,347,332,24099,13413,10686,66,34,32,337,172,165
2049,475,Ward County,32363,18321,14042,6283,3825,2458,681,349,332,24991,13940,11051,67,34,33,341,173,168
2050,475,Ward County,33336,18916,14420,6343,3882,2461,680,348,332,25900,14476,11424,68,35,33,345,175,170
2010,477,Washington County,33718,16580,17138,22394,10848,11546,5861,2873,2988,4641,2466,2175,432,211,221,390,182,208
2011,477,Washington County,33804,16643,17161,22328,10830,11498,5878,2884,2994,4759,2527,2232,437,213,224,402,189,213
2012,477,Washington County,33927,16713,17214,22270,10806,11464,5905,2901,3004,4891,2594,2297,446,217,229,415,195,220
2013,477,Washington County,34048,16791,17257,22206,10787,11419,5932,2918,3014,5025,2663,2362,454,220,234,431,203,228
2014,477,Washington County,34207,16879,17328,22169,10770,11399,5967,2941,3026,5161,2733,2428,461,223,238,449,212,237
2015,477,Washington County,34373,16979,17394,22152,10768,11384,5992,2963,3029,5300,2803,2497,467,226,241,462,219,243
2016,477,Washington County,34545,17069,17476,22120,10753,11367,6026,2979,3047,5446,2882,2564,476,229,247,477,226,251
2017,477,Washington County,34698,17148,17550,22082,10731,11351,6046,2989,3057,5593,2960,2633,485,233,252,492,235,257
2018,477,Washington County,34859,17240,17619,22057,10720,11337,6064,3005,3059,5734,3034,2700,494,237,257,510,244,266
2019,477,Washington County,35010,17315,17695,22020,10699,11321,6093,3023,3070,5872,3103,2769,500,239,261,525,251,274
2020,477,Washington County,35155,17382,17773,21983,10679,11304,6116,3031,3085,6004,3167,2837,509,244,265,543,261,282
2021,477,Washington County,35306,17454,17852,21956,10664,11292,6129,3040,3089,6143,3232,2911,518,248,270,560,270,290
2022,477,Washington County,35419,17501,17918,21919,10645,11274,6130,3040,3090,6269,3286,2983,525,251,274,576,279,297
2023,477,Washington County,35534,17561,17973,21869,10623,11246,6141,3054,3087,6396,3339,3057,532,255,277,596,290,306
2024,477,Washington County,35645,17614,18031,21817,10596,11221,6152,3064,3088,6520,3395,3125,545,262,283,611,297,314
2025,477,Washington County,35759,17665,18094,21770,10575,11195,6155,3065,3090,6647,3452,3195,558,266,292,629,307,322
2026,477,Washington County,35852,17719,18133,21708,10550,11158,6160,3076,3084,6773,3508,3265,566,270,296,645,315,330
2027,477,Washington County,35934,17774,18160,21627,10521,11106,6173,3088,3085,6900,3567,3333,570,272,298,664,326,338
2028,477,Washington County,36010,17806,18204,21558,10482,11076,6177,3094,3083,7020,3622,3398,575,273,302,680,335,345
2029,477,Washington County,36067,17840,18227,21467,10445,11022,6190,3102,3088,7132,3675,3457,581,275,306,697,343,354
2030,477,Washington County,36132,17867,18265,21383,10403,10980,6198,3109,3089,7253,3728,3525,587,277,310,711,350,361
2031,477,Washington County,36198,17899,18299,21283,10354,10929,6209,3120,3089,7385,3788,3597,593,278,315,728,359,369
2032,477,Washington County,36239,17922,18317,21175,10309,10866,6214,3128,3086,7509,3841,3668,599,280,319,742,364,378
2033,477,Washington County,36286,17946,18340,21056,10252,10804,6225,3140,3085,7640,3899,3741,607,282,325,758,373,385
2034,477,Washington County,36288,17933,18355,20926,10189,10737,6217,3136,3081,7763,3945,3818,608,282,326,774,381,393
2035,477,Washington County,36305,17935,18370,20795,10127,10668,6215,3135,3080,7895,4001,3894,607,282,325,793,390,403
2036,477,Washington County,36299,17924,18375,20645,10053,10592,6218,3142,3076,8021,4052,3969,608,281,327,807,396,411
2037,477,Washington County,36274,17908,18366,20488,9981,10507,6225,3150,3075,8134,4097,4037,607,280,327,820,400,420
2038,477,Washington County,36259,17891,18368,20337,9910,10427,6220,3146,3074,8258,4150,4108,608,278,330,836,407,429
2039,477,Washington County,36239,17881,18358,20177,9841,10336,6217,3151,3066,8384,4197,4187,612,279,333,849,413,436
2040,477,Washington County,36200,17860,18340,20016,9769,10247,6218,3152,3066,8490,4243,4247,615,280,335,861,416,445
2041,477,Washington County,36183,17840,18343,19862,9697,10165,6225,3158,3067,8604,4282,4322,619,281,338,873,422,451
2042,477,Washington County,36155,17830,18325,19707,9631,10076,6213,3152,3061,8727,4339,4388,618,277,341,890,431,459
2043,477,Washington County,36144,17825,18319,19562,9571,9991,6213,3150,3063,8850,4390,4460,619,279,340,900,435,465
2044,477,Washington County,36106,17796,18310,19421,9505,9916,6190,3143,3047,8961,4429,4532,622,279,343,912,440,472
2045,477,Washington County,36098,17809,18289,19279,9452,9827,6191,3150,3041,9083,4487,4596,627,280,347,918,440,478
2046,477,Washington County,36061,17780,18281,19143,9393,9750,6180,3141,3039,9182,4521,4661,626,278,348,930,447,483
2047,477,Washington County,36040,17779,18261,19004,9335,9669,6171,3139,3032,9299,4575,4724,624,278,346,942,452,490
2048,477,Washington County,35989,17758,18231,18872,9285,9587,6148,3131,3017,9398,4613,4785,622,276,346,949,453,496
2049,477,Washington County,35959,17735,18224,18741,9234,9507,6131,3123,3008,9504,4647,4857,620,273,347,963,458,505
2050,477,Washington County,35932,17734,18198,18614,9182,9432,6112,3119,2993,9612,4700,4912,622,272,350,972,461,511
2010,479,Webb County,250304,121488,128816,8345,4634,3711,487,335,152,239653,115600,124053,1320,649,671,499,270,229
2011,479,Webb County,252752,122810,129942,8603,4765,3838,492,338,154,241806,116771,125035,1342,661,681,509,275,234
2012,479,Webb County,255096,124078,131018,8869,4903,3966,498,341,157,243843,117883,125960,1368,673,695,518,278,240
2013,479,Webb County,257514,125382,132132,9142,5042,4100,505,345,160,245941,119022,126919,1398,689,709,528,284,244
2014,479,Webb County,259967,126708,133259,9439,5201,4238,507,345,162,248061,120172,127889,1419,701,718,541,289,252
2015,479,Webb County,262486,128043,134443,9738,5349,4389,512,348,164,250237,121334,128903,1446,716,730,553,296,257
2016,479,Webb County,265200,129463,135737,10050,5504,4546,522,354,168,252592,122574,130018,1466,726,740,570,305,265
2017,479,Webb County,267971,130903,137068,10383,5670,4713,530,360,170,254991,123827,131164,1484,734,750,583,312,271
2018,479,Webb County,270759,132358,138401,10724,5838,4886,548,371,177,257381,125081,132300,1511,751,760,595,317,278
2019,479,Webb County,273466,133769,139697,11072,6004,5068,555,374,181,259704,126306,133398,1528,761,767,607,324,283
2020,479,Webb County,276183,135185,140998,11438,6182,5256,565,380,185,262010,127519,134491,1549,773,776,621,331,290
2021,479,Webb County,278650,136484,142166,11785,6349,5436,569,381,188,264095,128634,135461,1569,783,786,632,337,295
2022,479,Webb County,281094,137785,143309,12134,6515,5619,578,388,190,266154,129750,136404,1585,791,794,643,341,302
2023,479,Webb County,283490,139055,144435,12477,6676,5801,585,391,194,268176,130840,137336,1599,801,798,653,347,306
2024,479,Webb County,285847,140304,145543,12824,6839,5985,592,394,198,270155,131912,138243,1611,806,805,665,353,312
2025,479,Webb County,288157,141549,146608,13160,7001,6159,598,396,202,272095,132973,139122,1627,818,809,677,361,316
2026,479,Webb County,290403,142761,147642,13506,7164,6342,606,399,207,273965,134009,139956,1641,825,816,685,364,321
2027,479,Webb County,292535,143921,148614,13841,7326,6515,612,404,208,275736,134988,140748,1651,833,818,695,370,325
2028,479,Webb County,294598,145044,149554,14176,7486,6690,618,406,212,277440,135940,141500,1663,839,824,701,373,328
2029,479,Webb County,296543,146096,150447,14516,7642,6874,625,408,217,279018,136826,142192,1674,842,832,710,378,332
2030,479,Webb County,298364,147083,151281,14845,7792,7053,632,411,221,280492,137656,142836,1678,844,834,717,380,337
2031,479,Webb County,300042,148010,152032,15180,7945,7235,639,414,225,281817,138417,143400,1682,850,832,724,384,340
2032,479,Webb County,301555,148852,152703,15511,8098,7413,645,416,229,282984,139098,143886,1687,856,831,728,384,344
2033,479,Webb County,302948,149632,153316,15839,8249,7590,649,417,232,284028,139718,144310,1694,859,835,738,389,349
2034,479,Webb County,304158,150313,153845,16159,8391,7768,652,417,235,284910,140256,144654,1697,860,837,740,389,351
2035,479,Webb County,305237,150932,154305,16489,8540,7949,657,419,238,285641,140718,144923,1705,863,842,745,392,353
2036,479,Webb County,306171,151481,154690,16818,8691,8127,661,420,241,286229,141108,145121,1707,864,843,756,398,358
2037,479,Webb County,306986,151965,155021,17147,8839,8308,666,421,245,286704,141442,145262,1710,866,844,759,397,362
2038,479,Webb County,307677,152384,155293,17459,8981,8478,671,422,249,287061,141713,145348,1713,862,851,773,406,367
2039,479,Webb County,308269,152760,155509,17777,9127,8650,673,424,249,287329,141937,145392,1711,864,847,779,408,371
2040,479,Webb County,308758,153077,155681,18086,9267,8819,676,425,251,287489,142105,145384,1715,864,851,792,416,376
2041,479,Webb County,309129,153330,155799,18380,9393,8987,683,428,255,287559,142230,145329,1715,867,848,792,412,380
2042,479,Webb County,309427,153555,155872,18696,9534,9162,687,428,259,287526,142308,145218,1714,868,846,804,417,387
2043,479,Webb County,309618,153715,155903,18991,9666,9325,690,428,262,287420,142339,145081,1713,869,844,804,413,391
2044,479,Webb County,309710,153830,155880,19282,9790,9492,692,429,263,287210,142320,144890,1711,872,839,815,419,396
2045,479,Webb County,309741,153914,155827,19589,9929,9660,693,428,265,286929,142266,144663,1709,870,839,821,421,400
2046,479,Webb County,309686,153962,155724,19884,10061,9823,694,426,268,286576,142182,144394,1701,867,834,831,426,405
2047,479,Webb County,309526,153943,155583,20173,10188,9985,686,419,267,286141,142047,144094,1693,866,827,833,423,410
2048,479,Webb County,309316,153900,155416,20475,10319,10156,690,420,270,285616,141867,143749,1692,864,828,843,430,413
2049,479,Webb County,308983,153801,155182,20748,10439,10309,691,420,271,285012,141650,143362,1682,860,822,850,432,418
2050,479,Webb County,308573,153657,154916,21025,10557,10468,690,420,270,284330,141392,142938,1671,853,818,857,435,422
2010,481,Wharton County,41280,20291,20989,19681,9461,10220,5668,2693,2975,15445,7893,7552,154,73,81,332,171,161
2011,481,Wharton County,41357,20344,21013,19516,9397,10119,5625,2671,2954,15715,8024,7691,157,74,83,344,178,166
2012,481,Wharton County,41444,20402,21042,19350,9331,10019,5595,2653,2942,15983,8158,7825,160,76,84,356,184,172
2013,481,Wharton County,41515,20444,21071,19171,9254,9917,5559,2632,2927,16254,8290,7964,163,77,86,368,191,177
2014,481,Wharton County,41583,20492,21091,18995,9183,9812,5513,2608,2905,16527,8424,8103,166,79,87,382,198,184
2015,481,Wharton County,41645,20527,21118,18824,9109,9715,5468,2584,2884,16785,8547,8238,170,81,89,398,206,192
2016,481,Wharton County,41709,20560,21149,18669,9044,9625,5424,2558,2866,17034,8664,8370,172,82,90,410,212,198
2017,481,Wharton County,41777,20593,21184,18504,8969,9535,5388,2538,2850,17286,8784,8502,176,84,92,423,218,205
2018,481,Wharton County,41834,20619,21215,18338,8896,9442,5337,2511,2826,17543,8902,8641,180,86,94,436,224,212
2019,481,Wharton County,41883,20644,21239,18171,8823,9348,5288,2482,2806,17790,9020,8770,183,87,96,451,232,219
2020,481,Wharton County,41941,20659,21282,18001,8743,9258,5245,2453,2792,18046,9137,8909,186,89,97,463,237,226
2021,481,Wharton County,41999,20686,21313,17830,8667,9163,5211,2432,2779,18293,9252,9041,190,91,99,475,244,231
2022,481,Wharton County,42045,20694,21351,17666,8590,9076,5154,2396,2758,18541,9363,9178,193,93,100,491,252,239
2023,481,Wharton County,42091,20716,21375,17493,8514,8979,5105,2370,2735,18794,9479,9315,195,93,102,504,260,244
2024,481,Wharton County,42142,20731,21411,17326,8436,8890,5059,2342,2717,19040,9590,9450,198,95,103,519,268,251
2025,481,Wharton County,42173,20746,21427,17155,8360,8795,5003,2313,2690,19282,9701,9581,201,96,105,532,276,256
2026,481,Wharton County,42218,20765,21453,16992,8284,8708,4947,2284,2663,19531,9818,9713,205,98,107,543,281,262
2027,481,Wharton County,42276,20794,21482,16829,8211,8618,4907,2261,2646,19775,9934,9841,208,99,109,557,289,268
2028,481,Wharton County,42297,20804,21493,16641,8125,8516,4856,2236,2620,20019,10046,9973,212,102,110,569,295,274
2029,481,Wharton County,42310,20802,21508,16456,8034,8422,4807,2212,2595,20255,10155,10100,212,101,111,580,300,280
2030,481,Wharton County,42320,20794,21526,16272,7944,8328,4760,2190,2570,20485,10254,10231,215,103,112,588,303,285
2031,481,Wharton County,42325,20791,21534,16085,7855,8230,4709,2162,2547,20713,10361,10352,218,105,113,600,308,292
2032,481,Wharton County,42295,20759,21536,15889,7759,8130,4651,2128,2523,20925,10454,10471,221,107,114,609,311,298
2033,481,Wharton County,42255,20734,21521,15680,7659,8021,4600,2104,2496,21134,10547,10587,221,107,114,620,317,303
2034,481,Wharton County,42226,20714,21512,15476,7565,7911,4554,2079,2475,21341,10639,10702,223,109,114,632,322,310
2035,481,Wharton County,42147,20671,21476,15252,7465,7787,4503,2054,2449,21529,10717,10812,221,107,114,642,328,314
2036,481,Wharton County,42093,20633,21460,15044,7365,7679,4460,2034,2426,21713,10793,10920,222,109,113,654,332,322
2037,481,Wharton County,42030,20597,21433,14825,7262,7563,4424,2017,2407,21895,10874,11021,221,108,113,665,336,329
2038,481,Wharton County,41940,20541,21399,14592,7146,7446,4389,2000,2389,22060,10945,11115,222,110,112,677,340,337
2039,481,Wharton County,41857,20489,21368,14375,7045,7330,4351,1980,2371,22218,11007,11211,223,111,112,690,346,344
2040,481,Wharton County,41734,20416,21318,14145,6935,7210,4302,1957,2345,22367,11066,11301,222,109,113,698,349,349
2041,481,Wharton County,41630,20359,21271,13926,6833,7093,4256,1936,2320,22515,11126,11389,226,111,115,707,353,354
2042,481,Wharton County,41502,20284,21218,13698,6722,6976,4211,1910,2301,22653,11184,11469,227,112,115,713,356,357
2043,481,Wharton County,41369,20215,21154,13481,6620,6861,4166,1892,2274,22780,11236,11544,226,110,116,716,357,359
2044,481,Wharton County,41236,20131,21105,13259,6511,6748,4118,1867,2251,22907,11284,11623,225,109,116,727,360,367
2045,481,Wharton County,41095,20049,21046,13053,6416,6637,4065,1838,2227,23018,11326,11692,227,108,119,732,361,371
2046,481,Wharton County,40987,19988,20999,12855,6318,6537,4015,1812,2203,23144,11379,11765,229,110,119,744,369,375
2047,481,Wharton County,40848,19911,20937,12646,6225,6421,3964,1787,2177,23263,11421,11842,228,109,119,747,369,378
2048,481,Wharton County,40708,19838,20870,12443,6134,6309,3911,1765,2146,23371,11457,11914,228,109,119,755,373,382
2049,481,Wharton County,40575,19760,20815,12253,6046,6207,3856,1743,2113,23476,11486,11990,229,109,120,761,376,385
2050,481,Wharton County,40449,19685,20764,12063,5956,6107,3806,1719,2087,23584,11522,12062,230,110,120,766,378,388
2010,483,Wheeler County,5410,2661,2749,3847,1867,1980,112,53,59,1344,697,647,23,7,16,84,37,47
2011,483,Wheeler County,5441,2680,2761,3846,1870,1976,114,54,60,1372,711,661,23,7,16,86,38,48
2012,483,Wheeler County,5482,2705,2777,3853,1879,1974,116,55,61,1402,725,677,23,7,16,88,39,49
2013,483,Wheeler County,5520,2726,2794,3856,1883,1973,119,56,63,1432,740,692,23,7,16,90,40,50
2014,483,Wheeler County,5562,2753,2809,3863,1892,1971,122,58,64,1462,755,707,23,7,16,92,41,51
2015,483,Wheeler County,5599,2779,2820,3862,1901,1961,125,59,66,1494,770,724,23,7,16,95,42,53
2016,483,Wheeler County,5643,2803,2840,3870,1908,1962,128,61,67,1524,783,741,23,7,16,98,44,54
2017,483,Wheeler County,5680,2820,2860,3870,1910,1960,131,62,69,1555,796,759,23,7,16,101,45,56
2018,483,Wheeler County,5712,2839,2873,3866,1911,1955,134,64,70,1585,810,775,23,7,16,104,47,57
2019,483,Wheeler County,5751,2858,2893,3867,1917,1950,137,65,72,1617,821,796,23,7,16,107,48,59
2020,483,Wheeler County,5783,2874,2909,3863,1918,1945,140,67,73,1648,833,815,23,7,16,109,49,60
2021,483,Wheeler County,5813,2887,2926,3854,1914,1940,143,68,75,1682,848,834,23,7,16,111,50,61
2022,483,Wheeler County,5841,2910,2931,3845,1916,1929,146,70,76,1713,865,848,23,7,16,114,52,62
2023,483,Wheeler County,5869,2928,2941,3831,1913,1918,149,71,78,1749,884,865,23,7,16,117,53,64
2024,483,Wheeler County,5901,2946,2955,3821,1910,1911,152,73,79,1785,901,884,23,7,16,120,55,65
2025,483,Wheeler County,5923,2960,2963,3803,1905,1898,155,74,81,1819,918,901,23,7,16,123,56,67
2026,483,Wheeler County,5951,2978,2973,3792,1903,1889,158,76,82,1852,934,918,23,7,16,126,58,68
2027,483,Wheeler County,5980,2991,2989,3776,1895,1881,161,77,84,1892,953,939,23,7,16,128,59,69
2028,483,Wheeler County,6007,3004,3003,3758,1886,1872,164,79,85,1932,972,960,23,7,16,130,60,70
2029,483,Wheeler County,6041,3020,3021,3746,1883,1863,166,79,87,1973,990,983,23,7,16,133,61,72
2030,483,Wheeler County,6066,3034,3032,3727,1875,1852,169,81,88,2012,1008,1004,22,7,15,136,63,73
2031,483,Wheeler County,6096,3053,3043,3712,1872,1840,170,82,88,2054,1029,1025,22,7,15,138,63,75
2032,483,Wheeler County,6118,3068,3050,3691,1864,1827,172,83,89,2092,1049,1043,22,7,15,141,65,76
2033,483,Wheeler County,6142,3079,3063,3672,1856,1816,174,84,90,2131,1066,1065,22,7,15,143,66,77
2034,483,Wheeler County,6158,3089,3069,3651,1849,1802,176,85,91,2165,1081,1084,20,6,14,146,68,78
2035,483,Wheeler County,6185,3103,3082,3637,1842,1795,180,87,93,2198,1098,1100,20,6,14,150,70,80
2036,483,Wheeler County,6198,3112,3086,3617,1835,1782,182,89,93,2229,1113,1116,19,5,14,151,70,81
2037,483,Wheeler County,6213,3118,3095,3594,1823,1771,184,89,95,2262,1129,1133,19,5,14,154,72,82
2038,483,Wheeler County,6229,3126,3103,3576,1814,1762,186,90,96,2290,1143,1147,19,5,14,158,74,84
2039,483,Wheeler County,6246,3134,3112,3558,1805,1753,188,91,97,2320,1157,1163,19,5,14,161,76,85
2040,483,Wheeler County,6264,3143,3121,3537,1794,1743,191,93,98,2353,1172,1181,18,5,13,165,79,86
2041,483,Wheeler County,6282,3145,3137,3522,1783,1739,194,94,100,2382,1185,1197,18,4,14,166,79,87
2042,483,Wheeler County,6306,3154,3152,3511,1778,1733,197,96,101,2412,1196,1216,17,4,13,169,80,89
2043,483,Wheeler County,6310,3149,3161,3486,1765,1721,199,96,103,2437,1203,1234,16,4,12,172,81,91
2044,483,Wheeler County,6332,3161,3171,3477,1762,1715,200,98,102,2467,1217,1250,15,3,12,173,81,92
2045,483,Wheeler County,6346,3166,3180,3459,1751,1708,202,99,103,2493,1230,1263,15,3,12,177,83,94
2046,483,Wheeler County,6353,3173,3180,3444,1745,1699,202,99,103,2514,1243,1271,15,3,12,178,83,95
2047,483,Wheeler County,6371,3181,3190,3431,1738,1693,203,99,104,2544,1258,1286,14,3,11,179,83,96
2048,483,Wheeler County,6392,3185,3207,3418,1731,1687,203,99,104,2576,1268,1308,13,3,10,182,84,98
2049,483,Wheeler County,6399,3179,3220,3396,1719,1677,202,98,104,2604,1276,1328,13,3,10,184,83,101
2050,483,Wheeler County,6421,3188,3233,3383,1715,1668,205,100,105,2634,1286,1348,13,3,10,186,84,102
2010,485,Wichita County,131500,67438,64062,90001,45226,44775,13322,7287,6035,21859,11817,10042,2586,1196,1390,3732,1912,1820
2011,485,Wichita County,131263,67383,63880,89288,44917,44371,13268,7273,5995,22342,12059,10283,2613,1209,1404,3752,1925,1827
2012,485,Wichita County,131487,67570,63917,88932,44795,44137,13256,7280,5976,22860,12317,10543,2657,1233,1424,3782,1945,1837
2013,485,Wichita County,131747,67777,63970,88609,44707,43902,13238,7280,5958,23384,12574,10810,2697,1251,1446,3819,1965,1854
2014,485,Wichita County,132008,67981,64027,88283,44607,43676,13229,7286,5943,23919,12839,11080,2731,1270,1461,3846,1979,1867
2015,485,Wichita County,132212,68143,64069,87928,44491,43437,13203,7280,5923,24445,13092,11353,2757,1284,1473,3879,1996,1883
2016,485,Wichita County,132429,68314,64115,87559,44366,43193,13175,7272,5903,24987,13360,11627,2792,1302,1490,3916,2014,1902
2017,485,Wichita County,132630,68492,64138,87162,44229,42933,13172,7285,5887,25530,13629,11901,2820,1318,1502,3946,2031,1915
2018,485,Wichita County,132840,68673,64167,86759,44097,42662,13169,7294,5875,26070,13894,12176,2866,1341,1525,3976,2047,1929
2019,485,Wichita County,133011,68815,64196,86326,43939,42387,13154,7301,5853,26621,14161,12460,2901,1352,1549,4009,2062,1947
2020,485,Wichita County,133138,68958,64180,85849,43765,42084,13144,7311,5833,27175,14433,12742,2930,1366,1564,4040,2083,1957
2021,485,Wichita County,133226,69069,64157,85344,43581,41763,13127,7317,5810,27735,14701,13034,2962,1378,1584,4058,2092,1966
2022,485,Wichita County,133293,69183,64110,84816,43383,41433,13118,7328,5790,28288,14974,13314,2987,1389,1598,4084,2109,1975
2023,485,Wichita County,133288,69239,64049,84247,43158,41089,13097,7330,5767,28836,15234,13602,3006,1401,1605,4102,2116,1986
2024,485,Wichita County,133273,69293,63980,83642,42914,40728,13081,7340,5741,29389,15497,13892,3034,1415,1619,4127,2127,2000
2025,485,Wichita County,133212,69313,63899,83032,42665,40367,13066,7338,5728,29919,15747,14172,3049,1423,1626,4146,2140,2006
2026,485,Wichita County,133100,69310,63790,82377,42386,39991,13046,7349,5697,30450,15996,14454,3069,1432,1637,4158,2147,2011
2027,485,Wichita County,132952,69265,63687,81690,42084,39606,13027,7345,5682,30977,16238,14739,3085,1444,1641,4173,2154,2019
2028,485,Wichita County,132751,69209,63542,80969,41772,39197,13009,7352,5657,31496,16479,15017,3098,1450,1648,4179,2156,2023
2029,485,Wichita County,132522,69142,63380,80244,41458,38786,12978,7352,5626,32008,16713,15295,3107,1455,1652,4185,2164,2021
2030,485,Wichita County,132297,69096,63201,79522,41163,38359,12953,7353,5600,32512,16943,15569,3117,1466,1651,4193,2171,2022
2031,485,Wichita County,131984,68986,62998,78748,40836,37912,12916,7348,5568,33010,17170,15840,3118,1463,1655,4192,2169,2023
2032,485,Wichita County,131658,68868,62790,77966,40499,37467,12882,7334,5548,33491,17389,16102,3118,1472,1646,4201,2174,2027
2033,485,Wichita County,131278,68717,62561,77151,40144,37007,12827,7316,5511,33987,17610,16377,3118,1474,1644,4195,2173,2022
2034,485,Wichita County,130868,68555,62313,76336,39786,36550,12759,7296,5463,34464,17833,16631,3114,1471,1643,4195,2169,2026
2035,485,Wichita County,130431,68362,62069,75503,39417,36086,12688,7269,5419,34950,18043,16907,3105,1469,1636,4185,2164,2021
2036,485,Wichita County,129959,68169,61790,74659,39052,35607,12613,7238,5375,35418,18250,17168,3091,1469,1622,4178,2160,2018
2037,485,Wichita County,129449,67958,61491,73795,38669,35126,12530,7210,5320,35880,18458,17422,3084,1469,1615,4160,2152,2008
2038,485,Wichita County,128920,67740,61180,72933,38290,34643,12439,7176,5263,36340,18665,17675,3071,1468,1603,4137,2141,1996
2039,485,Wichita County,128355,67482,60873,72059,37895,34164,12339,7132,5207,36791,18867,17924,3051,1465,1586,4115,2123,1992
2040,485,Wichita County,127779,67227,60552,71179,37509,33670,12225,7080,5145,37243,19065,18178,3036,1463,1573,4096,2110,1986
2041,485,Wichita County,127194,66961,60233,70290,37113,33177,12122,7032,5090,37694,19265,18429,3027,1467,1560,4061,2084,1977
2042,485,Wichita County,126610,66716,59894,69404,36724,32680,12032,7001,5031,38138,19464,18674,3004,1458,1546,4032,2069,1963
2043,485,Wichita County,125999,66440,59559,68509,36323,32186,11933,6958,4975,38584,19662,18922,2981,1452,1529,3992,2045,1947
2044,485,Wichita County,125360,66155,59205,67590,35915,31675,11839,6919,4920,39011,19852,19159,2959,1444,1515,3961,2025,1936
2045,485,Wichita County,124695,65853,58842,66677,35515,31162,11728,6865,4863,39436,20039,19397,2934,1442,1492,3920,1992,1928
2046,485,Wichita County,124003,65544,58459,65749,35103,30646,11613,6815,4798,39845,20213,19632,2905,1433,1472,3891,1980,1911
2047,485,Wichita County,123347,65238,58109,64844,34705,30139,11524,6775,4749,40253,20391,19862,2880,1425,1455,3846,1942,1904
2048,485,Wichita County,122690,64957,57733,63937,34307,29630,11426,6734,4692,40650,20561,20089,2851,1420,1431,3826,1935,1891
2049,485,Wichita County,122013,64639,57374,63043,33903,29140,11330,6693,4637,41031,20725,20306,2826,1409,1417,3783,1909,1874
2050,485,Wichita County,121337,64340,56997,62150,33510,28640,11224,6647,4577,41405,20884,20521,2797,1400,1397,3761,1899,1862
2010,487,Wilbarger County,13535,6736,6799,8585,4211,4374,1049,556,493,3508,1776,1732,97,46,51,296,147,149
2011,487,Wilbarger County,13445,6685,6760,8433,4132,4301,1061,562,499,3550,1794,1756,98,46,52,303,151,152
2012,487,Wilbarger County,13381,6648,6733,8302,4059,4243,1074,569,505,3596,1818,1778,99,47,52,310,155,155
2013,487,Wilbarger County,13344,6629,6715,8183,3998,4185,1087,575,512,3658,1851,1807,100,47,53,316,158,158
2014,487,Wilbarger County,13301,6606,6695,8064,3937,4127,1100,581,519,3712,1877,1835,101,48,53,324,163,161
2015,487,Wilbarger County,13266,6590,6676,7952,3877,4075,1115,589,526,3766,1909,1857,102,48,54,331,167,164
2016,487,Wilbarger County,13212,6569,6643,7831,3816,4015,1126,595,531,3815,1939,1876,103,49,54,337,170,167
2017,487,Wilbarger County,13181,6559,6622,7721,3760,3961,1145,606,539,3868,1971,1897,104,49,55,343,173,170
2018,487,Wilbarger County,13130,6535,6595,7607,3702,3905,1155,611,544,3914,1996,1918,105,50,55,349,176,173
2019,487,Wilbarger County,13085,6510,6575,7494,3645,3849,1165,613,552,3963,2021,1942,106,50,56,357,181,176
2020,487,Wilbarger County,13038,6477,6561,7384,3580,3804,1178,618,560,4007,2045,1962,107,51,56,362,183,179
2021,487,Wilbarger County,12973,6449,6524,7262,3518,3744,1191,627,564,4045,2067,1978,108,51,57,367,186,181
2022,487,Wilbarger County,12913,6409,6504,7140,3447,3693,1199,629,570,4087,2087,2000,109,52,57,378,194,184
2023,487,Wilbarger County,12838,6365,6473,7020,3380,3640,1204,634,570,4124,2105,2019,110,52,58,380,194,186
2024,487,Wilbarger County,12772,6333,6439,6894,3312,3582,1214,640,574,4165,2128,2037,111,53,58,388,200,188
2025,487,Wilbarger County,12701,6291,6410,6772,3243,3529,1223,643,580,4200,2149,2051,112,53,59,394,203,191
2026,487,Wilbarger County,12623,6252,6371,6649,3175,3474,1229,648,581,4233,2169,2064,113,54,59,399,206,193
2027,487,Wilbarger County,12543,6208,6335,6526,3104,3422,1236,653,583,4262,2187,2075,113,54,59,406,210,196
2028,487,Wilbarger County,12461,6155,6306,6402,3033,3369,1248,657,591,4287,2199,2088,114,55,59,410,211,199
2029,487,Wilbarger County,12369,6102,6267,6282,2965,3317,1253,658,595,4306,2211,2095,114,55,59,414,213,201
2030,487,Wilbarger County,12273,6055,6218,6153,2898,3255,1260,663,597,4326,2222,2104,115,56,59,419,216,203
2031,487,Wilbarger County,12169,5999,6170,6023,2827,3196,1264,666,598,4344,2234,2110,115,56,59,423,216,207
2032,487,Wilbarger County,12051,5936,6115,5890,2759,3131,1263,666,597,4360,2240,2120,114,56,58,424,215,209
2033,487,Wilbarger County,11938,5873,6065,5763,2693,3070,1265,665,600,4370,2245,2125,115,56,59,425,214,211
2034,487,Wilbarger County,11834,5818,6016,5636,2630,3006,1269,665,604,4384,2250,2134,115,57,58,430,216,214
2035,487,Wilbarger County,11723,5758,5965,5503,2557,2946,1274,668,606,4400,2260,2140,114,56,58,432,217,215
2036,487,Wilbarger County,11596,5686,5910,5371,2487,2884,1271,664,607,4407,2262,2145,113,55,58,434,218,216
2037,487,Wilbarger County,11489,5632,5857,5247,2423,2824,1270,665,605,4420,2270,2150,114,55,59,438,219,219
2038,487,Wilbarger County,11363,5562,5801,5111,2352,2759,1268,662,606,4431,2273,2158,111,55,56,442,220,222
2039,487,Wilbarger County,11241,5486,5755,4988,2283,2705,1262,655,607,4438,2275,2163,111,55,56,442,218,224
2040,487,Wilbarger County,11133,5428,5705,4878,2225,2653,1253,651,602,4445,2276,2169,112,56,56,445,220,225
2041,487,Wilbarger County,11020,5369,5651,4765,2167,2598,1249,649,600,4447,2276,2171,112,56,56,447,221,226
2042,487,Wilbarger County,10904,5302,5602,4657,2106,2551,1242,642,600,4442,2276,2166,112,56,56,451,222,229
2043,487,Wilbarger County,10796,5238,5558,4553,2048,2505,1239,639,600,4445,2276,2169,112,56,56,447,219,228
2044,487,Wilbarger County,10692,5176,5516,4457,1995,2462,1234,635,599,4441,2271,2170,113,57,56,447,218,229
2045,487,Wilbarger County,10589,5113,5476,4362,1941,2421,1227,632,595,4440,2267,2173,112,56,56,448,217,231
2046,487,Wilbarger County,10492,5060,5432,4275,1894,2381,1217,626,591,4440,2268,2172,112,57,55,448,215,233
2047,487,Wilbarger County,10373,4995,5378,4180,1846,2334,1206,621,585,4428,2258,2170,112,57,55,447,213,234
2048,487,Wilbarger County,10279,4950,5329,4090,1801,2289,1201,620,581,4429,2258,2171,111,57,54,448,214,234
2049,487,Wilbarger County,10146,4885,5261,3999,1759,2240,1196,620,576,4397,2240,2157,109,55,54,445,211,234
2050,487,Wilbarger County,10057,4846,5211,3921,1721,2200,1194,621,573,4390,2241,2149,108,54,54,444,209,235
2010,489,Willacy County,22134,12030,10104,2235,1221,1014,389,350,39,19297,10308,8989,134,109,25,79,42,37
2011,489,Willacy County,22137,12042,10095,2197,1196,1001,390,350,40,19338,10347,8991,131,106,25,81,43,38
2012,489,Willacy County,22149,12056,10093,2171,1180,991,392,352,40,19375,10377,8998,128,103,25,83,44,39
2013,489,Willacy County,22154,12071,10083,2137,1161,976,396,355,41,19410,10409,9001,126,101,25,85,45,40
2014,489,Willacy County,22154,12080,10074,2105,1141,964,396,355,41,19442,10439,9003,124,99,25,87,46,41
2015,489,Willacy County,22166,12094,10072,2077,1121,956,398,356,42,19478,10471,9007,124,99,25,89,47,42
2016,489,Willacy County,22184,12122,10062,2057,1113,944,399,357,42,19511,10503,9008,126,101,25,91,48,43
2017,489,Willacy County,22174,12126,10048,2031,1098,933,399,356,43,19523,10520,9003,128,103,25,93,49,44
2018,489,Willacy County,22162,12131,10031,2005,1083,922,402,358,44,19534,10539,8995,126,101,25,95,50,45
2019,489,Willacy County,22157,12145,10012,1983,1072,911,406,361,45,19544,10559,8985,127,102,25,97,51,46
2020,489,Willacy County,22134,12156,9978,1964,1064,900,408,362,46,19536,10576,8960,127,102,25,99,52,47
2021,489,Willacy County,22115,12165,9950,1951,1058,893,408,360,48,19530,10594,8936,125,100,25,101,53,48
2022,489,Willacy County,22089,12174,9915,1937,1054,883,410,362,48,19514,10604,8910,126,101,25,102,53,49
2023,489,Willacy County,22053,12176,9877,1924,1048,876,412,363,49,19486,10609,8877,127,102,25,104,54,50
2024,489,Willacy County,22020,12176,9844,1914,1046,868,414,364,50,19459,10609,8850,127,102,25,106,55,51
2025,489,Willacy County,21984,12171,9813,1901,1041,860,416,365,51,19433,10608,8825,126,101,25,108,56,52
2026,489,Willacy County,21939,12158,9781,1884,1035,849,418,366,52,19401,10599,8802,126,101,25,110,57,53
2027,489,Willacy County,21880,12139,9741,1866,1028,838,421,368,53,19357,10586,8771,124,99,25,112,58,54
2028,489,Willacy County,21806,12118,9688,1846,1017,829,422,369,53,19300,10574,8726,125,100,25,113,58,55
2029,489,Willacy County,21732,12091,9641,1833,1012,821,424,370,54,19237,10552,8685,124,99,25,114,58,56
2030,489,Willacy County,21641,12060,9581,1818,1005,813,425,370,55,19159,10527,8632,124,99,25,115,59,56
2031,489,Willacy County,21572,12034,9538,1801,997,804,427,371,56,19097,10503,8594,128,103,25,119,60,59
2032,489,Willacy County,21493,12006,9487,1788,994,794,431,374,57,19023,10472,8551,129,104,25,122,62,60
2033,489,Willacy County,21393,11971,9422,1773,989,784,432,374,58,18935,10442,8493,130,105,25,123,61,62
2034,489,Willacy County,21287,11931,9356,1763,986,777,431,372,59,18835,10403,8432,132,107,25,126,63,63
2035,489,Willacy County,21180,11885,9295,1753,986,767,431,371,60,18737,10358,8379,133,108,25,126,62,64
2036,489,Willacy County,21069,11837,9232,1738,979,759,433,372,61,18635,10313,8322,134,109,25,129,64,65
2037,489,Willacy County,20957,11793,9164,1727,978,749,433,372,61,18532,10270,8262,133,108,25,132,65,67
2038,489,Willacy County,20813,11735,9078,1712,976,736,431,369,62,18399,10212,8187,135,110,25,136,68,68
2039,489,Willacy County,20706,11688,9018,1707,974,733,433,370,63,18294,10165,8129,135,111,24,137,68,69
2040,489,Willacy County,20578,11636,8942,1704,977,727,434,371,63,18165,10107,8058,136,112,24,139,69,70
2041,489,Willacy County,20462,11587,8875,1699,977,722,434,370,64,18053,10060,7993,135,111,24,141,69,72
2042,489,Willacy County,20342,11533,8809,1697,978,719,434,369,65,17933,10003,7930,134,111,23,144,72,72
2043,489,Willacy County,20199,11470,8729,1693,979,714,432,367,65,17798,9945,7853,134,111,23,142,68,74
2044,489,Willacy County,20072,11414,8658,1691,981,710,432,366,66,17669,9885,7784,134,111,23,146,71,75
2045,489,Willacy County,19936,11356,8580,1688,982,706,430,363,67,17536,9829,7707,134,111,23,148,71,77
2046,489,Willacy County,19792,11287,8505,1686,983,703,431,363,68,17391,9757,7634,134,111,23,150,73,77
2047,489,Willacy County,19656,11223,8433,1684,984,700,433,364,69,17254,9692,7562,134,111,23,151,72,79
2048,489,Willacy County,19515,11159,8356,1681,984,697,433,364,69,17114,9627,7487,133,110,23,154,74,80
2049,489,Willacy County,19374,11098,8276,1675,984,691,432,361,71,16981,9571,7410,131,108,23,155,74,81
2050,489,Willacy County,19226,11030,8196,1673,983,690,434,363,71,16834,9503,7331,130,108,22,155,73,82
2010,491,Williamson County,422679,208032,214647,269481,132222,137259,24744,12157,12587,98034,49062,48972,20084,9487,10597,10336,5104,5232
2011,491,Williamson County,437474,215206,222268,276428,135569,140859,25880,12736,13144,102521,51198,51323,21759,10307,11452,10886,5396,5490
2012,491,Williamson County,452619,222507,230112,283418,138913,144505,27052,13333,13719,107166,53399,53767,23529,11165,12364,11454,5697,5757
2013,491,Williamson County,468139,230000,238139,290474,142300,148174,28272,13951,14321,111955,55661,56294,25401,12080,13321,12037,6008,6029
2014,491,Williamson County,484083,237699,246384,297617,145712,151905,29518,14592,14926,116916,58008,58908,27377,13052,14325,12655,6335,6320
2015,491,Williamson County,500472,245595,254877,304835,149161,155674,30804,15249,15555,122044,60425,61619,29487,14082,15405,13302,6678,6624
2016,491,Williamson County,517242,253692,263550,312073,152634,159439,32165,15945,16220,127331,62923,64408,31708,15162,16546,13965,7028,6937
2017,491,Williamson County,534526,262019,272507,319398,156145,163253,33544,16644,16900,132809,65501,67308,34111,16332,17779,14664,7397,7267
2018,491,Williamson County,552320,270581,281739,326803,159699,167104,34966,17363,17603,138489,68176,70313,36681,17569,19112,15381,7774,7607
2019,491,Williamson County,570763,279446,291317,334339,163303,171036,36458,18122,18336,144374,70944,73430,39451,18904,20547,16141,8173,7968
2020,491,Williamson County,589861,288611,301250,342002,166977,175025,38006,18901,19105,150468,73803,76665,42440,20333,22107,16945,8597,8348
2021,491,Williamson County,609765,298158,311607,349852,170741,179111,39603,19708,19895,156824,76782,80042,45692,21887,23805,17794,9040,8754
2022,491,Williamson County,630520,308133,322387,357874,174594,183280,41265,20553,20712,163439,79885,83554,49255,23589,25666,18687,9512,9175
2023,491,Williamson County,652106,318500,333606,366036,178511,187525,42986,21434,21552,170303,83091,87212,53137,25445,27692,19644,10019,9625
2024,491,Williamson County,674571,329271,345300,374345,182515,191830,44768,22338,22430,177409,86398,91011,57408,27473,29935,20641,10547,10094
2025,491,Williamson County,697965,340505,357460,382806,186601,196205,46610,23276,23334,184764,89819,94945,62087,29700,32387,21698,11109,10589
2026,491,Williamson County,722346,352199,370147,391394,190749,200645,48498,24240,24258,192390,93356,99034,67252,32156,35096,22812,11698,11114
2027,491,Williamson County,747725,364403,383322,400093,194968,205125,50449,25237,25212,200269,97017,103252,72921,34854,38067,23993,12327,11666
2028,491,Williamson County,774151,377128,397023,408915,199260,209655,52468,26270,26198,208404,100790,107614,79124,37816,41308,25240,12992,12248
2029,491,Williamson County,801646,390357,411289,417835,203593,214242,54529,27319,27210,216793,104673,112120,85917,41065,44852,26572,13707,12865
2030,491,Williamson County,830157,404052,426105,426840,207969,218871,56639,28394,28245,225420,108654,116766,93305,44597,48708,27953,14438,13515
2031,491,Williamson County,859735,418260,441475,435890,212364,223526,58786,29491,29295,234282,112726,121556,101372,48472,52900,29405,15207,14198
2032,491,Williamson County,890374,432989,457385,444952,216762,228190,61003,30626,30377,243381,116900,126481,110110,52682,57428,30928,16019,14909
2033,491,Williamson County,922081,448244,473837,454009,221168,232841,63262,31783,31479,252725,121183,131542,119563,57247,62316,32522,16863,15659
2034,491,Williamson County,954773,463947,490826,462980,225524,237456,65567,32960,32607,262281,125546,136735,129766,62181,67585,34179,17736,16443
2035,491,Williamson County,988553,480206,508347,471917,229874,242043,67917,34173,33744,272071,130004,142067,140738,67511,73227,35910,18644,17266
2036,491,Williamson County,1023389,496966,526423,480757,234187,246570,70315,35402,34913,282075,134545,147530,152540,73256,79284,37702,19576,18126
2037,491,Williamson County,1059306,514260,545046,489543,238476,251067,72765,36668,36097,292290,139173,153117,165150,79406,85744,39558,20537,19021
2038,491,Williamson County,1096299,532051,564248,498244,242719,255525,75245,37944,37301,302723,143888,158835,178600,85974,92626,41487,21526,19961
2039,491,Williamson County,1134359,550369,583990,506859,246924,259935,77785,39256,38529,313388,148702,164686,192874,92958,99916,43453,22529,20924
2040,491,Williamson County,1173580,569255,604325,515373,251086,264287,80370,40598,39772,324287,153608,170679,208048,100395,107653,45502,23568,21934
2041,491,Williamson County,1213908,588649,625259,523797,255204,268593,82998,41962,41036,335400,158601,176799,224123,108274,115849,47590,24608,22982
2042,491,Williamson County,1255357,608571,646786,532137,259293,272844,85657,43341,42316,346744,163685,183059,241093,116579,124514,49726,25673,24053
2043,491,Williamson County,1298033,629091,668942,540392,263346,277046,88375,44755,43620,358315,168876,189439,259033,125363,133670,51918,26751,25167
2044,491,Williamson County,1341976,650184,691792,548556,267352,281204,91134,46197,44937,370150,174179,195971,277970,134608,143362,54166,27848,26318
2045,491,Williamson County,1387322,671948,715374,556685,271350,285335,93949,47667,46282,382221,179581,202640,297997,144380,153617,56470,28970,27500
2046,491,Williamson County,1434158,694375,739783,564755,275318,289437,96818,49167,47651,394558,185103,209455,319177,154659,164518,58850,30128,28722
2047,491,Williamson County,1482526,717510,765016,572802,279278,293524,99727,50698,49029,407135,190735,216400,341564,165493,176071,61298,31306,29992
2048,491,Williamson County,1532667,741436,791231,580835,283241,297594,102697,52251,50446,419995,196488,223507,365297,176928,188369,63843,32528,31315
2049,491,Williamson County,1584677,766230,818447,588854,287203,301651,105713,53843,51870,433128,202352,230776,390504,189037,201467,66478,33795,32683
2050,491,Williamson County,1638796,791968,846828,596903,291181,305722,108780,55455,53325,446555,208351,238204,417339,201872,215467,69219,35109,34110
2010,493,Wilson County,42918,21372,21546,25186,12578,12608,644,344,300,16412,8143,8269,143,41,102,533,266,267
2011,493,Wilson County,43752,21831,21921,25571,12794,12777,651,348,303,16838,8374,8464,145,42,103,547,273,274
2012,493,Wilson County,44597,22294,22303,25953,13004,12949,658,351,307,17279,8617,8662,147,43,104,560,279,281
2013,493,Wilson County,45454,22766,22688,26332,13213,13119,665,355,310,17735,8868,8867,149,44,105,573,286,287
2014,493,Wilson County,46322,23257,23065,26700,13425,13275,673,360,313,18211,9134,9077,151,45,106,587,293,294
2015,493,Wilson County,47206,23752,23454,27070,13631,13439,679,363,316,18701,9412,9289,153,46,107,603,300,303
2016,493,Wilson County,48091,24252,23839,27429,13838,13591,691,369,322,19197,9690,9507,155,47,108,619,308,311
2017,493,Wilson County,48995,24752,24243,27793,14039,13754,700,374,326,19710,9975,9735,157,48,109,635,316,319
2018,493,Wilson County,49908,25264,24644,28152,14240,13912,708,378,330,20238,10273,9965,159,49,110,651,324,327
2019,493,Wilson County,50837,25778,25059,28512,14434,14078,718,384,334,20777,10577,10200,161,50,111,669,333,336
2020,493,Wilson County,51800,26315,25485,28882,14637,14245,730,391,339,21341,10895,10446,162,51,111,685,341,344
2021,493,Wilson County,52777,26853,25924,29251,14834,14417,738,396,342,21925,11223,10702,163,52,111,700,348,352
2022,493,Wilson County,53797,27411,26386,29637,15038,14599,743,398,345,22537,11565,10972,163,53,110,717,357,360
2023,493,Wilson County,54807,27966,26841,30009,15231,14778,750,401,349,23149,11915,11234,165,54,111,734,365,369
2024,493,Wilson County,55845,28554,27291,30404,15447,14957,760,406,354,23763,12271,11492,165,55,110,753,375,378
2025,493,Wilson County,56906,29147,27759,30792,15653,15139,764,407,357,24409,12645,11764,167,56,111,774,386,388
2026,493,Wilson County,57974,29740,28234,31180,15857,15323,769,409,360,25066,13023,12043,169,57,112,790,394,396
2027,493,Wilson County,59051,30350,28701,31568,16062,15506,774,413,361,25729,13412,12317,171,58,113,809,405,404
2028,493,Wilson County,60133,30959,29174,31949,16271,15678,779,415,364,26406,13801,12605,173,59,114,826,413,413
2029,493,Wilson County,61209,31575,29634,32320,16477,15843,783,417,366,27089,14200,12889,174,59,115,843,422,421
2030,493,Wilson County,62280,32183,30097,32693,16673,16020,792,422,370,27759,14596,13163,173,60,113,863,432,431
2031,493,Wilson County,63332,32791,30541,33046,16871,16175,795,423,372,28437,14995,13442,174,61,113,880,441,439
2032,493,Wilson County,64382,33392,30990,33389,17066,16323,798,423,375,29125,15396,13729,175,62,113,895,445,450
2033,493,Wilson County,65407,34000,31407,33710,17256,16454,803,427,376,29805,15799,14006,175,63,112,914,455,459
2034,493,Wilson County,66402,34585,31817,34020,17438,16582,802,424,378,30471,16195,14276,176,64,112,933,464,469
2035,493,Wilson County,67389,35170,32219,34323,17615,16708,805,425,380,31133,16594,14539,175,64,111,953,472,481
2036,493,Wilson County,68343,35746,32597,34601,17786,16815,806,423,383,31793,16993,14800,173,64,109,970,480,490
2037,493,Wilson County,69275,36306,32969,34860,17941,16919,805,422,383,32449,17390,15059,173,65,108,988,488,500
2038,493,Wilson County,70187,36864,33323,35103,18097,17006,806,419,387,33098,17784,15314,174,66,108,1006,498,508
2039,493,Wilson County,71105,37417,33688,35344,18248,17096,807,421,386,33762,18181,15581,173,66,107,1019,501,518
2040,493,Wilson County,71999,37963,34036,35560,18390,17170,806,420,386,34428,18580,15848,172,67,105,1033,506,527
2041,493,Wilson County,72869,38499,34370,35760,18527,17233,801,417,384,35087,18975,16112,172,67,105,1049,513,536
2042,493,Wilson County,73734,39027,34707,35948,18651,17297,804,419,385,35747,19373,16374,172,67,105,1063,517,546
2043,493,Wilson County,74591,39558,35033,36125,18779,17346,803,416,387,36414,19774,16640,172,68,104,1077,521,556
2044,493,Wilson County,75438,40086,35352,36296,18899,17397,800,414,386,37081,20180,16901,174,70,104,1087,523,564
2045,493,Wilson County,76286,40623,35663,36455,19022,17433,792,407,385,37765,20593,17172,173,70,103,1101,531,570
2046,493,Wilson County,77135,41155,35980,36621,19148,17473,793,406,387,38440,20998,17442,174,71,103,1107,532,575
2047,493,Wilson County,77997,41699,36298,36777,19269,17508,794,405,389,39127,21412,17715,174,72,102,1125,541,584
2048,493,Wilson County,78844,42237,36607,36946,19400,17546,793,406,387,39797,21814,17983,175,74,101,1133,543,590
2049,493,Wilson County,79711,42786,36925,37102,19523,17579,795,409,386,40492,22230,18262,177,75,102,1145,549,596
2050,493,Wilson County,80564,43328,37236,37267,19653,17614,797,411,386,41170,22639,18531,177,76,101,1153,549,604
2010,495,Winkler County,7110,3550,3560,3024,1492,1532,129,60,69,3824,1923,1901,16,8,8,117,67,50
2011,495,Winkler County,7264,3656,3608,3014,1496,1518,131,61,70,3984,2023,1961,16,8,8,119,68,51
2012,495,Winkler County,7448,3777,3671,3022,1509,1513,133,62,71,4156,2129,2027,16,8,8,121,69,52
2013,495,Winkler County,7645,3908,3737,3029,1524,1505,135,63,72,4342,2243,2099,16,8,8,123,70,53
2014,495,Winkler County,7844,4037,3807,3035,1535,1500,137,64,73,4531,2359,2172,16,8,8,125,71,54
2015,495,Winkler County,8062,4178,3884,3054,1553,1501,139,65,74,4725,2480,2245,16,8,8,128,72,56
2016,495,Winkler County,8278,4319,3959,3063,1564,1499,141,66,75,4927,2607,2320,16,8,8,131,74,57
2017,495,Winkler County,8509,4463,4046,3079,1574,1505,143,67,76,5137,2739,2398,16,8,8,134,75,59
2018,495,Winkler County,8754,4615,4139,3100,1583,1517,144,67,77,5358,2881,2477,16,8,8,136,76,60
2019,495,Winkler County,9022,4787,4235,3134,1606,1528,146,68,78,5587,3028,2559,16,8,8,139,77,62
2020,495,Winkler County,9295,4956,4339,3167,1622,1545,148,69,79,5822,3178,2644,16,8,8,142,79,63
2021,495,Winkler County,9569,5132,4437,3196,1641,1555,150,70,80,6063,3333,2730,16,8,8,144,80,64
2022,495,Winkler County,9854,5316,4538,3224,1659,1565,152,72,80,6315,3495,2820,16,8,8,147,82,65
2023,495,Winkler County,10146,5506,4640,3249,1676,1573,154,73,81,6577,3666,2911,16,8,8,150,83,67
2024,495,Winkler County,10435,5698,4737,3269,1690,1579,156,75,81,6842,3841,3001,16,8,8,152,84,68
2025,495,Winkler County,10744,5902,4842,3289,1704,1585,157,75,82,7127,4030,3097,16,8,8,155,85,70
2026,495,Winkler County,11066,6113,4953,3313,1715,1598,159,77,82,7420,4226,3194,16,8,8,158,87,71
2027,495,Winkler County,11373,6316,5057,3322,1720,1602,162,78,84,7712,4422,3290,16,8,8,161,88,73
2028,495,Winkler County,11717,6546,5171,3341,1727,1614,165,80,85,8030,4641,3389,16,8,8,165,90,75
2029,495,Winkler County,12077,6790,5287,3368,1741,1627,168,81,87,8356,4868,3488,16,8,8,169,92,77
2030,495,Winkler County,12460,7046,5414,3402,1757,1645,171,83,88,8700,5104,3596,16,8,8,171,94,77
2031,495,Winkler County,12861,7322,5539,3439,1781,1658,173,84,89,9057,5353,3704,16,8,8,176,96,80
2032,495,Winkler County,13262,7601,5661,3477,1804,1673,175,86,89,9414,5605,3809,16,8,8,180,98,82
2033,495,Winkler County,13688,7897,5791,3515,1828,1687,177,87,90,9797,5875,3922,16,8,8,183,99,84
2034,495,Winkler County,14135,8202,5933,3561,1858,1703,179,88,91,10193,6148,4045,16,8,8,186,100,86
2035,495,Winkler County,14570,8506,6064,3600,1882,1718,181,89,92,10586,6428,4158,16,8,8,187,99,88
2036,495,Winkler County,15038,8837,6201,3646,1909,1737,184,91,93,11000,6727,4273,16,8,8,192,102,90
2037,495,Winkler County,15523,9172,6351,3703,1943,1760,185,91,94,11422,7025,4397,16,8,8,197,105,92
2038,495,Winkler County,16036,9527,6509,3756,1974,1782,188,93,95,11876,7345,4531,16,8,8,200,107,93
2039,495,Winkler County,16553,9899,6654,3821,2012,1809,191,94,97,12319,7674,4645,16,8,8,206,111,95
2040,495,Winkler County,17107,10286,6821,3894,2060,1834,193,96,97,12795,8010,4785,16,8,8,209,112,97
2041,495,Winkler County,17656,10675,6981,3960,2105,1855,196,97,99,13270,8350,4920,16,8,8,214,115,99
2042,495,Winkler County,18220,11075,7145,4034,2151,1883,197,98,99,13756,8702,5054,16,8,8,217,116,101
2043,495,Winkler County,18829,11492,7337,4119,2204,1915,200,100,100,14272,9062,5210,16,8,8,222,118,104
2044,495,Winkler County,19458,11925,7533,4205,2254,1951,201,99,102,14811,9445,5366,16,8,8,225,119,106
2045,495,Winkler County,20086,12352,7734,4290,2306,1984,204,101,103,15346,9815,5531,16,8,8,230,122,108
2046,495,Winkler County,20730,12788,7942,4376,2353,2023,207,103,104,15895,10199,5696,16,8,8,236,125,111
2047,495,Winkler County,21361,13225,8136,4456,2399,2057,208,103,105,16444,10591,5853,16,8,8,237,124,113
2048,495,Winkler County,22018,13675,8343,4542,2446,2096,208,102,106,17013,10994,6019,15,8,7,240,125,115
2049,495,Winkler County,22678,14134,8544,4620,2492,2128,209,102,107,17592,11408,6184,15,8,7,242,124,118
2050,495,Winkler County,23352,14606,8746,4703,2542,2161,209,103,106,18178,11827,6351,15,8,7,247,126,121
2010,497,Wise County,59127,29803,29324,47122,23498,23624,573,389,184,10112,5282,4830,234,100,134,1086,534,552
2011,497,Wise County,59780,30122,29658,47428,23644,23784,583,394,189,10421,5435,4986,239,103,136,1109,546,563
2012,497,Wise County,60447,30444,30003,47743,23791,23952,594,400,194,10736,5590,5146,243,106,137,1131,557,574
2013,497,Wise County,61121,30760,30361,48050,23928,24122,605,406,199,11061,5749,5312,248,108,140,1157,569,588
2014,497,Wise County,61785,31075,30710,48344,24065,24279,616,412,204,11387,5906,5481,253,111,142,1185,581,604
2015,497,Wise County,62467,31397,31070,48648,24199,24449,628,418,210,11723,6073,5650,258,114,144,1210,593,617
2016,497,Wise County,63146,31715,31431,48940,24329,24611,638,423,215,12064,6240,5824,264,118,146,1240,605,635
2017,497,Wise County,63820,32028,31792,49221,24444,24777,652,430,222,12404,6410,5994,268,120,148,1275,624,651
2018,497,Wise County,64505,32337,32168,49505,24563,24942,663,436,227,12752,6577,6175,272,121,151,1313,640,673
2019,497,Wise County,65160,32635,32525,49769,24670,25099,672,441,231,13093,6743,6350,276,123,153,1350,658,692
2020,497,Wise County,65806,32927,32879,50023,24776,25247,681,446,235,13438,6906,6532,281,125,156,1383,674,709
2021,497,Wise County,66498,33247,33251,50307,24896,25411,698,457,241,13791,7077,6714,286,128,158,1416,689,727
2022,497,Wise County,67160,33556,33604,50556,24999,25557,710,464,246,14157,7259,6898,288,130,158,1449,704,745
2023,497,Wise County,67824,33865,33959,50813,25107,25706,722,469,253,14513,7435,7078,293,133,160,1483,721,762
2024,497,Wise County,68478,34160,34318,51040,25196,25844,731,473,258,14889,7618,7271,300,137,163,1518,736,782
2025,497,Wise County,69097,34452,34645,51249,25284,25965,742,478,264,15248,7791,7457,303,139,164,1555,760,795
2026,497,Wise County,69713,34734,34979,51451,25364,26087,753,484,269,15618,7970,7648,308,142,166,1583,774,809
2027,497,Wise County,70282,34997,35285,51614,25423,26191,765,490,275,15976,8150,7826,313,145,168,1614,789,825
2028,497,Wise County,70836,35255,35581,51765,25487,26278,776,495,281,16338,8324,8014,318,147,171,1639,802,837
2029,497,Wise County,71379,35505,35874,51896,25537,26359,788,502,286,16705,8501,8204,321,149,172,1669,816,853
2030,497,Wise County,71903,35743,36160,52005,25580,26425,798,507,291,17078,8675,8403,324,151,173,1698,830,868
2031,497,Wise County,72405,35991,36414,52091,25620,26471,809,513,296,17448,8858,8590,329,154,175,1728,846,882
2032,497,Wise County,72862,36193,36669,52154,25639,26515,820,518,302,17807,9025,8782,333,157,176,1748,854,894
2033,497,Wise County,73301,36406,36895,52184,25651,26533,833,526,307,18174,9205,8969,338,160,178,1772,864,908
2034,497,Wise County,73691,36587,37104,52164,25638,26526,845,532,313,18543,9377,9166,343,163,180,1796,877,919
2035,497,Wise County,74044,36744,37300,52121,25611,26510,856,539,317,18907,9547,9360,343,164,179,1817,883,934
2036,497,Wise County,74368,36897,37471,52062,25580,26482,867,545,322,19258,9717,9541,344,165,179,1837,890,947
2037,497,Wise County,74674,37041,37633,51976,25539,26437,877,549,328,19617,9888,9729,344,165,179,1860,900,960
2038,497,Wise County,74939,37162,37777,51862,25483,26379,887,554,333,19968,10049,9919,347,168,179,1875,908,967
2039,497,Wise County,75188,37276,37912,51730,25421,26309,899,560,339,20324,10216,10108,346,167,179,1889,912,977
2040,497,Wise County,75424,37382,38042,51577,25348,26229,911,565,346,20673,10377,10296,346,168,178,1917,924,993
2041,497,Wise County,75606,37467,38139,51401,25268,26133,919,567,352,21008,10532,10476,346,171,175,1932,929,1003
2042,497,Wise County,75810,37555,38255,51227,25188,26039,928,571,357,21355,10687,10668,348,173,175,1952,936,1016
2043,497,Wise County,75978,37628,38350,51040,25104,25936,938,576,362,21682,10834,10848,346,172,174,1972,942,1030
2044,497,Wise County,76160,37715,38445,50848,25024,25824,949,583,366,22018,10983,11035,345,171,174,2000,954,1046
2045,497,Wise County,76322,37774,38548,50644,24926,25718,955,585,370,22353,11129,11224,348,173,175,2022,961,1061
2046,497,Wise County,76472,37842,38630,50441,24836,25605,960,587,373,22677,11278,11399,350,173,177,2044,968,1076
2047,497,Wise County,76595,37892,38703,50223,24737,25486,966,587,379,22985,11416,11569,350,173,177,2071,979,1092
2048,497,Wise County,76721,37942,38779,50002,24639,25363,971,589,382,23299,11553,11746,354,176,178,2095,985,1110
2049,497,Wise County,76836,37999,38837,49778,24540,25238,987,599,388,23595,11689,11906,355,176,179,2121,995,1126
2050,497,Wise County,76958,38048,38910,49563,24443,25120,996,605,391,23901,11822,12079,358,178,180,2140,1000,1140
2010,499,Wood County,41964,20622,21342,35628,17341,18287,1951,975,976,3551,1906,1645,156,65,91,678,335,343
2011,499,Wood County,42299,20831,21468,35783,17448,18335,1977,1000,977,3685,1973,1712,159,66,93,695,344,351
2012,499,Wood County,42643,21046,21597,35931,17549,18382,2005,1026,979,3833,2051,1782,162,68,94,712,352,360
2013,499,Wood County,42984,21261,21723,36063,17647,18416,2033,1050,983,3996,2136,1860,165,69,96,727,359,368
2014,499,Wood County,43328,21474,21854,36196,17741,18455,2065,1075,990,4155,2219,1936,168,71,97,744,368,376
2015,499,Wood County,43677,21693,21984,36318,17830,18488,2101,1103,998,4327,2311,2016,171,72,99,760,377,383
2016,499,Wood County,44009,21897,22112,36424,17904,18520,2136,1133,1003,4501,2403,2098,174,74,100,774,383,391
2017,499,Wood County,44331,22092,22239,36526,17979,18547,2159,1151,1008,4678,2497,2181,177,75,102,791,390,401
2018,499,Wood County,44666,22295,22371,36630,18054,18576,2189,1176,1013,4858,2590,2268,181,78,103,808,397,411
2019,499,Wood County,44993,22497,22496,36713,18120,18593,2222,1202,1020,5042,2686,2356,185,80,105,831,409,422
2020,499,Wood County,45292,22686,22606,36787,18182,18605,2245,1225,1020,5227,2783,2444,187,81,106,846,415,431
2021,499,Wood County,45611,22891,22720,36852,18245,18607,2279,1252,1027,5425,2886,2539,189,81,108,866,427,439
2022,499,Wood County,45896,23069,22827,36902,18295,18607,2298,1267,1031,5622,2988,2634,191,83,108,883,436,447
2023,499,Wood County,46165,23241,22924,36922,18331,18591,2323,1289,1034,5827,3093,2734,194,84,110,899,444,455
2024,499,Wood County,46424,23401,23023,36933,18364,18569,2348,1304,1044,6028,3194,2834,196,86,110,919,453,466
2025,499,Wood County,46664,23558,23106,36923,18391,18532,2371,1321,1050,6233,3296,2937,199,87,112,938,463,475
2026,499,Wood County,46866,23699,23167,36883,18398,18485,2393,1339,1054,6436,3403,3033,202,89,113,952,470,482
2027,499,Wood County,47102,23848,23254,36847,18407,18440,2432,1360,1072,6648,3512,3136,204,90,114,971,479,492
2028,499,Wood County,47297,23985,23312,36776,18401,18375,2468,1384,1084,6858,3622,3236,209,93,116,986,485,501
2029,499,Wood County,47481,24119,23362,36692,18388,18304,2512,1411,1101,7065,3733,3332,211,94,117,1001,493,508
2030,499,Wood County,47638,24243,23395,36589,18370,18219,2550,1439,1111,7273,3840,3433,214,96,118,1012,498,514
2031,499,Wood County,47791,24370,23421,36471,18344,18127,2592,1476,1116,7485,3949,3536,216,97,119,1027,504,523
2032,499,Wood County,47930,24500,23430,36335,18310,18025,2633,1516,1117,7700,4062,3638,220,100,120,1042,512,530
2033,499,Wood County,48063,24618,23445,36184,18269,17915,2669,1549,1120,7930,4181,3749,221,99,122,1059,520,539
2034,499,Wood County,48217,24750,23467,36034,18230,17804,2715,1587,1128,8169,4305,3864,226,102,124,1073,526,547
2035,499,Wood County,48358,24879,23479,35874,18190,17684,2759,1625,1134,8414,4430,3984,227,102,125,1084,532,552
2036,499,Wood County,48512,25010,23502,35708,18139,17569,2809,1664,1145,8663,4563,4100,230,105,125,1102,539,563
2037,499,Wood County,48654,25132,23522,35535,18094,17441,2856,1698,1158,8917,4691,4226,231,105,126,1115,544,571
2038,499,Wood County,48823,25278,23545,35363,18048,17315,2912,1742,1170,9188,4833,4355,230,105,125,1130,550,580
2039,499,Wood County,49021,25448,23573,35204,18011,17193,2973,1792,1181,9464,4980,4484,233,107,126,1147,558,589
2040,499,Wood County,49204,25625,23579,35031,17975,17056,3038,1846,1192,9742,5131,4611,232,107,125,1161,566,595
2041,499,Wood County,49439,25807,23632,34881,17941,16940,3099,1898,1201,10046,5286,4760,236,109,127,1177,573,604
2042,499,Wood County,49663,25990,23673,34740,17909,16831,3164,1952,1212,10331,5438,4893,237,111,126,1191,580,611
2043,499,Wood County,49932,26190,23742,34604,17883,16721,3238,2012,1226,10649,5602,5047,239,111,128,1202,582,620
2044,499,Wood County,50174,26379,23795,34456,17855,16601,3314,2071,1243,10950,5755,5195,237,110,127,1217,588,629
2045,499,Wood County,50423,26567,23856,34327,17825,16502,3386,2132,1254,11248,5911,5337,238,110,128,1224,589,635
2046,499,Wood County,50712,26781,23931,34213,17807,16406,3469,2200,1269,11554,6071,5483,238,110,128,1238,593,645
2047,499,Wood County,51009,27013,23996,34094,17795,16299,3546,2262,1284,11872,6244,5628,239,110,129,1258,602,656
2048,499,Wood County,51293,27230,24063,33967,17771,16196,3617,2324,1293,12197,6416,5781,240,112,128,1272,607,665
2049,499,Wood County,51619,27461,24158,33860,17750,16110,3699,2390,1309,12528,6593,5935,242,113,129,1290,615,675
2050,499,Wood County,51939,27687,24252,33763,17740,16023,3779,2456,1323,12849,6758,6091,243,113,130,1305,620,685
2010,501,Yoakum County,7879,3899,3980,3090,1504,1586,55,24,31,4622,2318,2304,26,12,14,86,41,45
2011,501,Yoakum County,7969,3940,4029,3038,1474,1564,57,25,32,4760,2387,2373,26,12,14,88,42,46
2012,501,Yoakum County,8077,3992,4085,2993,1449,1544,59,26,33,4909,2462,2447,26,12,14,90,43,47
2013,501,Yoakum County,8188,4044,4144,2948,1423,1525,61,27,34,5061,2538,2523,26,12,14,92,44,48
2014,501,Yoakum County,8318,4112,4206,2916,1407,1509,63,28,35,5219,2620,2599,26,12,14,94,45,49
2015,501,Yoakum County,8449,4182,4267,2882,1392,1490,65,29,36,5380,2703,2677,26,12,14,96,46,50
2016,501,Yoakum County,8599,4262,4337,2857,1381,1476,67,30,37,5552,2793,2759,26,12,14,97,46,51
2017,501,Yoakum County,8752,4342,4410,2834,1371,1463,69,31,38,5724,2881,2843,26,12,14,99,47,52
2018,501,Yoakum County,8899,4415,4484,2810,1357,1453,71,32,39,5890,2965,2925,26,12,14,102,49,53
2019,501,Yoakum County,9060,4493,4567,2797,1351,1446,73,33,40,6059,3047,3012,26,12,14,105,50,55
2020,501,Yoakum County,9225,4581,4644,2776,1341,1435,75,34,41,6240,3142,3098,26,12,14,108,52,56
2021,501,Yoakum County,9404,4665,4739,2776,1339,1437,76,34,42,6414,3227,3187,27,12,15,111,53,58
2022,501,Yoakum County,9579,4758,4821,2768,1335,1433,77,35,42,6592,3320,3272,28,13,15,114,55,59
2023,501,Yoakum County,9763,4850,4913,2765,1336,1429,78,35,43,6774,3410,3364,29,13,16,117,56,61
2024,501,Yoakum County,9944,4947,4997,2754,1333,1421,79,36,43,6961,3506,3455,30,14,16,120,58,62
2025,501,Yoakum County,10134,5044,5090,2755,1334,1421,81,37,44,7145,3600,3545,31,14,17,122,59,63
2026,501,Yoakum County,10315,5142,5173,2753,1335,1418,83,38,45,7322,3693,3629,32,15,17,125,61,64
2027,501,Yoakum County,10505,5240,5265,2755,1334,1421,85,39,46,7504,3789,3715,33,15,18,128,63,65
2028,501,Yoakum County,10696,5340,5356,2752,1333,1419,87,40,47,7691,3886,3805,34,16,18,132,65,67
2029,501,Yoakum County,10895,5443,5452,2757,1333,1424,89,41,48,7880,3988,3892,34,15,19,135,66,69
2030,501,Yoakum County,11102,5552,5550,2760,1331,1429,91,42,49,8077,4095,3982,35,16,19,139,68,71
2031,501,Yoakum County,11310,5652,5658,2763,1326,1437,93,43,50,8274,4197,4077,36,16,20,144,70,74
2032,501,Yoakum County,11499,5750,5749,2753,1317,1436,95,44,51,8467,4301,4166,37,17,20,147,71,76
2033,501,Yoakum County,11698,5846,5852,2744,1308,1436,97,45,52,8669,4404,4265,38,17,21,150,72,78
2034,501,Yoakum County,11892,5940,5952,2739,1301,1438,99,46,53,8862,4501,4361,39,18,21,153,74,79
2035,501,Yoakum County,12107,6042,6065,2728,1288,1440,100,47,53,9083,4613,4470,40,18,22,156,76,80
2036,501,Yoakum County,12314,6136,6178,2719,1275,1444,102,48,54,9291,4715,4576,41,19,22,161,79,82
2037,501,Yoakum County,12526,6235,6291,2705,1261,1444,104,49,55,9511,4825,4686,42,19,23,164,81,83
2038,501,Yoakum County,12737,6334,6403,2701,1253,1448,106,50,56,9721,4929,4792,43,20,23,166,82,84
2039,501,Yoakum County,12967,6439,6528,2699,1244,1455,109,51,58,9945,5040,4905,44,20,24,170,84,86
2040,501,Yoakum County,13169,6539,6630,2690,1234,1456,112,53,59,10149,5145,5004,45,21,24,173,86,87
2041,501,Yoakum County,13387,6653,6734,2677,1230,1447,113,52,61,10376,5263,5113,46,21,25,175,87,88
2042,501,Yoakum County,13581,6757,6824,2675,1228,1447,116,54,62,10565,5365,5200,46,21,25,179,89,90
2043,501,Yoakum County,13805,6877,6928,2674,1228,1446,119,55,64,10785,5484,5301,47,21,26,180,89,91
2044,501,Yoakum County,14020,6996,7024,2670,1224,1446,122,57,65,10998,5603,5395,48,22,26,182,90,92
2045,501,Yoakum County,14235,7112,7123,2667,1223,1444,124,57,67,11209,5717,5492,48,22,26,187,93,94
2046,501,Yoakum County,14468,7239,7229,2674,1225,1449,127,59,68,11427,5836,5591,49,23,26,191,96,95
2047,501,Yoakum County,14697,7359,7338,2677,1223,1454,127,59,68,11648,5956,5692,50,23,27,195,98,97
2048,501,Yoakum County,14937,7489,7448,2687,1231,1456,129,61,68,11870,6072,5798,51,24,27,200,101,99
2049,501,Yoakum County,15166,7614,7552,2690,1233,1457,132,62,70,12090,6193,5897,52,24,28,202,102,100
2050,501,Yoakum County,15398,7736,7662,2689,1231,1458,134,63,71,12318,6314,6004,53,25,28,204,103,101
2010,503,Young County,18550,9148,9402,14959,7225,7734,220,123,97,3045,1655,1390,55,21,34,271,124,147
2011,503,Young County,18550,9147,9403,14877,7188,7689,224,125,99,3114,1685,1429,56,21,35,279,128,151
2012,503,Young County,18533,9136,9397,14776,7140,7636,228,127,101,3185,1715,1470,57,22,35,287,132,155
2013,503,Young County,18555,9148,9407,14705,7109,7596,232,129,103,3264,1751,1513,58,22,36,296,137,159
2014,503,Young County,18561,9149,9412,14625,7073,7552,236,131,105,3335,1779,1556,59,23,36,306,143,163
2015,503,Young County,18571,9148,9423,14547,7037,7510,240,133,107,3407,1805,1602,61,24,37,316,149,167
2016,503,Young County,18603,9159,9444,14487,7009,7478,244,135,109,3484,1838,1646,63,25,38,325,152,173
2017,503,Young County,18640,9179,9461,14430,6991,7439,248,137,111,3561,1867,1694,65,26,39,336,158,178
2018,503,Young County,18667,9189,9478,14359,6957,7402,252,139,113,3639,1901,1738,67,27,40,350,165,185
2019,503,Young County,18695,9198,9497,14295,6929,7366,255,140,115,3714,1930,1784,69,28,41,362,171,191
2020,503,Young County,18712,9207,9505,14228,6903,7325,257,141,116,3782,1957,1825,71,29,42,374,177,197
2021,503,Young County,18730,9214,9516,14163,6872,7291,259,142,117,3850,1987,1863,73,30,43,385,183,202
2022,503,Young County,18760,9225,9535,14105,6843,7262,262,144,118,3920,2016,1904,75,31,44,398,191,207
2023,503,Young County,18779,9233,9546,14039,6817,7222,265,146,119,3988,2041,1947,77,32,45,410,197,213
2024,503,Young County,18814,9245,9569,13990,6794,7196,269,148,121,4057,2069,1988,79,33,46,419,201,218
2025,503,Young County,18834,9251,9583,13929,6768,7161,271,149,122,4121,2091,2030,81,34,47,432,209,223
2026,503,Young County,18829,9247,9582,13855,6737,7118,274,151,123,4175,2110,2065,83,35,48,442,214,228
2027,503,Young County,18836,9238,9598,13786,6697,7089,278,153,125,4238,2135,2103,84,35,49,450,218,232
2028,503,Young County,18810,9217,9593,13699,6655,7044,278,151,127,4287,2151,2136,85,36,49,461,224,237
2029,503,Young County,18778,9200,9578,13598,6611,6987,280,151,129,4346,2173,2173,86,36,50,468,229,239
2030,503,Young County,18749,9179,9570,13497,6562,6935,281,151,130,4407,2195,2212,86,37,49,478,234,244
2031,503,Young County,18708,9146,9562,13383,6503,6880,284,153,131,4469,2215,2254,87,37,50,485,238,247
2032,503,Young County,18654,9109,9545,13263,6444,6819,287,155,132,4525,2230,2295,88,38,50,491,242,249
2033,503,Young County,18590,9062,9528,13135,6376,6759,288,155,133,4579,2248,2331,89,38,51,499,245,254
2034,503,Young County,18518,9018,9500,12999,6305,6694,291,157,134,4635,2270,2365,90,39,51,503,247,256
2035,503,Young County,18467,8982,9485,12866,6237,6629,294,159,135,4706,2295,2411,91,39,52,510,252,258
2036,503,Young County,18400,8937,9463,12736,6169,6567,298,162,136,4759,2312,2447,92,40,52,515,254,261
2037,503,Young County,18333,8897,9436,12603,6105,6498,302,165,137,4811,2327,2484,93,40,53,524,260,264
2038,503,Young County,18238,8844,9394,12455,6029,6426,303,166,137,4857,2347,2510,93,40,53,530,262,268
2039,503,Young County,18174,8808,9366,12325,5966,6359,306,169,137,4911,2368,2543,94,40,54,538,265,273
2040,503,Young County,18103,8763,9340,12196,5897,6299,309,171,138,4957,2384,2573,94,41,53,547,270,277
2041,503,Young County,18036,8718,9318,12075,5834,6241,311,173,138,5003,2400,2603,95,41,54,552,270,282
2042,503,Young County,17964,8669,9295,11954,5768,6186,314,175,139,5037,2410,2627,96,42,54,563,274,289
2043,503,Young County,17901,8625,9276,11831,5701,6130,317,177,140,5087,2429,2658,97,42,55,569,276,293
2044,503,Young County,17835,8588,9247,11706,5639,6067,318,179,139,5135,2448,2687,96,42,54,580,280,300
2045,503,Young County,17781,8545,9236,11597,5580,6017,319,179,140,5178,2457,2721,96,42,54,591,287,304
2046,503,Young County,17717,8505,9212,11482,5519,5963,322,180,142,5215,2472,2743,97,43,54,601,291,310
2047,503,Young County,17679,8483,9196,11386,5470,5916,323,181,142,5261,2492,2769,99,44,55,610,296,314
2048,503,Young County,17629,8444,9185,11279,5413,5866,327,184,143,5307,2505,2802,100,45,55,616,297,319
2049,503,Young County,17572,8404,9168,11179,5362,5817,329,185,144,5341,2515,2826,100,44,56,623,298,325
2050,503,Young County,17516,8375,9141,11077,5312,5765,328,184,144,5379,2533,2846,99,43,56,633,303,330
2010,505,Zapata County,14018,7044,6974,861,459,402,11,7,4,13084,6553,6531,28,11,17,34,14,20
2011,505,Zapata County,14070,7051,7019,852,452,400,12,7,5,13144,6567,6577,27,11,16,35,14,21
2012,505,Zapata County,14124,7067,7057,844,447,397,13,8,5,13204,6586,6618,27,11,16,36,15,21
2013,505,Zapata County,14183,7079,7104,838,442,396,14,8,6,13267,6603,6664,27,11,16,37,15,22
2014,505,Zapata County,14240,7093,7147,834,440,394,15,9,6,13326,6617,6709,27,11,16,38,16,22
2015,505,Zapata County,14282,7095,7187,828,436,392,16,9,7,13372,6623,6749,27,11,16,39,16,23
2016,505,Zapata County,14327,7101,7226,821,431,390,17,10,7,13423,6632,6791,26,11,15,40,17,23
2017,505,Zapata County,14353,7098,7255,817,430,387,18,10,8,13451,6630,6821,26,11,15,41,17,24
2018,505,Zapata County,14377,7093,7284,810,426,384,19,11,8,13480,6627,6853,26,11,15,42,18,24
2019,505,Zapata County,14403,7090,7313,805,422,383,20,11,9,13509,6628,6881,26,11,15,43,18,25
2020,505,Zapata County,14409,7077,7332,797,418,379,21,12,9,13521,6617,6904,26,11,15,44,19,25
2021,505,Zapata County,14418,7062,7356,792,416,376,22,12,10,13533,6604,6929,26,11,15,45,19,26
2022,505,Zapata County,14430,7048,7382,784,411,373,23,13,10,13550,6592,6958,27,12,15,46,20,26
2023,505,Zapata County,14428,7028,7400,780,411,369,24,13,11,13549,6571,6978,28,13,15,47,20,27
2024,505,Zapata County,14424,7012,7412,774,409,365,25,14,11,13549,6555,6994,29,14,15,47,20,27
2025,505,Zapata County,14417,6990,7427,767,406,361,26,14,12,13546,6534,7012,31,16,15,47,20,27
2026,505,Zapata County,14403,6969,7434,760,402,358,27,15,12,13535,6513,7022,33,18,15,48,21,27
2027,505,Zapata County,14367,6939,7428,753,400,353,28,15,13,13504,6485,7019,33,18,15,49,21,28
2028,505,Zapata County,14333,6911,7422,748,397,351,29,16,13,13473,6458,7015,33,18,15,50,22,28
2029,505,Zapata County,14298,6875,7423,741,396,345,30,16,14,13444,6423,7021,33,18,15,50,22,28
2030,505,Zapata County,14257,6841,7416,738,395,343,31,17,14,13403,6388,7015,33,18,15,52,23,29
2031,505,Zapata County,14220,6809,7411,732,393,339,32,17,15,13370,6358,7012,33,18,15,53,23,30
2032,505,Zapata County,14174,6769,7405,730,391,339,33,18,15,13327,6321,7006,30,15,15,54,24,30
2033,505,Zapata County,14121,6735,7386,724,389,335,34,18,16,13280,6291,6989,28,13,15,55,24,31
2034,505,Zapata County,14068,6701,7367,721,389,332,35,19,16,13229,6256,6973,27,12,15,56,25,31
2035,505,Zapata County,14014,6666,7348,719,387,332,36,19,17,13177,6224,6953,26,11,15,56,25,31
2036,505,Zapata County,13954,6634,7320,717,387,330,37,20,17,13119,6191,6928,24,10,14,57,26,31
2037,505,Zapata County,13895,6600,7295,712,385,327,38,20,18,13063,6159,6904,24,10,14,58,26,32
2038,505,Zapata County,13830,6566,7264,709,385,324,39,21,18,12999,6123,6876,24,10,14,59,27,32
2039,505,Zapata County,13763,6526,7237,704,383,321,40,21,19,12936,6085,6851,23,10,13,60,27,33
2040,505,Zapata County,13690,6493,7197,702,382,320,41,22,19,12863,6051,6812,23,10,13,61,28,33
2041,505,Zapata County,13617,6449,7168,700,381,319,42,22,20,12792,6009,6783,23,10,13,60,27,33
2042,505,Zapata County,13531,6401,7130,698,380,318,43,23,20,12709,5961,6748,21,9,12,60,28,32
2043,505,Zapata County,13453,6362,7091,695,379,316,43,22,21,12635,5925,6710,21,9,12,59,27,32
2044,505,Zapata County,13374,6323,7051,694,378,316,44,23,21,12557,5886,6671,21,9,12,58,27,31
2045,505,Zapata County,13298,6281,7017,694,377,317,45,23,22,12478,5845,6633,21,9,12,60,27,33
2046,505,Zapata County,13205,6230,6975,693,376,317,46,24,22,12385,5793,6592,21,9,12,60,28,32
2047,505,Zapata County,13117,6190,6927,693,376,317,47,24,23,12295,5753,6542,22,10,12,60,27,33
2048,505,Zapata County,13023,6144,6879,692,376,316,48,25,23,12201,5705,6496,22,10,12,60,28,32
2049,505,Zapata County,12917,6085,6832,687,373,314,48,24,24,12100,5650,6450,23,11,12,59,27,32
2050,505,Zapata County,12816,6038,6778,685,371,314,49,25,24,11999,5602,6397,25,13,12,58,27,31
2010,507,Zavala County,11677,5760,5917,647,321,326,35,19,16,10961,5405,5556,3,0,3,31,15,16
2011,507,Zavala County,11768,5830,5938,654,326,328,36,19,17,11043,5470,5573,3,0,3,32,15,17
2012,507,Zavala County,11864,5903,5961,661,330,331,37,20,17,11130,5537,5593,3,0,3,33,16,17
2013,507,Zavala County,11960,5969,5991,666,333,333,38,20,18,11219,5600,5619,3,0,3,34,16,18
2014,507,Zavala County,12065,6041,6024,674,338,336,39,21,18,11314,5665,5649,3,0,3,35,17,18
2015,507,Zavala County,12180,6119,6061,681,341,340,40,21,19,11420,5740,5680,3,0,3,36,17,19
2016,507,Zavala County,12275,6187,6088,684,343,341,42,22,20,11510,5805,5705,3,0,3,36,17,19
2017,507,Zavala County,12368,6253,6115,686,342,344,44,23,21,11598,5871,5727,3,0,3,37,17,20
2018,507,Zavala County,12472,6327,6145,692,347,345,46,24,22,11693,5938,5755,3,0,3,38,18,20
2019,507,Zavala County,12572,6394,6178,696,348,348,48,25,23,11786,6003,5783,3,0,3,39,18,21
2020,507,Zavala County,12682,6469,6213,701,351,350,50,26,24,11887,6073,5814,3,0,3,41,19,22
2021,507,Zavala County,12780,6538,6242,702,353,349,52,27,25,11981,6138,5843,3,0,3,42,20,22
2022,507,Zavala County,12879,6612,6267,706,356,350,54,28,26,12072,6207,5865,3,0,3,44,21,23
2023,507,Zavala County,12978,6689,6289,713,361,352,56,29,27,12160,6277,5883,3,0,3,46,22,24
2024,507,Zavala County,13068,6757,6311,718,366,352,58,30,28,12241,6338,5903,3,0,3,48,23,25
2025,507,Zavala County,13165,6834,6331,723,369,354,60,31,29,12330,6410,5920,3,0,3,49,24,25
2026,507,Zavala County,13251,6902,6349,724,371,353,62,32,30,12412,6475,5937,3,0,3,50,24,26
2027,507,Zavala County,13336,6974,6362,727,371,356,64,33,31,12490,6545,5945,3,0,3,52,25,27
2028,507,Zavala County,13418,7036,6382,733,376,357,66,34,32,12562,6600,5962,3,0,3,54,26,28
2029,507,Zavala County,13485,7096,6389,736,376,360,67,34,33,12623,6659,5964,3,0,3,56,27,29
2030,507,Zavala County,13549,7148,6401,741,378,363,68,34,34,12679,6708,5971,3,0,3,58,28,30
2031,507,Zavala County,13622,7212,6410,746,380,366,70,35,35,12742,6768,5974,3,0,3,61,29,32
2032,507,Zavala County,13691,7271,6420,754,383,371,71,35,36,12800,6823,5977,3,0,3,63,30,33
2033,507,Zavala County,13747,7317,6430,757,384,373,73,36,37,12849,6866,5983,3,0,3,65,31,34
2034,507,Zavala County,13789,7363,6426,759,384,375,75,37,38,12886,6911,5975,3,0,3,66,31,35
2035,507,Zavala County,13835,7410,6425,763,384,379,78,39,39,12923,6955,5968,3,0,3,68,32,36
2036,507,Zavala County,13882,7458,6424,766,386,380,80,40,40,12963,6999,5964,3,0,3,70,33,37
2037,507,Zavala County,13926,7506,6420,767,386,381,82,41,41,13002,7045,5957,3,0,3,72,34,38
2038,507,Zavala County,13964,7550,6414,764,384,380,84,42,42,13038,7088,5950,3,0,3,75,36,39
2039,507,Zavala County,13998,7591,6407,761,384,377,86,43,43,13073,7128,5945,3,0,3,75,36,39
2040,507,Zavala County,14037,7635,6402,760,383,377,88,44,44,13109,7171,5938,3,0,3,77,37,40
2041,507,Zavala County,14079,7682,6397,759,383,376,90,45,45,13149,7217,5932,3,0,3,78,37,41
2042,507,Zavala County,14105,7722,6383,759,383,376,92,46,46,13171,7255,5916,3,0,3,80,38,42
2043,507,Zavala County,14146,7765,6381,759,384,375,94,47,47,13208,7295,5913,3,0,3,82,39,43
2044,507,Zavala County,14170,7808,6362,754,380,374,96,48,48,13233,7340,5893,3,0,3,84,40,44
2045,507,Zavala County,14198,7842,6356,756,381,375,98,49,49,13255,7371,5884,3,0,3,86,41,45
2046,507,Zavala County,14222,7875,6347,753,378,375,100,50,50,13278,7405,5873,3,0,3,88,42,46
2047,507,Zavala County,14233,7902,6331,751,375,376,102,51,51,13289,7435,5854,3,0,3,88,41,47
2048,507,Zavala County,14244,7927,6317,750,375,375,104,52,52,13297,7458,5839,3,0,3,90,42,48
2049,507,Zavala County,14259,7954,6305,752,375,377,105,52,53,13308,7485,5823,3,0,3,91,42,49
2050,507,Zavala County,14261,7980,6281,750,376,374,107,53,54,13309,7509,5800,3,0,3,92,42,50
